Date,Open,High,Low,Close,Volume,Adj Close
2016-10-21,66.879997,66.879997,64.790001,65.489998,1272900,65.489998
2016-10-20,66.449997,67.110001,65.949997,67.00,779900,67.00
2016-10-19,65.709999,66.910004,64.779999,66.459999,1125800,66.459999
2016-10-18,64.50,65.940002,64.419998,65.68,486700,65.68
2016-10-17,64.580002,64.669998,63.43,63.950001,511400,63.950001
2016-10-14,66.00,66.129997,64.730003,64.889999,522400,64.889999
2016-10-13,63.07,65.75,63.07,65.720001,1317100,65.720001
2016-10-12,66.209999,66.470001,63.450001,63.48,1104200,63.48
2016-10-11,67.019997,67.279999,65.809998,65.919998,687400,65.919998
2016-10-10,66.459999,67.559998,66.309998,67.379997,622000,67.379997
2016-10-07,66.849998,67.07,65.010002,66.029999,994400,66.029999
2016-10-06,67.029999,67.169998,65.480003,66.510002,580500,66.510002
2016-10-05,66.169998,67.669998,65.669998,66.970001,901600,66.970001
2016-10-04,66.290001,66.879997,65.290001,65.790001,888500,65.790001
2016-10-03,66.650002,67.120003,65.589996,66.260002,641800,66.260002
2016-09-30,66.370003,67.459999,65.00,67.050003,714300,67.050003
2016-09-29,66.400002,67.120003,65.330002,66.029999,761800,66.029999
2016-09-28,65.489998,66.68,64.849998,66.580002,644600,66.580002
2016-09-27,64.709999,65.519997,64.279999,65.410004,614200,65.410004
2016-09-26,65.18,66.190002,63.18,64.510002,1059000,64.510002
2016-09-23,65.139999,66.300003,64.349998,64.779999,1051400,64.779999
2016-09-22,63.73,66.239998,63.73,65.540001,1539000,65.540001
2016-09-21,62.689999,64.080002,62.689999,63.869999,1268900,63.869999
2016-09-20,65.029999,65.260002,62.470001,62.849998,2041700,62.849998
2016-09-19,65.559998,67.290001,64.800003,65.040001,813100,65.040001
2016-09-16,64.699997,65.830002,64.699997,65.459999,991600,65.459999
2016-09-15,65.150002,65.75,64.360001,65.110001,1163600,65.110001
2016-09-14,67.43,67.519997,64.849998,65.529999,1528400,65.529999
2016-09-13,68.540001,68.849998,67.029999,67.220001,1174100,67.220001
2016-09-12,67.610001,69.599998,67.32,69.410004,772100,69.410004
2016-09-09,68.690002,69.139999,67.699997,68.00,848400,68.00
2016-09-08,67.730003,69.529999,67.110001,69.370003,1217900,69.370003
2016-09-07,66.559998,67.900002,65.620003,67.550003,1286300,67.550003
2016-09-06,67.169998,67.970001,65.589996,66.309998,813200,66.309998
2016-09-02,65.349998,67.459999,65.349998,67.290001,1954900,67.290001
2016-09-01,65.150002,65.559998,64.50,65.400002,2130500,65.400002
2016-08-31,64.970001,65.209999,64.260002,64.919998,580900,64.919998
2016-08-30,65.110001,65.57,64.459999,64.800003,780200,64.800003
2016-08-29,63.900002,65.669998,63.810001,65.110001,1281100,65.110001
2016-08-26,63.049999,63.759998,62.799999,63.599998,1166300,63.599998
2016-08-25,62.740002,63.630001,62.68,63.029999,1425100,63.029999
2016-08-24,64.00,64.68,62.91,63.049999,828100,63.049999
2016-08-23,64.169998,64.620003,63.759998,64.169998,870700,64.169998
2016-08-22,64.629997,65.260002,63.59,63.939999,1233800,63.939999
2016-08-19,64.989998,65.459999,63.849998,64.629997,1232700,64.629997
2016-08-18,62.470001,65.730003,62.470001,65.550003,1799800,65.550003
2016-08-17,64.330002,64.50,61.200001,62.599998,2196500,62.599998
2016-08-16,66.160004,66.230003,64.239998,64.25,911400,64.25
2016-08-15,66.760002,67.190002,66.129997,66.220001,1055400,66.220001
2016-08-12,66.510002,67.209999,65.889999,66.800003,1117400,66.800003
2016-08-11,66.769997,67.239998,66.110001,66.440002,1317500,66.440002
2016-08-10,66.93,67.00,65.800003,66.82,1210200,66.82
2016-08-09,68.349998,68.510002,66.980003,67.010002,861800,67.010002
2016-08-08,70.75,71.360001,68.120003,68.32,1526500,68.32
2016-08-05,70.620003,71.370003,70.160004,70.910004,1279400,70.910004
2016-08-04,72.25,72.779999,69.699997,70.209999,2295000,70.209999
2016-08-03,71.400002,72.559998,68.699997,72.309998,2991700,72.309998
2016-08-02,72.00,73.389999,70.519997,72.040001,1531900,72.040001
2016-08-01,75.370003,75.669998,72.080002,72.230003,1061900,72.230003
2016-07-29,73.949997,75.150002,73.400002,75.010002,1049000,75.010002
2016-07-28,75.699997,75.699997,74.010002,74.279999,1063200,74.279999
2016-07-27,77.690002,77.690002,75.68,75.839996,825700,75.839996
2016-07-26,77.279999,77.489998,76.290001,77.25,868700,77.25
2016-07-25,79.160004,79.260002,76.790001,77.099998,950600,77.099998
2016-07-22,78.93,80.010002,78.010002,79.290001,518200,79.290001
2016-07-21,78.910004,79.889999,78.040001,78.550003,669900,78.550003
2016-07-20,79.050003,79.529999,78.32,79.239998,716800,79.239998
2016-07-19,78.940002,79.290001,77.650002,78.699997,575700,78.699997
2016-07-18,79.059998,79.32,78.559998,78.940002,429600,78.940002
2016-07-15,79.010002,79.230003,78.080002,78.769997,555900,78.769997
2016-07-14,81.339996,81.339996,78.93,78.959999,599700,78.959999
2016-07-13,80.32,80.800003,79.849998,80.540001,580600,80.540001
2016-07-12,80.160004,80.610001,79.970001,80.260002,946200,80.260002
2016-07-11,78.830002,80.190002,78.830002,79.730003,1143000,79.730003
2016-07-08,77.150002,78.790001,76.769997,78.660004,1108100,78.660004
2016-07-07,76.389999,77.779999,76.129997,76.400002,1173300,76.400002
2016-07-06,73.879997,76.50,73.260002,76.160004,1143100,76.160004
2016-07-05,76.07,76.07,73.239998,74.25,1184800,74.25
2016-07-01,77.419998,78.019997,75.709999,76.300003,996200,76.300003
2016-06-30,77.68,78.760002,75.709999,77.540001,1030500,77.540001
2016-06-29,78.029999,78.199997,76.889999,77.330002,745600,77.330002
2016-06-28,76.440002,78.690002,76.440002,77.260002,754200,77.260002
2016-06-27,78.879997,78.919998,74.889999,76.199997,1227300,76.199997
2016-06-24,78.629997,81.199997,78.370003,79.150002,5858200,79.150002
2016-06-23,81.769997,82.370003,80.239998,81.669998,1136200,81.669998
2016-06-22,79.790001,82.220001,79.629997,81.029999,1088000,81.029999
2016-06-21,81.150002,81.239998,79.389999,80.419998,858200,80.419998
2016-06-20,79.169998,82.32,79.169998,80.800003,1467000,80.800003
2016-06-17,78.449997,79.370003,76.550003,78.760002,1931900,78.760002
2016-06-16,78.029999,81.129997,78.00,78.43,3073600,78.43
2016-06-15,78.239998,79.040001,77.360001,77.50,466500,77.50
2016-06-14,78.050003,78.989998,77.559998,78.480003,515800,78.480003
2016-06-13,80.00,80.019997,78.190002,78.379997,919700,78.379997
2016-06-10,80.610001,80.849998,79.440002,80.110001,943500,80.110001
2016-06-09,77.25,81.160004,76.510002,81.00,2411300,81.00
2016-06-08,76.50,82.00,76.00,77.910004,953300,77.910004
2016-06-07,74.989998,76.370003,74.800003,76.360001,623400,76.360001
2016-06-06,74.919998,75.370003,73.839996,75.029999,478400,75.029999
2016-06-03,75.940002,75.949997,74.50,74.580002,338300,74.580002
2016-06-02,75.199997,76.050003,74.839996,76.040001,245900,76.040001
2016-06-01,74.379997,75.589996,74.379997,75.419998,334300,75.419998
2016-05-31,74.949997,75.18,74.059998,74.790001,332700,74.790001
2016-05-27,74.50,75.379997,74.230003,74.82,243300,74.82
2016-05-26,74.970001,74.970001,73.739998,74.139999,313200,74.139999
2016-05-25,75.07,75.669998,74.589996,74.889999,427200,74.889999
2016-05-24,73.07,74.660004,72.699997,74.440002,417700,74.440002
2016-05-23,72.959999,73.279999,72.029999,72.830002,430300,72.830002
2016-05-20,73.260002,73.739998,72.470001,73.019997,653000,73.019997
2016-05-19,73.970001,75.339996,72.370003,72.900002,630400,72.900002
2016-05-18,74.330002,75.349998,73.529999,74.400002,599100,74.400002
2016-05-17,74.629997,75.919998,74.25,74.709999,643800,74.709999
2016-05-16,75.050003,75.75,74.029999,74.980003,291300,74.980003
2016-05-13,74.889999,75.760002,73.879997,74.980003,482900,74.980003
2016-05-12,77.010002,77.029999,73.540001,74.830002,652400,74.830002
2016-05-11,77.800003,79.150002,76.690002,76.690002,416400,76.690002
2016-05-10,77.419998,78.080002,76.75,77.760002,453900,77.760002
2016-05-09,76.290001,77.68,75.839996,77.18,394700,77.18
2016-05-06,75.739998,77.220001,74.68,76.650002,357600,76.650002
2016-05-05,76.860001,77.300003,74.769997,75.75,753500,75.75
2016-05-04,80.43,80.739998,75.309998,76.480003,1174100,76.480003
2016-05-03,81.82,82.660004,80.809998,80.849998,653600,80.849998
2016-05-02,81.050003,82.599998,80.309998,82.550003,693900,82.550003
2016-04-29,81.209999,82.150002,79.330002,80.980003,532800,80.980003
2016-04-28,81.080002,83.269997,80.540001,81.43,626700,81.43
2016-04-27,80.160004,81.68,79.709999,81.290001,290900,81.290001
2016-04-26,79.190002,80.449997,79.019997,80.230003,322200,80.230003
2016-04-25,80.57,80.589996,78.400002,79.010002,403900,79.010002
2016-04-22,78.139999,80.870003,78.139999,80.800003,367100,80.800003
2016-04-21,79.080002,80.43,78.529999,79.220001,462400,79.220001
2016-04-20,77.839996,79.580002,76.349998,79.220001,542100,79.220001
2016-04-19,79.019997,79.089996,77.089996,78.099998,669000,78.099998
2016-04-18,77.370003,78.68,76.650002,78.620003,610900,78.620003
2016-04-15,78.690002,78.690002,76.330002,78.019997,678300,78.019997
2016-04-14,77.980003,79.589996,77.769997,79.089996,570700,79.089996
2016-04-13,77.269997,78.400002,76.650002,78.099998,342100,78.099998
2016-04-12,74.650002,77.00,74.650002,76.959999,503600,76.959999
2016-04-11,76.300003,77.050003,74.639999,74.639999,258800,74.639999
2016-04-08,76.209999,76.989998,75.25,76.019997,273100,76.019997
2016-04-07,76.629997,77.510002,75.010002,75.650002,465800,75.650002
2016-04-06,74.959999,77.129997,74.379997,77.07,464900,77.07
2016-04-05,74.669998,75.529999,74.019997,75.050003,501700,75.050003
2016-04-04,75.779999,76.989998,74.389999,75.379997,451100,75.379997
2016-04-01,74.900002,76.260002,73.709999,76.040001,417900,76.040001
2016-03-31,75.650002,75.989998,74.519997,74.599998,498700,74.599998
2016-03-30,74.959999,75.889999,73.279999,75.339996,707000,75.339996
2016-03-29,71.43,74.940002,71.43,74.900002,544300,74.900002
2016-03-28,72.00,72.00,70.919998,71.389999,433300,71.389999
2016-03-24,70.660004,71.970001,70.43,71.650002,614700,71.650002
2016-03-23,71.830002,72.720001,71.209999,71.25,607800,71.25
2016-03-22,70.949997,72.25,70.43,71.779999,532300,71.779999
2016-03-21,70.110001,71.510002,69.620003,70.830002,540600,70.830002
2016-03-18,69.57,71.769997,69.330002,70.449997,1045000,70.449997
2016-03-17,70.620003,70.620003,68.419998,69.220001,663400,69.220001
2016-03-16,69.43,71.07,69.010002,70.839996,437300,70.839996
2016-03-15,71.910004,71.910004,69.360001,69.809998,546800,69.809998
2016-03-14,72.510002,72.720001,70.129997,72.279999,331400,72.279999
2016-03-11,71.519997,73.360001,70.510002,72.839996,516500,72.839996
2016-03-10,72.68,74.489998,70.290001,70.980003,489200,70.980003
2016-03-09,72.309998,72.559998,70.519997,72.540001,582100,72.540001
2016-03-08,74.449997,75.220001,72.050003,72.190002,490400,72.190002
2016-03-07,71.589996,75.199997,71.589996,74.839996,777400,74.839996
2016-03-04,71.150002,73.660004,70.650002,72.290001,880600,72.290001
2016-03-03,67.849998,71.360001,67.309998,71.150002,908600,71.150002
2016-03-02,69.120003,69.870003,67.110001,67.610001,962300,67.610001
2016-03-01,68.279999,69.199997,67.75,69.150002,1070000,69.150002
2016-02-29,70.290001,70.730003,67.660004,68.050003,806500,68.050003
2016-02-26,70.470001,71.50,69.029999,70.540001,686700,70.540001
2016-02-25,77.300003,78.230003,69.889999,70.510002,1811500,70.510002
2016-02-24,70.519997,72.599998,69.379997,71.489998,660400,71.489998
2016-02-23,70.309998,72.269997,70.089996,71.50,735600,71.50
2016-02-22,69.459999,72.059998,69.459999,70.57,485800,70.57
2016-02-19,66.970001,68.910004,65.470001,68.550003,437600,68.550003
2016-02-18,68.040001,69.080002,67.169998,67.279999,597900,67.279999
2016-02-17,67.150002,69.550003,67.110001,68.110001,443900,68.110001
2016-02-16,64.870003,67.099998,63.77,66.910004,641600,66.910004
2016-02-12,64.269997,66.410004,63.099998,64.50,511700,64.50
2016-02-11,63.650002,65.769997,63.049999,63.709999,632800,63.709999
2016-02-10,62.830002,65.510002,62.259998,64.760002,766900,64.760002
2016-02-09,60.84,63.419998,60.009998,62.32,844600,62.32
2016-02-08,64.25,64.25,60.84,61.459999,1114000,61.459999
2016-02-05,67.769997,68.559998,64.790001,65.050003,724400,65.050003
2016-02-04,68.540001,68.540001,66.470001,67.870003,702600,67.870003
2016-02-03,74.489998,74.489998,66.209999,68.57,1305500,68.57
2016-02-02,74.169998,75.00,73.360001,73.980003,716600,73.980003
2016-02-01,72.489998,75.370003,72.160004,75.050003,767500,75.050003
2016-01-29,69.919998,73.199997,69.919998,73.190002,660000,73.190002
2016-01-28,71.550003,72.93,69.330002,69.980003,508600,69.980003
2016-01-27,71.099998,72.629997,70.470001,71.010002,532900,71.010002
2016-01-26,69.970001,71.620003,69.480003,71.389999,313500,71.389999
2016-01-25,69.089996,70.769997,69.089996,69.790001,389100,69.790001
2016-01-22,69.449997,70.790001,67.739998,69.43,470000,69.43
2016-01-21,69.93,72.139999,68.059998,68.440002,564700,68.440002
2016-01-20,68.110001,70.889999,66.089996,69.870003,709100,69.870003
2016-01-19,68.580002,69.82,66.489998,69.160004,617300,69.160004
2016-01-15,66.68,68.279999,65.720001,67.830002,530200,67.830002
2016-01-14,67.879997,68.870003,65.989998,68.419998,838300,68.419998
2016-01-13,72.129997,73.040001,67.040001,68.059998,682200,68.059998
2016-01-12,72.720001,73.57,70.839996,72.290001,561800,72.290001
2016-01-11,73.169998,73.440002,71.150002,71.889999,632900,71.889999
2016-01-08,73.93,75.080002,72.419998,72.57,712800,72.57
2016-01-07,74.739998,75.660004,73.489998,73.589996,542400,73.589996
2016-01-06,76.889999,77.629997,75.300003,76.00,561500,76.00
2016-01-05,77.160004,78.879997,76.75,77.150002,640500,77.150002
2016-01-04,74.769997,76.900002,74.650002,76.57,808200,76.57
2015-12-31,77.00,77.769997,75.879997,76.00,437100,76.00
2015-12-30,77.029999,78.169998,76.980003,77.400002,439000,77.400002
2015-12-29,76.169998,77.510002,76.169998,77.279999,465100,77.279999
2015-12-28,76.00,76.220001,74.07,75.510002,570800,75.510002
2015-12-24,76.889999,77.650002,75.599998,76.129997,215200,76.129997
2015-12-23,76.550003,77.279999,75.949997,76.860001,523000,76.860001
2015-12-22,76.82,78.68,74.809998,76.160004,643100,76.160004
2015-12-21,77.269997,78.099998,76.010002,76.970001,782400,76.970001
2015-12-18,79.830002,80.510002,75.510002,76.419998,3093000,76.419998
2015-12-17,81.949997,82.959999,80.190002,80.290001,712000,80.290001
2015-12-16,83.889999,84.709999,80.730003,81.669998,1169900,81.669998
2015-12-15,82.610001,83.709999,81.699997,83.550003,794100,83.550003
2015-12-14,82.099998,84.089996,80.940002,81.919998,973400,81.919998
2015-12-11,82.099998,83.849998,81.18,82.129997,990600,82.129997
2015-12-10,82.080002,84.660004,81.68,83.120003,708700,83.120003
2015-12-09,81.120003,84.169998,80.690002,81.940002,871100,81.940002
2015-12-08,80.029999,82.339996,79.410004,81.510002,1503900,81.510002
2015-12-07,79.980003,80.720001,78.589996,79.300003,766900,79.300003
2015-12-04,79.260002,81.199997,79.260002,80.379997,783900,80.379997
2015-12-03,80.489998,82.129997,77.739998,79.279999,2041500,79.279999
2015-12-02,79.989998,80.099998,77.510002,79.970001,5841600,79.970001
2015-12-01,81.32,84.169998,79.580002,82.139999,889900,82.139999
2015-11-30,85.93,86.169998,83.730003,84.059998,316200,84.059998
2015-11-27,83.940002,86.089996,83.879997,85.099998,148200,85.099998
2015-11-25,84.82,84.889999,84.019997,84.129997,265500,84.129997
2015-11-24,83.57,85.00,82.730003,84.470001,354700,84.470001
2015-11-23,83.559998,85.18,83.239998,84.050003,337200,84.050003
2015-11-20,80.639999,83.849998,79.620003,83.040001,490200,83.040001
2015-11-19,83.25,84.989998,79.290001,80.00,590000,80.00
2015-11-18,83.610001,85.199997,83.209999,84.080002,581700,84.080002
2015-11-17,81.599998,84.120003,80.660004,83.620003,549800,83.620003
2015-11-16,82.75,83.629997,80.480003,81.589996,429300,81.589996
2015-11-13,80.260002,83.099998,79.389999,82.160004,575900,82.160004
2015-11-12,81.760002,82.269997,80.230003,80.769997,753600,80.769997
2015-11-11,87.269997,87.269997,81.980003,82.00,1029300,82.00
2015-11-10,83.339996,87.290001,83.220001,87.209999,708600,87.209999
2015-11-09,83.25,84.489998,82.279999,83.379997,925100,83.379997
2015-11-06,83.269997,85.459999,82.559998,83.529999,938300,83.529999
2015-11-05,81.43,84.139999,80.709999,83.529999,739900,83.529999
2015-11-04,78.419998,82.099998,78.040001,80.629997,850300,80.629997
2015-11-03,74.290001,78.43,74.120003,76.900002,1226200,76.900002
2015-11-02,69.860001,74.970001,69.610001,74.50,896200,74.50
2015-10-30,71.50,72.029999,69.970001,70.089996,807300,70.089996
2015-10-29,72.400002,73.029999,71.370003,71.510002,624600,71.510002
2015-10-28,70.059998,73.919998,69.339996,72.82,635000,72.82
2015-10-27,68.730003,70.529999,68.730003,70.32,580800,70.32
2015-10-26,69.019997,70.480003,68.449997,69.529999,742100,69.529999
2015-10-23,66.650002,69.709999,66.279999,68.879997,1173800,68.879997
2015-10-22,70.989998,72.089996,58.369999,66.199997,3971100,66.199997
2015-10-21,75.839996,76.580002,70.510002,71.559998,1519000,71.559998
2015-10-20,75.75,76.18,72.519997,74.879997,1924900,74.879997
2015-10-19,77.629997,78.239998,76.25,78.089996,728900,78.089996
2015-10-16,77.440002,79.519997,77.160004,77.839996,623800,77.839996
2015-10-15,77.949997,78.529999,75.540001,77.120003,1195900,77.120003
2015-10-14,81.919998,83.099998,78.019997,78.790001,7194600,78.790001
2015-10-13,83.519997,84.949997,81.93,81.989998,474700,81.989998
2015-10-12,82.900002,84.269997,82.07,83.580002,513900,83.580002
2015-10-09,82.43,83.370003,81.309998,82.489998,469100,82.489998
2015-10-08,82.330002,83.459999,79.910004,82.239998,826000,82.239998
2015-10-07,79.50,82.290001,78.360001,81.410004,483000,81.410004
2015-10-06,79.959999,81.480003,78.599998,79.25,587400,79.25
2015-10-05,79.010002,80.00,78.589996,79.690002,624800,79.690002
2015-10-02,75.790001,78.410004,74.519997,78.330002,628600,78.330002
2015-10-01,77.919998,79.970001,75.699997,76.43,1272600,76.43
2015-09-30,77.089996,77.730003,76.260002,77.709999,724400,77.709999
2015-09-29,76.470001,79.080002,75.889999,76.169998,951500,76.169998
2015-09-28,82.480003,82.800003,75.269997,76.739998,738000,76.739998
2015-09-25,86.099998,87.419998,81.860001,82.709999,532700,82.709999
2015-09-24,84.32,86.489998,83.669998,84.980003,664900,84.980003
2015-09-23,84.339996,87.330002,84.190002,85.040001,490500,85.040001
2015-09-22,81.879997,85.419998,81.690002,84.160004,537100,84.160004
2015-09-21,83.139999,83.849998,81.919998,82.910004,241600,82.910004
2015-09-18,82.360001,84.129997,81.739998,82.279999,610500,82.279999
2015-09-17,82.650002,84.209999,82.650002,83.779999,320900,83.779999
2015-09-16,83.940002,83.940002,81.650002,82.790001,308300,82.790001
2015-09-15,80.080002,82.50,79.959999,81.860001,354400,81.860001
2015-09-14,80.529999,81.209999,79.779999,80.040001,249000,80.040001
2015-09-11,79.110001,80.419998,79.110001,80.290001,235400,80.290001
2015-09-10,79.82,80.760002,79.440002,79.830002,238600,79.830002
2015-09-09,81.599998,81.769997,79.849998,80.019997,240600,80.019997
2015-09-08,79.230003,81.449997,79.160004,80.980003,401600,80.980003
2015-09-04,77.25,78.970001,77.190002,78.269997,227900,78.269997
2015-09-03,78.610001,79.580002,78.089996,78.400002,335900,78.400002
2015-09-02,77.010002,78.50,76.120003,78.389999,372200,78.389999
2015-09-01,76.980003,78.129997,75.93,76.00,416800,76.00
2015-08-31,79.720001,80.669998,78.300003,78.419998,317400,78.419998
2015-08-28,80.260002,80.790001,79.220001,80.059998,415400,80.059998
2015-08-27,79.830002,81.169998,79.029999,80.389999,415600,80.389999
2015-08-26,80.32,80.32,76.309998,79.029999,764900,79.029999
2015-08-25,80.699997,80.699997,78.849998,78.970001,582500,78.970001
2015-08-24,77.510002,79.849998,54.110001,78.300003,755800,78.300003
2015-08-21,79.800003,82.239998,79.75,81.50,460300,81.50
2015-08-20,83.440002,83.440002,81.190002,81.330002,390600,81.330002
2015-08-19,84.139999,84.470001,82.68,84.059998,482400,84.059998
2015-08-18,85.730003,87.209999,84.839996,85.040001,306400,85.040001
2015-08-17,84.32,86.470001,83.639999,86.050003,305800,86.050003
2015-08-14,83.410004,85.43,82.620003,84.800003,348400,84.800003
2015-08-13,82.440002,84.160004,82.089996,83.290001,275600,83.290001
2015-08-12,82.57,83.449997,81.339996,82.18,357500,82.18
2015-08-11,83.199997,84.43,82.25,83.440002,350200,83.440002
2015-08-10,83.080002,84.059998,82.480003,83.400002,405200,83.400002
2015-08-07,84.389999,84.459999,80.379997,82.440002,620600,82.440002
2015-08-06,83.07,85.290001,82.279999,84.529999,898300,84.529999
2015-08-05,80.82,85.519997,80.129997,82.269997,1778900,82.269997
2015-08-04,71.400002,73.830002,71.400002,73.269997,601900,73.269997
2015-08-03,73.510002,73.629997,70.959999,71.639999,383500,71.639999
2015-07-31,69.529999,71.779999,69.459999,71.739998,404400,71.739998
2015-07-30,68.75,69.440002,68.150002,69.230003,224300,69.230003
2015-07-29,69.360001,69.709999,68.599998,69.019997,238800,69.019997
2015-07-28,69.470001,69.599998,67.699997,69.489998,270800,69.489998
2015-07-27,70.230003,70.50,68.519997,68.940002,386000,68.940002
2015-07-24,70.089996,70.68,69.839996,70.489998,477300,70.489998
2015-07-23,70.629997,71.43,70.199997,70.389999,226900,70.389999
2015-07-22,69.419998,70.379997,68.690002,70.309998,266600,70.309998
2015-07-21,69.010002,69.300003,67.690002,69.080002,386700,69.080002
2015-07-20,69.68,69.68,68.82,69.010002,258100,69.010002
2015-07-17,70.330002,70.459999,69.230003,69.540001,197300,69.540001
2015-07-16,70.629997,70.970001,70.080002,70.099998,226100,70.099998
2015-07-15,71.129997,71.190002,70.220001,70.400002,140400,70.400002
2015-07-14,71.040001,71.510002,70.57,71.269997,173700,71.269997
2015-07-13,70.650002,71.419998,70.059998,70.93,263400,70.93
2015-07-10,69.790001,70.339996,69.00,70.309998,185900,70.309998
2015-07-09,69.50,70.360001,68.75,69.129997,234400,69.129997
2015-07-08,69.339996,70.07,68.690002,68.870003,276600,68.870003
2015-07-07,70.669998,70.809998,68.870003,70.080002,199000,70.080002
2015-07-06,69.839996,71.209999,69.519997,70.470001,181300,70.470001
2015-07-02,70.669998,70.93,69.809998,70.360001,151200,70.360001
2015-07-01,70.779999,70.93,69.75,70.199997,298500,70.199997
2015-06-30,70.400002,70.900002,69.830002,69.949997,320500,69.949997
2015-06-29,70.620003,71.599998,69.620003,69.699997,337300,69.699997
2015-06-26,72.540001,72.629997,71.110001,71.220001,838900,71.220001
2015-06-25,71.419998,72.519997,70.599998,72.169998,323800,72.169998
2015-06-24,72.43,72.43,71.019997,71.07,207300,71.07
2015-06-23,72.129997,72.489998,71.470001,72.379997,203200,72.379997
2015-06-22,72.209999,72.830002,71.860001,71.93,176200,71.93
2015-06-19,71.50,72.849998,71.50,71.93,444400,71.93
2015-06-18,70.330002,71.75,70.010002,71.339996,266800,71.339996
2015-06-17,70.330002,70.57,69.43,69.970001,328300,69.970001
2015-06-16,69.370003,71.190002,69.370003,69.93,353500,69.93
2015-06-15,68.349998,69.910004,67.989998,69.50,361300,69.50
2015-06-12,68.300003,68.550003,67.809998,68.50,420100,68.50
2015-06-11,69.099998,69.57,68.279999,68.300003,418800,68.300003
2015-06-10,69.669998,69.669998,68.730003,69.019997,435600,69.019997
2015-06-09,69.330002,69.550003,68.400002,69.169998,348900,69.169998
2015-06-08,69.82,70.529999,68.970001,69.099998,361600,69.099998
2015-06-05,69.580002,69.660004,68.169998,69.639999,273100,69.639999
2015-06-04,68.919998,68.919998,68.339996,68.510002,302700,68.510002
2015-06-03,68.599998,69.419998,68.349998,69.07,347200,69.07
2015-06-02,67.019997,68.489998,66.82,68.370003,341800,68.370003
2015-06-01,67.879997,68.089996,66.989998,67.220001,352500,67.220001
2015-05-29,67.07,67.860001,66.080002,67.339996,336300,67.339996
2015-05-28,67.25,67.449997,66.480003,67.169998,305700,67.169998
2015-05-27,67.360001,67.75,66.82,67.300003,350300,67.300003
2015-05-26,68.330002,69.559998,66.980003,67.050003,354900,67.050003
2015-05-22,69.07,69.529999,68.419998,68.470001,214200,68.470001
2015-05-21,69.639999,69.769997,68.690002,68.989998,275200,68.989998
2015-05-20,69.18,69.849998,68.559998,69.480003,304000,69.480003
2015-05-19,68.620003,69.349998,68.099998,69.239998,304500,69.239998
2015-05-18,66.309998,68.68,66.080002,68.470001,310800,68.470001
2015-05-15,66.230003,66.75,64.739998,66.459999,256000,66.459999
2015-05-14,65.139999,66.110001,64.980003,66.040001,247900,66.040001
2015-05-13,65.400002,65.580002,64.379997,64.769997,199300,64.769997
2015-05-12,65.940002,65.940002,64.629997,65.080002,254000,65.080002
2015-05-11,66.459999,66.879997,66.040001,66.080002,265600,66.080002
2015-05-08,66.400002,67.330002,65.900002,66.230003,466000,66.230003
2015-05-07,63.490002,65.779999,63.009998,65.510002,458200,65.510002
2015-05-06,65.559998,65.559998,62.950001,63.560001,593400,63.560001
2015-05-05,63.240002,64.010002,62.419998,62.540001,468500,62.540001
2015-05-04,63.209999,64.419998,63.209999,64.089996,315900,64.089996
2015-05-01,63.209999,63.52,62.369999,63.380001,284500,63.380001
2015-04-30,63.560001,63.860001,62.23,62.720001,411200,62.720001
2015-04-29,64.720001,65.059998,63.740002,63.82,256600,63.82
2015-04-28,64.209999,65.349998,63.110001,65.07,231700,65.07
2015-04-27,65.459999,65.870003,64.059998,64.099998,186800,64.099998
2015-04-24,65.529999,65.849998,65.019997,65.330002,128400,65.330002
2015-04-23,64.519997,65.360001,64.25,65.290001,164200,65.290001
2015-04-22,65.309998,65.529999,64.360001,64.720001,141000,64.720001
2015-04-21,65.75,66.330002,65.199997,65.260002,191100,65.260002
2015-04-20,65.059998,65.279999,64.459999,65.160004,128000,65.160004
2015-04-17,64.800003,64.839996,64.18,64.529999,334700,64.529999
2015-04-16,65.809998,65.889999,64.660004,65.110001,331400,65.110001
2015-04-15,65.400002,66.419998,65.160004,65.839996,445900,65.839996
2015-04-14,64.529999,65.400002,64.019997,65.07,328100,65.07
2015-04-13,63.389999,64.709999,63.279999,64.339996,232700,64.339996
2015-04-10,62.970001,63.669998,62.41,63.639999,290800,63.639999
2015-04-09,62.73,64.910004,62.25,62.869999,257100,62.869999
2015-04-08,62.389999,63.189999,61.900002,62.880001,233700,62.880001
2015-04-07,63.049999,63.790001,62.41,62.450001,203700,62.450001
2015-04-06,63.349998,63.709999,62.669998,63.27,318000,63.27
2015-04-02,61.360001,63.799999,61.119999,63.470001,554800,63.470001
2015-04-01,61.610001,61.869999,60.43,60.700001,460100,60.700001
2015-03-31,62.00,62.799999,61.419998,61.52,403600,61.52
2015-03-30,62.07,62.689999,61.919998,62.43,278200,62.43
2015-03-27,61.880001,62.259998,61.110001,61.669998,373000,61.669998
2015-03-26,62.00,62.150002,60.549999,61.98,386400,61.98
2015-03-25,64.25,64.550003,62.389999,62.41,573500,62.41
2015-03-24,64.980003,65.010002,63.950001,64.209999,398500,64.209999
2015-03-23,64.160004,65.029999,64.07,64.75,316500,64.75
2015-03-20,64.160004,64.480003,63.259998,64.019997,605000,64.019997
2015-03-19,62.18,64.279999,62.150002,64.209999,436500,64.209999
2015-03-18,61.560001,62.459999,61.130001,62.32,456400,62.32
2015-03-17,61.580002,62.07,60.880001,61.50,426900,61.50
2015-03-16,62.099998,62.830002,61.290001,61.790001,371100,61.790001
2015-03-13,62.00,62.720001,60.950001,62.049999,335500,62.049999
2015-03-12,61.48,62.139999,61.209999,61.970001,263500,61.970001
2015-03-11,60.32,61.209999,60.32,61.150002,342900,61.150002
2015-03-10,60.060001,60.459999,58.860001,60.150002,376700,60.150002
2015-03-09,60.419998,60.549999,59.669998,60.330002,269000,60.330002
2015-03-06,60.490002,61.290001,60.040001,60.25,389100,60.25
2015-03-05,62.080002,62.09,60.130001,60.889999,432200,60.889999
2015-03-04,60.77,62.09,60.169998,61.830002,555000,61.830002
2015-03-03,60.48,61.00,60.049999,60.880001,526000,60.880001
2015-03-02,60.00,61.759998,59.759998,60.490002,647800,60.490002
2015-02-27,58.220001,60.970001,58.16,60.099998,1066000,60.099998
2015-02-26,57.16,58.400002,56.23,57.970001,1021300,57.970001
2015-02-25,57.00,57.110001,56.419998,56.59,578300,56.59
2015-02-24,57.709999,57.939999,56.669998,56.830002,434800,56.830002
2015-02-23,55.709999,57.09,55.529999,57.009998,801700,57.009998
2015-02-20,56.049999,56.43,55.75,55.959999,324200,55.959999
2015-02-19,56.040001,56.389999,55.740002,55.990002,233400,55.990002
2015-02-18,55.810001,56.349998,55.560001,56.029999,284500,56.029999
2015-02-17,55.630001,55.849998,55.169998,55.740002,521900,55.740002
2015-02-13,55.049999,55.73,54.830002,55.560001,620400,55.560001
2015-02-12,55.790001,55.790001,54.82,55.080002,289600,55.080002
2015-02-11,55.419998,55.84,55.16,55.310001,295900,55.310001
2015-02-10,55.509998,56.009998,55.07,55.610001,422800,55.610001
2015-02-09,56.400002,56.82,55.279999,55.34,297200,55.34
2015-02-06,55.93,56.740002,55.639999,56.419998,468800,56.419998
2015-02-05,54.360001,55.52,54.32,55.330002,499000,55.330002
2015-02-04,55.009998,55.490002,54.189999,54.220001,451800,54.220001
2015-02-03,54.669998,55.52,54.540001,55.400002,490900,55.400002
2015-02-02,55.18,55.18,53.549999,54.560001,646300,54.560001
2015-01-30,56.59,56.779999,55.099998,55.18,453900,55.18
2015-01-29,56.950001,56.990002,56.360001,56.830002,486800,56.830002
2015-01-28,56.700001,57.240002,56.599998,57.00,496500,57.00
2015-01-27,55.68,56.700001,55.650002,56.580002,380900,56.580002
2015-01-26,55.779999,56.200001,55.27,56.18,495500,56.18
2015-01-23,56.00,56.990002,54.790001,55.310001,434600,55.310001
2015-01-22,53.77,55.040001,53.32,55.029999,441700,55.029999
2015-01-21,53.709999,53.919998,53.189999,53.610001,458200,53.610001
2015-01-20,54.23,54.990002,53.150002,53.91,242400,53.91
2015-01-16,53.84,54.490002,53.389999,54.049999,418200,54.049999
2015-01-15,54.759998,55.09,53.439999,54.02,425400,54.02
2015-01-14,53.27,54.700001,52.75,54.560001,304200,54.560001
2015-01-13,53.82,54.470001,53.16,53.799999,248300,53.799999
2015-01-12,53.91,54.360001,52.419998,53.349998,412000,53.349998
2015-01-09,54.16,54.369999,53.66,53.790001,482700,53.790001
2015-01-08,54.23,54.900002,53.849998,54.290001,646700,54.290001
2015-01-07,53.389999,53.970001,52.59,53.849998,335700,53.849998
2015-01-06,54.099998,54.240002,52.84,53.099998,497900,53.099998
2015-01-05,54.02,54.360001,53.849998,54.00,463100,54.00
2015-01-02,55.139999,55.470001,54.080002,54.490002,453500,54.490002
2014-12-31,54.889999,54.889999,54.43,54.73,361900,54.73
2014-12-30,54.889999,55.330002,54.630001,54.790001,229500,54.790001
2014-12-29,55.299999,55.650002,54.450001,55.099998,263200,55.099998
2014-12-26,54.639999,55.610001,54.130001,55.209999,199500,55.209999
2014-12-24,54.259998,54.77,54.00,54.43,136500,54.43
2014-12-23,54.310001,54.360001,53.73,54.02,488400,54.02
2014-12-22,53.220001,54.169998,52.889999,54.00,347400,54.00
2014-12-19,52.279999,53.93,52.279999,53.349998,1268800,53.349998
2014-12-18,51.00,52.259998,49.25,52.18,544600,52.18
2014-12-17,48.84,50.34,48.490002,50.240002,396400,50.240002
2014-12-16,49.130001,49.48,48.650002,49.029999,431100,49.029999
2014-12-15,49.419998,50.02,48.779999,49.189999,643600,49.189999
2014-12-12,48.84,49.619999,48.84,49.110001,444800,49.110001
2014-12-11,49.52,50.049999,49.119999,49.389999,351800,49.389999
2014-12-10,50.450001,50.650002,49.169998,49.400002,440700,49.400002
2014-12-09,49.150002,50.630001,48.790001,50.59,341700,50.59
2014-12-08,50.889999,51.040001,49.509998,49.73,484200,49.73
2014-12-05,50.419998,51.25,50.419998,51.09,308700,51.09
2014-12-04,51.09,51.110001,50.200001,50.50,657100,50.50
2014-12-03,50.740002,51.32,50.669998,51.049999,314400,51.049999
2014-12-02,50.529999,51.509998,50.400002,50.779999,483200,50.779999
2014-12-01,51.599998,51.860001,50.459999,50.619999,496300,50.619999
2014-11-28,51.68,52.189999,51.23,51.57,124000,51.57
2014-11-26,51.619999,51.990002,51.220001,51.860001,314000,51.860001
2014-11-25,51.50,51.599998,51.009998,51.470001,423800,51.470001
2014-11-24,50.93,51.540001,50.799999,51.490002,352200,51.490002
2014-11-21,50.98,50.98,50.139999,50.779999,1616200,50.779999
2014-11-20,49.84,50.66,49.700001,50.560001,353000,50.560001
2014-11-19,50.369999,50.459999,49.810001,49.880001,405400,49.880001
2014-11-18,50.25,50.810001,49.959999,50.41,363900,50.41
2014-11-17,50.080002,50.560001,49.950001,50.110001,443000,50.110001
2014-11-14,50.130001,50.349998,49.759998,50.00,789800,50.00
2014-11-13,50.330002,50.639999,50.02,50.259998,480600,50.259998
2014-11-12,50.709999,50.75,50.029999,50.419998,635500,50.419998
2014-11-11,50.220001,50.939999,49.630001,50.650002,1611300,50.650002
2014-11-10,51.599998,51.869999,51.060001,51.84,385200,51.84
2014-11-07,51.380001,51.540001,50.82,51.50,497600,51.50
2014-11-06,51.549999,51.75,51.07,51.34,188300,51.34
2014-11-05,51.799999,51.959999,50.00,51.369999,737600,51.369999
2014-11-04,52.419998,53.009998,51.43,52.279999,351700,52.279999
2014-11-03,53.919998,54.27,51.869999,52.41,393100,52.41
2014-10-31,54.040001,54.380001,53.130001,54.009998,364900,54.009998
2014-10-30,51.490002,53.09,51.110001,53.049999,337600,53.049999
2014-10-29,51.389999,52.279999,51.009998,51.580002,469900,51.580002
2014-10-28,50.889999,51.43,50.630001,51.380001,249500,51.380001
2014-10-27,49.880001,51.040001,49.759998,50.720001,188000,50.720001
2014-10-24,50.48,50.689999,50.09,50.380001,225600,50.380001
2014-10-23,50.080002,51.360001,50.080002,50.389999,288800,50.389999
2014-10-22,51.380001,51.490002,50.349998,50.529999,218700,50.529999
2014-10-21,50.189999,51.169998,49.220001,51.150002,207600,51.150002
2014-10-20,49.139999,49.689999,49.060001,49.689999,260100,49.689999
2014-10-17,50.119999,50.130001,49.130001,49.48,387000,49.48
2014-10-16,48.389999,49.740002,48.119999,49.419998,400700,49.419998
2014-10-15,48.470001,49.509998,47.68,49.139999,378800,49.139999
2014-10-14,49.560001,49.880001,48.529999,48.830002,461600,48.830002
2014-10-13,49.849998,50.369999,49.00,49.110001,323400,49.110001
2014-10-10,49.75,50.549999,49.68,49.73,382900,49.73
2014-10-09,50.50,51.240002,49.779999,49.990002,402500,49.990002
2014-10-08,48.799999,50.68,48.68,50.580002,305100,50.580002
2014-10-07,49.049999,49.52,48.66,49.029999,317500,49.029999
2014-10-06,49.759998,50.02,49.23,49.369999,232300,49.369999
2014-10-03,49.439999,49.900002,49.23,49.580002,225900,49.580002
2014-10-02,48.509998,49.43,48.200001,48.990002,280900,48.990002
2014-10-01,50.00,50.00,48.470001,48.66,421100,48.66
2014-09-30,49.630001,50.290001,49.099998,50.049999,447900,50.049999
2014-09-29,48.849998,49.650002,48.48,49.57,186800,49.57
2014-09-26,49.509998,49.939999,48.650002,49.290001,298800,49.290001
2014-09-25,50.599998,50.599998,48.900002,49.439999,321200,49.439999
2014-09-24,50.00,51.060001,49.740002,50.549999,307500,50.549999
2014-09-23,49.959999,50.59,49.66,49.959999,402400,49.959999
2014-09-22,50.790001,51.09,50.009998,50.200001,359300,50.200001
2014-09-19,51.599998,51.709999,50.700001,51.099998,699500,51.099998
2014-09-18,51.689999,52.279999,51.279999,51.400002,284700,51.400002
2014-09-17,52.080002,52.68,51.23,51.32,354100,51.32
2014-09-16,52.27,52.610001,52.009998,52.189999,200500,52.189999
2014-09-15,53.00,53.00,52.279999,52.389999,298300,52.389999
2014-09-12,52.740002,53.02,52.07,52.900002,459800,52.900002
2014-09-11,51.900002,52.84,51.869999,52.439999,320400,52.439999
2014-09-10,52.00,52.040001,51.43,52.029999,175800,52.029999
2014-09-09,52.200001,52.619999,51.77,51.970001,223200,51.970001
2014-09-08,51.830002,52.439999,51.549999,52.360001,444600,52.360001
2014-09-05,52.200001,52.759998,51.759998,51.950001,254800,51.950001
2014-09-04,54.18,54.18,52.27,52.389999,383500,52.389999
2014-09-03,54.009998,54.380001,53.32,54.029999,424600,54.029999
2014-09-02,53.849998,54.48,53.619999,53.950001,427100,53.950001
2014-08-29,53.119999,54.060001,52.759998,53.790001,407400,53.790001
2014-08-28,53.02,53.610001,52.57,52.950001,332300,52.950001
2014-08-27,52.200001,53.41,52.099998,53.27,326200,53.27
2014-08-26,51.73,52.419998,50.970001,52.209999,193900,52.209999
2014-08-25,52.830002,53.00,51.490002,51.689999,379500,51.689999
2014-08-22,51.799999,52.740002,51.369999,52.689999,425600,52.689999
2014-08-21,51.599998,52.02,50.869999,51.84,439400,51.84
2014-08-20,50.599998,51.790001,49.970001,51.700001,414800,51.700001
2014-08-19,50.540001,51.380001,50.290001,50.52,315100,50.52
2014-08-18,49.48,50.799999,49.200001,50.509998,374100,50.509998
2014-08-15,49.560001,49.639999,48.669998,49.060001,321500,49.060001
2014-08-14,49.189999,49.43,48.740002,49.009998,208300,49.009998
2014-08-13,49.419998,50.080002,49.040001,49.369999,260300,49.369999
2014-08-12,50.330002,50.599998,48.869999,49.299999,291800,49.299999
2014-08-11,49.389999,50.619999,49.00,50.529999,461200,50.529999
2014-08-08,49.689999,49.950001,48.950001,49.330002,297600,49.330002
2014-08-07,49.200001,49.869999,48.869999,49.599998,358200,49.599998
2014-08-06,49.43,49.549999,48.259998,48.93,409700,48.93
2014-08-05,48.73,50.48,48.34,49.84,640200,49.84
2014-08-04,47.439999,49.400002,45.419998,48.889999,1134800,48.889999
2014-08-01,47.490002,47.959999,45.189999,47.360001,1305200,47.360001
2014-07-31,48.509998,48.549999,47.540001,47.759998,1554400,47.759998
2014-07-30,48.73,49.139999,48.189999,48.759998,586500,48.759998
2014-07-29,48.259998,48.759998,48.09,48.450001,487400,48.450001
2014-07-28,47.990002,48.43,47.639999,48.220001,524700,48.220001
2014-07-25,47.599998,48.450001,46.889999,48.09,524100,48.09
2014-07-24,48.549999,49.060001,47.919998,47.950001,319700,47.950001
2014-07-23,48.540001,48.939999,48.080002,48.23,315500,48.23
2014-07-22,48.25,48.549999,47.57,48.400002,408400,48.400002
2014-07-21,47.580002,48.279999,47.139999,48.139999,459700,48.139999
2014-07-18,46.82,47.810001,46.82,47.610001,208900,47.610001
2014-07-17,47.700001,48.459999,46.66,46.849998,485600,46.849998
2014-07-16,47.360001,47.759998,46.849998,47.610001,333600,47.610001
2014-07-15,47.330002,47.540001,46.599998,47.02,288700,47.02
2014-07-14,47.18,47.450001,46.959999,47.240002,381200,47.240002
2014-07-11,47.25,47.25,46.400002,46.549999,444600,46.549999
2014-07-10,47.75,47.880001,46.509998,47.07,407900,47.07
2014-07-09,48.27,48.50,47.509998,48.259998,394700,48.259998
2014-07-08,48.34,48.830002,47.419998,48.25,1031000,48.25
2014-07-07,48.360001,48.639999,47.700001,48.32,842300,48.32
2014-07-03,47.57,48.57,47.509998,48.360001,818800,48.360001
2014-07-02,46.209999,47.57,46.130001,47.490002,982500,47.490002
2014-07-01,45.650002,46.799999,45.650002,46.549999,1782100,46.549999
2014-06-30,45.32,45.689999,44.700001,45.57,1182200,45.57
2014-06-27,44.869999,45.950001,44.610001,45.360001,9061500,45.360001
2014-06-26,46.950001,47.130001,45.619999,45.799999,1128400,45.799999
2014-06-25,48.740002,48.950001,46.970001,47.00,530700,47.00
2014-06-24,49.049999,49.790001,48.25,48.810001,527900,48.810001
2014-06-23,50.529999,50.529999,49.810001,50.189999,181600,50.189999
2014-06-20,50.619999,50.73,50.02,50.549999,289700,50.549999
2014-06-19,50.689999,50.919998,50.400002,50.619999,211200,50.619999
2014-06-18,50.029999,50.720001,50.00,50.630001,156400,50.630001
2014-06-17,50.00,51.490002,49.75,50.130001,208000,50.130001
2014-06-16,50.630001,51.119999,49.880001,50.09,233600,50.09
2014-06-13,50.889999,50.939999,49.57,50.459999,369200,50.459999
2014-06-12,50.389999,50.759998,49.849998,50.630001,277800,50.630001
2014-06-11,51.970001,51.970001,50.279999,50.450001,251100,50.450001
2014-06-10,51.98,52.810001,51.869999,52.360001,365100,52.360001
2014-06-09,50.259998,52.139999,50.189999,52.00,705900,52.00
2014-06-06,49.290001,50.610001,49.07,50.509998,370900,50.509998
2014-06-05,48.060001,48.93,47.48,48.93,347800,48.93
2014-06-04,47.50,48.18,47.360001,48.00,200100,48.00
2014-06-03,44.330002,47.889999,44.330002,47.509998,795700,47.509998
2014-06-02,45.52,46.380001,44.959999,45.580002,321000,45.580002
2014-05-30,46.400002,46.740002,45.27,45.279999,707400,45.279999
2014-05-29,46.810001,48.380001,45.349998,45.740002,1198600,45.740002
2014-05-28,42.959999,43.099998,42.400002,42.799999,93500,42.799999
2014-05-27,42.57,43.290001,42.060001,42.959999,82000,42.959999
2014-05-23,41.529999,42.330002,41.360001,42.18,54400,42.18
2014-05-22,41.57,41.900002,41.25,41.41,92000,41.41
2014-05-21,41.43,41.939999,41.099998,41.330002,101400,41.330002
2014-05-20,41.360001,41.790001,40.57,41.189999,158900,41.189999
2014-05-19,40.73,41.709999,40.73,41.560001,59700,41.560001
2014-05-16,40.779999,41.080002,40.130001,41.009998,89200,41.009998
2014-05-15,41.400002,41.439999,40.200001,40.860001,141300,40.860001
2014-05-14,42.93,43.18,41.57,41.650002,115800,41.650002
2014-05-13,43.02,43.389999,42.610001,42.849998,146300,42.849998
2014-05-12,41.889999,43.310001,41.700001,42.919998,123100,42.919998
2014-05-09,40.150002,41.700001,40.00,41.669998,99000,41.669998
2014-05-08,40.91,41.610001,40.290001,40.380001,111600,40.380001
2014-05-07,41.099998,41.299999,40.470001,41.07,147300,41.07
2014-05-06,42.18,42.630001,41.150002,41.150002,122000,41.150002
2014-05-05,42.389999,42.689999,41.529999,42.470001,139500,42.470001
2014-05-02,43.279999,43.650002,42.669998,42.73,91600,42.73
2014-05-01,43.349998,43.619999,42.639999,43.189999,149800,43.189999
2014-04-30,43.209999,43.630001,42.540001,43.310001,156300,43.310001
2014-04-29,43.869999,43.869999,43.16,43.349998,117500,43.349998
2014-04-28,43.59,44.41,43.259998,43.509998,163200,43.509998
2014-04-25,43.669998,44.189999,43.43,43.66,163000,43.66
2014-04-24,44.59,44.779999,43.880001,43.970001,177900,43.970001
2014-04-23,43.00,45.389999,42.009998,44.509998,237700,44.509998
2014-04-22,47.560001,47.639999,47.060001,47.25,108200,47.25
2014-04-21,46.259998,47.75,46.220001,47.669998,129300,47.669998
2014-04-17,46.09,46.669998,45.330002,46.290001,102900,46.290001
2014-04-16,47.130001,47.130001,45.75,46.099998,96400,46.099998
2014-04-15,47.41,47.639999,45.790001,46.700001,132100,46.700001
2014-04-14,47.23,47.919998,46.790001,47.32,122700,47.32
2014-04-11,46.919998,47.619999,46.43,46.919998,104400,46.919998
2014-04-10,48.75,49.080002,47.259998,47.400002,144700,47.400002
2014-04-09,48.709999,49.099998,48.130001,48.779999,163400,48.779999
2014-04-08,46.869999,47.830002,46.380001,47.470001,113700,47.470001
2014-04-07,48.02,48.330002,46.900002,46.950001,124800,46.950001
2014-04-04,49.75,49.84,47.639999,48.049999,169100,48.049999
2014-04-03,48.93,49.709999,48.73,49.34,185400,49.34
2014-04-02,47.849998,48.959999,47.669998,48.900002,106700,48.900002
2014-04-01,47.18,47.91,47.029999,47.889999,151400,47.889999
2014-03-31,46.639999,47.349998,46.509998,47.080002,104000,47.080002
2014-03-28,46.119999,46.939999,46.119999,46.509998,101600,46.509998
2014-03-27,46.32,46.619999,45.779999,46.220001,87400,46.220001
2014-03-26,47.119999,47.41,46.259998,46.27,101900,46.27
2014-03-25,46.740002,47.150002,46.150002,46.77,96200,46.77
2014-03-24,47.110001,47.110001,46.139999,46.470001,98600,46.470001
2014-03-21,47.139999,47.529999,46.700001,46.98,203200,46.98
2014-03-20,47.110001,47.75,46.639999,46.889999,86200,46.889999
2014-03-19,46.450001,47.139999,46.139999,47.080002,169100,47.080002
2014-03-18,44.540001,46.529999,44.540001,46.52,157600,46.52
2014-03-17,44.549999,44.720001,44.060001,44.450001,218400,44.450001
2014-03-14,44.400002,44.990002,43.93,44.23,162300,44.23
2014-03-13,45.360001,45.540001,44.23,44.57,173400,44.57
2014-03-12,44.07,45.200001,44.07,45.110001,97600,45.110001
2014-03-11,45.209999,45.490002,44.220001,44.459999,131600,44.459999
2014-03-10,45.080002,45.189999,44.57,45.040001,105300,45.040001
2014-03-07,45.619999,45.66,44.810001,45.299999,79100,45.299999
2014-03-06,45.439999,45.459999,44.860001,45.290001,135500,45.290001
2014-03-05,45.240002,45.279999,44.919998,45.200001,102300,45.200001
2014-03-04,44.59,46.23,44.23,45.419998,274600,45.419998
2014-03-03,43.560001,44.389999,43.380001,44.049999,226000,44.049999
2014-02-28,43.490002,44.779999,43.490002,43.860001,190100,43.860001
2014-02-27,44.189999,44.57,43.360001,43.650002,153200,43.650002
2014-02-26,42.189999,46.860001,41.810001,44.450001,418600,44.450001
2014-02-25,42.73,42.82,41.810001,42.119999,97100,42.119999
2014-02-24,42.82,43.389999,42.630001,42.900002,150300,42.900002
2014-02-21,43.860001,43.959999,42.689999,42.799999,190600,42.799999
2014-02-20,42.66,43.709999,42.110001,43.549999,177800,43.549999
2014-02-19,42.029999,42.77,41.900002,42.57,267800,42.57
2014-02-18,42.099998,42.549999,41.59,42.310001,198200,42.310001
2014-02-14,41.91,42.169998,41.27,41.799999,85700,41.799999
2014-02-13,41.099998,41.939999,41.099998,41.869999,106600,41.869999
2014-02-12,41.540001,41.970001,41.07,41.439999,121100,41.439999
2014-02-11,40.830002,41.689999,40.400002,41.400002,115500,41.400002
2014-02-10,40.77,40.810001,40.349998,40.73,104600,40.73
2014-02-07,40.759998,40.93,40.389999,40.700001,99800,40.700001
2014-02-06,41.09,41.130001,40.50,40.73,96100,40.73
2014-02-05,40.50,41.189999,40.240002,40.860001,162000,40.860001
2014-02-04,40.669998,40.779999,40.23,40.610001,136400,40.610001
2014-02-03,41.740002,42.09,40.049999,40.400002,170500,40.400002
2014-01-31,41.790001,42.41,41.279999,41.75,158300,41.75
2014-01-30,42.52,42.799999,41.68,42.380001,119900,42.380001
2014-01-29,42.889999,43.279999,42.029999,42.259998,121200,42.259998
2014-01-28,42.830002,43.540001,42.509998,43.189999,141900,43.189999
2014-01-27,42.919998,43.619999,42.419998,42.650002,131900,42.650002
2014-01-24,42.310001,43.119999,41.900002,42.93,178100,42.93
2014-01-23,43.73,43.990002,42.040001,42.549999,373000,42.549999
2014-01-22,44.25,44.98,43.73,43.91,223300,43.91
2014-01-21,44.889999,44.939999,44.23,44.330002,121600,44.330002
2014-01-17,45.00,45.049999,44.700001,44.869999,95900,44.869999
2014-01-16,45.00,45.400002,44.43,45.029999,126800,45.029999
2014-01-15,45.029999,45.369999,44.919998,45.099998,180000,45.099998
2014-01-14,45.00,45.099998,44.77,45.00,92100,45.00
2014-01-13,45.599998,45.599998,44.450001,45.00,147400,45.00
2014-01-10,45.599998,45.98,45.18,45.619999,135000,45.619999
2014-01-09,45.450001,45.700001,44.830002,45.50,197700,45.50
2014-01-08,45.220001,45.470001,44.869999,45.419998,214200,45.419998
2014-01-07,45.07,45.950001,44.790001,45.41,215500,45.41
2014-01-06,45.779999,45.779999,44.450001,44.77,162600,44.77
2014-01-03,45.639999,45.93,45.299999,45.700001,136700,45.700001
2014-01-02,45.66,45.91,45.200001,45.720001,145000,45.720001
2013-12-31,45.950001,46.349998,45.400002,45.919998,101700,45.919998
2013-12-30,45.849998,46.07,45.380001,45.799999,84000,45.799999
2013-12-27,46.00,46.00,45.380001,45.759998,138300,45.759998
2013-12-26,46.23,46.23,45.639999,45.849998,180500,45.849998
2013-12-24,45.98,46.220001,45.740002,46.00,76800,46.00
2013-12-23,45.860001,46.240002,45.540001,45.790001,139200,45.790001
2013-12-20,45.869999,46.279999,45.57,45.849998,359700,45.849998
2013-12-19,46.00,46.099998,45.52,45.639999,131200,45.639999
2013-12-18,46.200001,46.209999,45.389999,45.990002,275300,45.990002
2013-12-17,46.549999,46.549999,44.389999,46.049999,131000,46.049999
2013-12-16,46.330002,46.57,45.779999,46.50,61200,46.50
2013-12-13,45.970001,46.349998,45.439999,46.049999,105800,46.049999
2013-12-12,45.950001,46.110001,45.709999,45.759998,122600,45.759998
2013-12-11,46.27,46.299999,45.77,45.889999,232200,45.889999
2013-12-10,46.150002,46.610001,46.029999,46.290001,196400,46.290001
2013-12-09,46.240002,46.720001,45.82,46.16,161700,46.16
2013-12-06,46.360001,46.740002,45.939999,46.060001,282100,46.060001
2013-12-05,46.18,46.299999,45.560001,45.82,129900,45.82
2013-12-04,46.669998,47.009998,45.700001,46.169998,106400,46.169998
2013-12-03,46.669998,47.32,46.52,46.959999,156200,46.959999
2013-12-02,48.290001,48.290001,46.59,46.860001,167300,46.860001
2013-11-29,48.060001,48.709999,47.59,48.32,76300,48.32
2013-11-27,47.080002,47.98,46.720001,47.73,151500,47.73
2013-11-26,46.75,47.880001,46.75,47.139999,174900,47.139999
2013-11-25,47.549999,47.720001,46.389999,46.75,183100,46.75
2013-11-22,47.279999,47.77,46.68,47.549999,122700,47.549999
2013-11-21,45.709999,47.34,45.66,47.18,189300,47.18
2013-11-20,45.150002,45.540001,45.029999,45.41,97700,45.41
2013-11-19,45.049999,45.220001,44.369999,44.830002,97400,44.830002
2013-11-18,45.00,45.439999,44.790001,44.939999,70700,44.939999
2013-11-15,44.34,44.919998,44.110001,44.810001,94700,44.810001
2013-11-14,43.400002,44.580002,43.25,44.360001,137100,44.360001
2013-11-13,43.59,43.950001,43.130001,43.299999,340300,43.299999
2013-11-12,43.139999,43.779999,42.68,43.740002,73300,43.740002
2013-11-11,43.310001,43.470001,42.950001,43.299999,98200,43.299999
2013-11-08,42.650002,43.619999,42.630001,43.48,143300,43.48
2013-11-07,43.459999,43.849998,42.650002,42.68,176800,42.68
2013-11-06,43.41,43.580002,42.779999,43.330002,111700,43.330002
2013-11-05,43.27,43.290001,42.66,43.060001,70700,43.060001
2013-11-04,42.619999,43.43,42.27,43.369999,153200,43.369999
2013-11-01,42.799999,43.060001,42.00,42.349998,170400,42.349998
2013-10-31,43.41,43.470001,42.84,42.889999,108500,42.889999
2013-10-30,43.290001,43.669998,42.830002,43.259998,166100,43.259998
2013-10-29,43.09,43.419998,42.110001,43.389999,104600,43.389999
2013-10-28,42.84,43.389999,42.549999,43.080002,111100,43.080002
2013-10-25,43.599998,43.599998,42.779999,42.950001,131800,42.950001
2013-10-24,43.689999,43.700001,43.169998,43.50,131800,43.50
2013-10-23,42.580002,43.84,40.150002,43.52,222900,43.52
2013-10-22,42.650002,42.919998,42.450001,42.549999,96900,42.549999
2013-10-21,42.82,43.07,42.380001,42.630001,118100,42.630001
2013-10-18,42.860001,42.970001,42.27,42.889999,185400,42.889999
2013-10-17,42.049999,42.48,41.869999,42.400002,119000,42.400002
2013-10-16,41.84,42.200001,41.57,42.150002,94900,42.150002
2013-10-15,41.82,41.82,41.360001,41.490002,100300,41.490002
2013-10-14,41.759998,42.029999,41.349998,41.84,115100,41.84
2013-10-11,41.130001,42.450001,41.009998,41.830002,115800,41.830002
2013-10-10,41.00,41.790001,40.610001,41.34,122500,41.34
2013-10-09,40.529999,41.00,40.240002,40.490002,147500,40.490002
2013-10-08,40.07,40.720001,40.07,40.490002,104300,40.490002
2013-10-07,39.700001,40.599998,39.68,39.950001,87700,39.950001
2013-10-04,39.619999,40.189999,39.439999,40.009998,52500,40.009998
2013-10-03,40.240002,40.549999,39.310001,39.720001,73100,39.720001
2013-10-02,40.75,40.98,40.16,40.43,87700,40.43
2013-10-01,39.720001,40.939999,39.720001,40.939999,91200,40.939999
2013-09-30,38.66,39.759998,38.66,39.700001,152100,39.700001
2013-09-27,39.060001,39.169998,38.630001,39.080002,37600,39.080002
2013-09-26,38.639999,39.400002,38.240002,39.389999,76100,39.389999
2013-09-25,39.52,39.700001,39.02,39.139999,83900,39.139999
2013-09-24,39.77,40.220001,39.209999,39.529999,49200,39.529999
2013-09-23,39.619999,39.900002,38.689999,39.700001,63600,39.700001
2013-09-20,39.91,40.009998,39.439999,39.560001,144200,39.560001
2013-09-19,39.959999,39.970001,39.560001,39.889999,51800,39.889999
2013-09-18,39.68,40.00,39.220001,39.75,60200,39.75
2013-09-17,38.990002,39.57,38.50,39.57,80500,39.57
2013-09-16,39.139999,39.139999,38.59,38.91,38100,38.91
2013-09-13,38.220001,38.73,37.84,38.580002,55400,38.580002
2013-09-12,38.66,39.080002,37.990002,38.02,46100,38.02
2013-09-11,37.93,39.060001,37.93,38.59,68900,38.59
2013-09-10,38.07,38.209999,37.639999,38.130001,62900,38.130001
2013-09-09,37.689999,37.869999,37.209999,37.77,61400,37.77
2013-09-06,38.00,38.00,36.549999,37.560001,45000,37.560001
2013-09-05,38.040001,38.279999,37.73,37.75,70200,37.75
2013-09-04,37.82,38.209999,37.799999,38.119999,65500,38.119999
2013-09-03,37.849998,38.490002,37.360001,37.740002,105100,37.740002
2013-08-30,37.950001,38.02,37.189999,37.290001,111400,37.290001
2013-08-29,38.130001,38.66,37.919998,38.099998,71800,38.099998
2013-08-28,38.150002,38.240002,37.919998,37.939999,52400,37.939999
2013-08-27,38.970001,39.07,38.189999,38.240002,69900,38.240002
2013-08-26,39.560001,39.880001,39.330002,39.509998,42000,39.509998
2013-08-23,39.619999,39.849998,39.419998,39.459999,94600,39.459999
2013-08-22,39.200001,39.790001,39.09,39.509998,96900,39.509998
2013-08-21,39.009998,39.470001,38.84,39.130001,56000,39.130001
2013-08-20,38.849998,39.25,38.77,39.220001,72300,39.220001
2013-08-19,38.990002,39.27,38.709999,38.91,63200,38.91
2013-08-16,38.599998,39.049999,38.349998,38.959999,85100,38.959999
2013-08-15,39.41,39.900002,38.790001,38.799999,102700,38.799999
2013-08-14,39.48,40.16,39.48,39.84,129700,39.84
2013-08-13,39.48,39.48,38.939999,39.419998,34600,39.419998
2013-08-12,39.439999,39.810001,39.380001,39.540001,40800,39.540001
2013-08-09,39.490002,39.790001,39.32,39.650002,49900,39.650002
2013-08-08,39.650002,39.970001,39.509998,39.610001,52300,39.610001
2013-08-07,39.669998,39.959999,39.32,39.349998,86900,39.349998
2013-08-06,40.57,40.57,39.84,39.869999,114300,39.869999
2013-08-05,39.900002,40.610001,39.889999,40.599998,89300,40.599998
2013-08-02,40.110001,40.560001,39.84,39.950001,115000,39.950001
2013-08-01,39.50,40.509998,39.360001,40.349998,160400,40.349998
2013-07-31,39.130001,39.459999,38.889999,39.110001,172900,39.110001
2013-07-30,39.400002,39.540001,38.779999,39.00,118000,39.00
2013-07-29,39.880001,39.98,39.07,39.150002,113700,39.150002
2013-07-26,39.869999,40.369999,39.560001,39.91,140200,39.91
2013-07-25,39.75,40.34,39.439999,40.32,171100,40.32
2013-07-24,40.25,41.00,39.25,39.759998,203100,39.759998
2013-07-23,39.689999,39.869999,39.439999,39.75,117400,39.75
2013-07-22,39.43,39.93,39.43,39.700001,62500,39.700001
2013-07-19,39.919998,40.049999,39.610001,39.75,151800,39.75
2013-07-18,39.32,40.060001,39.169998,39.869999,123300,39.869999
2013-07-17,39.299999,39.50,39.099998,39.130001,92200,39.130001
2013-07-16,38.84,39.41,38.84,39.259998,97200,39.259998
2013-07-15,38.779999,39.040001,38.540001,38.919998,79800,38.919998
2013-07-12,38.490002,39.00,38.419998,38.650002,91300,38.650002
2013-07-11,38.119999,38.639999,38.00,38.630001,167300,38.630001
2013-07-10,37.439999,37.950001,37.43,37.919998,86700,37.919998
2013-07-09,36.720001,37.599998,36.459999,37.560001,134400,37.560001
2013-07-08,36.110001,36.73,35.98,36.619999,89900,36.619999
2013-07-05,35.860001,35.990002,35.27,35.93,66200,35.93
2013-07-03,35.349998,35.540001,35.110001,35.290001,37600,35.290001
2013-07-02,35.630001,35.830002,35.48,35.580002,87300,35.580002
2013-07-01,35.330002,36.279999,35.259998,35.860001,115600,35.860001
2013-06-28,35.18,35.470001,35.060001,35.099998,197800,35.099998
2013-06-27,34.93,35.419998,34.759998,35.360001,50500,35.360001
2013-06-26,34.970001,35.209999,34.119999,34.68,111200,34.68
2013-06-25,35.349998,35.540001,34.77,34.810001,70400,34.810001
2013-06-24,35.09,35.369999,34.75,35.00,87300,35.00
2013-06-21,34.790001,35.529999,34.709999,35.23,255100,35.23
2013-06-20,35.439999,35.439999,34.509998,34.66,93700,34.66
2013-06-19,36.720001,36.720001,35.790001,35.799999,49000,35.799999
2013-06-18,36.259998,36.759998,36.119999,36.740002,68800,36.740002
2013-06-17,36.32,36.459999,35.990002,36.209999,64900,36.209999
2013-06-14,36.529999,36.529999,35.919998,35.970001,43200,35.970001
2013-06-13,35.950001,36.52,35.509998,36.470001,81500,36.470001
2013-06-12,36.619999,36.619999,35.869999,36.02,63700,36.02
2013-06-11,36.099998,36.540001,34.950001,36.25,103800,36.25
2013-06-10,35.880001,36.529999,35.810001,36.50,198700,36.50
2013-06-07,35.720001,36.130001,35.720001,35.84,88300,35.84
2013-06-06,35.400002,35.77,35.209999,35.459999,113300,35.459999
2013-06-05,35.560001,35.810001,35.130001,35.330002,90600,35.330002
2013-06-04,36.080002,36.380001,35.32,35.689999,170300,35.689999
2013-06-03,35.50,36.169998,35.290001,36.130001,196900,36.130001
2013-05-31,35.759998,36.119999,35.50,35.529999,142000,35.529999
2013-05-30,35.91,36.150002,35.860001,36.00,78400,36.00
2013-05-29,35.900002,36.23,35.52,35.91,92800,35.91
2013-05-28,36.00,36.700001,36.00,36.130001,171200,36.130001
2013-05-24,35.950001,36.099998,35.610001,35.959999,113200,35.959999
2013-05-23,35.68,36.099998,35.50,36.040001,197600,36.040001
2013-05-22,35.869999,36.130001,35.549999,35.849998,143800,35.849998
2013-05-21,36.200001,36.200001,35.799999,35.900002,126500,35.900002
2013-05-20,36.369999,36.48,36.130001,36.220001,264400,36.220001
2013-05-17,36.419998,36.450001,36.130001,36.380001,155200,36.380001
2013-05-16,36.119999,36.330002,35.869999,36.209999,133400,36.209999
2013-05-15,35.610001,36.119999,35.32,36.060001,143200,36.060001
2013-05-14,35.299999,35.630001,35.00,35.580002,106500,35.580002
2013-05-13,35.43,35.439999,35.09,35.220001,124000,35.220001
2013-05-10,35.189999,35.459999,35.049999,35.360001,142800,35.360001
2013-05-09,35.419998,35.52,34.799999,35.07,185000,35.07
2013-05-08,35.240002,35.400002,34.709999,35.389999,147000,35.389999
2013-05-07,34.830002,35.09,34.66,35.09,149200,35.09
2013-05-06,34.419998,34.869999,34.330002,34.68,176300,34.68
2013-05-03,34.18,34.52,33.919998,34.310001,371700,34.310001
2013-05-02,32.93,33.919998,32.93,33.82,264300,33.82
2013-05-01,33.369999,33.389999,32.209999,32.720001,223300,32.720001
2013-04-30,33.43,33.689999,33.209999,33.560001,123600,33.560001
2013-04-29,33.450001,33.799999,33.369999,33.52,124300,33.52
2013-04-26,34.09,34.220001,32.849998,33.240002,156600,33.240002
2013-04-25,33.810001,34.41,33.619999,34.189999,153700,34.189999
2013-04-24,34.00,34.00,32.889999,33.66,221200,33.66
2013-04-23,33.240002,34.00,33.049999,33.990002,150300,33.990002
2013-04-22,32.98,33.130001,32.25,32.970001,108800,32.970001
2013-04-19,32.939999,33.130001,32.599998,32.860001,527800,32.860001
2013-04-18,32.709999,33.290001,32.240002,33.00,260800,33.00
2013-04-17,32.509998,32.849998,31.76,32.599998,130200,32.599998
2013-04-16,32.16,33.009998,31.74,32.77,143700,32.77
2013-04-15,32.720001,32.93,31.719999,32.009998,126800,32.009998
2013-04-12,32.810001,33.029999,32.77,32.970001,116700,32.970001
2013-04-11,32.779999,33.060001,32.700001,32.990002,71100,32.990002
2013-04-10,32.23,32.959999,32.110001,32.799999,122200,32.799999
2013-04-09,32.860001,33.060001,32.310001,32.34,103300,32.34
2013-04-08,32.790001,32.959999,32.43,32.93,67500,32.93
2013-04-05,32.450001,32.799999,32.330002,32.759998,81700,32.759998
2013-04-04,32.630001,32.919998,32.200001,32.900002,62700,32.900002
2013-04-03,33.34,33.380001,32.599998,32.66,81900,32.66
2013-04-02,33.07,33.619999,33.07,33.369999,256200,33.369999
2013-04-01,33.529999,33.720001,32.779999,33.00,177000,33.00
2013-03-28,33.400002,33.779999,33.110001,33.639999,221700,33.639999
2013-03-27,33.060001,33.32,32.619999,33.279999,220900,33.279999
2013-03-26,33.23,33.549999,33.00,33.32,285900,33.32
2013-03-25,32.740002,33.240002,32.48,33.200001,399900,33.200001
2013-03-22,33.02,33.09,32.549999,32.720001,97900,32.720001
2013-03-21,32.880001,33.119999,32.740002,32.880001,92400,32.880001
2013-03-20,33.419998,33.52,32.919998,33.099998,94300,33.099998
2013-03-19,32.810001,33.52,32.810001,33.32,175200,33.32
2013-03-18,32.799999,33.07,32.77,32.82,177700,32.82
2013-03-15,33.00,33.240002,32.75,32.959999,338500,32.959999
2013-03-14,31.98,32.73,31.969999,32.599998,227300,32.599998
2013-03-13,31.25,32.119999,31.25,31.959999,172300,31.959999
2013-03-12,30.77,31.43,30.700001,31.32,148900,31.32
2013-03-11,30.450001,31.030001,30.450001,30.91,152300,30.91
2013-03-08,30.16,30.620001,30.00,30.57,771300,30.57
2013-03-07,29.74,30.02,29.74,29.92,149500,29.92
2013-03-06,29.41,30.01,29.280001,29.790001,250200,29.790001
2013-03-05,29.50,29.540001,29.030001,29.41,199300,29.41
2013-03-04,29.940001,30.110001,29.41,29.440001,241700,29.440001
2013-03-01,29.940001,30.209999,29.719999,30.049999,245100,30.049999
2013-02-28,30.459999,30.780001,30.120001,30.200001,293100,30.200001
2013-02-27,30.40,30.889999,30.00,30.73,106600,30.73
2013-02-26,31.24,31.34,29.02,30.370001,282400,30.370001
2013-02-25,31.99,32.02,31.15,31.26,123800,31.26
2013-02-22,32.110001,32.23,31.50,31.85,99400,31.85
2013-02-21,32.349998,32.48,31.879999,31.91,162700,31.91
2013-02-20,32.619999,32.77,32.209999,32.299999,159500,32.299999
2013-02-19,32.119999,32.66,31.77,32.650002,133300,32.650002
2013-02-15,31.93,32.259998,31.75,32.130001,144000,32.130001
2013-02-14,31.42,31.799999,31.40,31.73,69000,31.73
2013-02-13,30.950001,31.450001,30.950001,31.43,96000,31.43
2013-02-12,30.860001,30.950001,30.74,30.860001,59100,30.860001
2013-02-11,31.09,31.24,30.620001,30.82,59700,30.82
2013-02-08,30.889999,31.35,30.690001,31.00,96300,31.00
2013-02-07,30.90,30.98,30.25,30.90,100600,30.90
2013-02-06,30.60,30.85,30.33,30.85,139500,30.85
2013-02-05,30.530001,30.780001,30.34,30.700001,131400,30.700001
2013-02-04,31.059999,31.17,30.379999,30.48,127800,30.48
2013-02-01,31.41,31.469999,31.10,31.23,128600,31.23
2013-01-31,31.24,31.450001,31.030001,31.209999,182900,31.209999
2013-01-30,31.440001,31.459999,31.09,31.190001,107300,31.190001
2013-01-29,31.52,31.620001,30.93,31.530001,93300,31.530001
2013-01-28,31.65,31.75,31.40,31.59,112800,31.59
2013-01-25,31.85,31.85,31.469999,31.65,79600,31.65
2013-01-24,31.58,31.959999,31.58,31.690001,315900,31.690001
2013-01-23,31.85,31.85,31.50,31.60,101500,31.60
2013-01-22,31.889999,31.99,31.75,31.85,199600,31.85
2013-01-18,31.74,31.99,31.51,31.950001,88500,31.950001
2013-01-17,31.469999,31.99,30.98,31.82,127500,31.82
2013-01-16,30.84,31.370001,30.75,31.290001,151400,31.290001
2013-01-15,29.620001,30.90,29.620001,30.809999,295400,30.809999
2013-01-14,29.67,30.110001,29.67,29.82,69500,29.82
2013-01-11,29.870001,30.00,29.620001,29.790001,338000,29.790001
2013-01-10,29.870001,29.879999,29.610001,29.76,118000,29.76
2013-01-09,29.92,29.98,29.65,29.879999,133800,29.879999
2013-01-08,29.82,30.02,29.690001,29.870001,208300,29.870001
2013-01-07,29.75,29.90,29.280001,29.809999,206700,29.809999
2013-01-04,30.35,30.35,29.73,29.84,195300,29.84
2013-01-03,30.459999,30.620001,29.950001,30.18,87400,30.18
2013-01-02,30.559999,30.700001,30.02,30.40,221400,30.40
2012-12-31,29.92,30.16,29.709999,30.01,153900,30.01
2012-12-28,29.889999,30.09,29.629999,29.879999,103600,29.879999
2012-12-27,29.780001,30.139999,29.469999,30.059999,123100,30.059999
2012-12-26,30.02,30.50,29.67,29.83,99200,29.83
2012-12-24,30.40,30.49,29.77,30.040001,44900,30.040001
2012-12-21,29.99,30.469999,29.52,30.469999,472100,30.469999
2012-12-20,29.860001,30.23,29.77,30.129999,106700,30.129999
2012-12-19,29.59,30.049999,29.49,29.90,98200,29.90
2012-12-18,29.309999,29.74,29.190001,29.559999,106500,29.559999
2012-12-17,29.23,29.309999,28.969999,29.219999,70200,29.219999
2012-12-14,28.889999,29.40,28.889999,29.07,61900,29.07
2012-12-13,29.07,29.24,28.91,28.99,40200,28.99
2012-12-12,29.209999,29.530001,29.01,29.110001,87400,29.110001
2012-12-11,29.25,29.25,28.950001,29.040001,314400,29.040001
2012-12-10,29.08,29.09,28.91,29.030001,143900,29.030001
2012-12-07,29.32,29.32,29.01,29.09,67300,29.09
2012-12-06,29.049999,29.309999,28.77,29.120001,87000,29.120001
2012-12-05,28.639999,29.110001,28.299999,29.08,98300,29.08
2012-12-04,28.629999,29.00,28.219999,28.51,105700,28.51
2012-12-03,28.129999,28.67,27.959999,28.65,111300,28.65
2012-11-30,28.23,28.23,27.85,28.02,116600,28.02
2012-11-29,27.450001,28.18,27.450001,28.120001,71300,28.120001
2012-11-28,26.889999,27.209999,26.360001,27.209999,82800,27.209999
2012-11-27,27.219999,27.379999,26.790001,27.02,96900,27.02
2012-11-26,27.42,27.57,27.10,27.200001,276600,27.200001
2012-11-23,27.17,27.40,27.08,27.40,39400,27.40
2012-11-21,27.280001,27.280001,27.01,27.059999,45100,27.059999
2012-11-20,27.24,27.25,27.00,27.209999,105200,27.209999
2012-11-19,27.02,27.25,26.93,27.209999,62600,27.209999
2012-11-16,26.709999,26.969999,26.15,26.82,112200,26.82
2012-11-15,26.450001,26.809999,26.18,26.75,102400,26.75
2012-11-14,27.110001,27.290001,26.440001,26.469999,83700,26.469999
2012-11-13,27.469999,27.620001,26.98,27.120001,122400,27.120001
2012-11-12,27.440001,27.809999,25.00,27.68,65200,27.68
2012-11-09,27.34,27.67,27.10,27.33,96300,27.33
2012-11-08,27.700001,27.98,27.50,27.50,118500,27.50
2012-11-07,27.90,28.17,27.450001,27.66,106100,27.66
2012-11-06,28.120001,28.25,27.799999,28.07,90800,28.07
2012-11-05,27.99,28.209999,27.73,28.08,73900,28.08
2012-11-02,28.950001,29.049999,28.030001,28.08,121400,28.08
2012-11-01,28.49,29.09,28.27,28.93,140900,28.93
2012-10-31,28.02,28.559999,27.940001,28.52,140100,28.52
2012-10-26,28.030001,28.299999,27.959999,28.08,116100,28.08
2012-10-25,28.16,28.209999,27.48,27.940001,110500,27.940001
2012-10-24,26.26,28.360001,26.10,28.02,211000,28.02
2012-10-23,26.040001,26.15,25.709999,26.040001,80900,26.040001
2012-10-22,25.879999,26.27,25.84,26.209999,91200,26.209999
2012-10-19,26.459999,26.51,25.559999,25.98,161600,25.98
2012-10-18,27.280001,27.389999,26.370001,26.469999,287100,26.469999
2012-10-17,27.15,27.610001,27.030001,27.360001,312200,27.360001
2012-10-16,27.33,27.629999,26.950001,27.17,133600,27.17
2012-10-15,27.24,27.469999,27.059999,27.25,105400,27.25
2012-10-12,27.49,27.60,27.09,27.23,132600,27.23
2012-10-11,27.75,27.90,27.290001,27.50,243700,27.50
2012-10-10,27.83,27.92,27.610001,27.639999,54100,27.639999
2012-10-09,28.200001,28.450001,27.73,27.75,56700,27.75
2012-10-08,28.190001,28.48,28.16,28.25,78700,28.25
2012-10-05,28.450001,28.639999,28.33,28.34,82300,28.34
2012-10-04,28.780001,28.780001,27.950001,28.41,80400,28.41
2012-10-03,29.26,29.26,28.610001,28.639999,74900,28.639999
2012-10-02,29.08,29.209999,28.90,29.209999,82900,29.209999
2012-10-01,28.60,29.25,28.50,28.889999,115800,28.889999
2012-09-28,28.379999,28.73,28.379999,28.379999,87000,28.379999
2012-09-27,28.200001,28.76,28.139999,28.559999,111700,28.559999
2012-09-26,28.559999,28.57,28.040001,28.16,60700,28.16
2012-09-25,28.780001,29.059999,28.40,28.459999,85700,28.459999
2012-09-24,28.65,29.08,28.549999,28.68,77800,28.68
2012-09-21,28.610001,29.049999,28.33,28.82,237000,28.82
2012-09-20,28.00,28.40,27.799999,28.16,81000,28.16
2012-09-19,28.360001,28.360001,27.73,28.129999,96200,28.129999
2012-09-18,27.93,28.440001,27.82,28.33,161300,28.33
2012-09-17,27.50,27.92,27.24,27.889999,136500,27.889999
2012-09-14,29.209999,29.209999,27.299999,27.629999,495100,27.629999
2012-09-13,28.809999,28.969999,28.639999,28.879999,205400,28.879999
2012-09-12,28.870001,29.16,28.610001,28.790001,130200,28.790001
2012-09-11,29.040001,29.280001,28.620001,28.799999,179300,28.799999
2012-09-10,29.65,29.77,28.940001,29.040001,252600,29.040001
2012-09-07,30.389999,30.389999,29.67,29.77,102000,29.77
2012-09-06,30.02,30.65,29.98,30.40,104700,30.40
2012-09-05,30.02,30.07,29.639999,29.950001,86800,29.950001
2012-09-04,29.33,29.959999,29.27,29.93,199400,29.93
2012-08-31,29.870001,29.870001,29.290001,29.41,49000,29.41
2012-08-30,29.65,29.809999,29.469999,29.60,46300,29.60
2012-08-29,29.65,29.879999,29.459999,29.74,121400,29.74
2012-08-28,29.35,29.639999,29.32,29.59,74600,29.59
2012-08-27,29.540001,29.540001,29.23,29.40,79500,29.40
2012-08-24,29.42,29.73,29.360001,29.49,62800,29.49
2012-08-23,29.620001,29.73,29.309999,29.559999,84100,29.559999
2012-08-22,29.73,29.98,29.52,29.60,145500,29.60
2012-08-21,29.639999,30.030001,29.549999,29.76,151600,29.76
2012-08-20,29.709999,29.809999,29.360001,29.58,116500,29.58
2012-08-17,29.549999,29.879999,29.540001,29.83,67000,29.83
2012-08-16,29.469999,29.75,29.120001,29.639999,55200,29.639999
2012-08-15,29.120001,29.57,28.049999,29.559999,82100,29.559999
2012-08-14,30.00,30.00,29.15,29.23,108200,29.23
2012-08-13,29.85,29.940001,29.32,29.860001,93100,29.860001
2012-08-10,29.969999,30.040001,29.629999,29.99,114500,29.99
2012-08-09,29.780001,30.030001,29.549999,29.959999,186800,29.959999
2012-08-08,29.40,29.98,29.32,29.84,124200,29.84
2012-08-07,29.50,29.50,29.17,29.440001,170800,29.440001
2012-08-06,29.280001,29.34,28.889999,29.209999,101600,29.209999
2012-08-03,29.27,29.51,28.860001,29.129999,125100,29.129999
2012-08-02,28.84,28.870001,28.40,28.690001,120300,28.690001
2012-08-01,29.620001,29.85,28.889999,28.90,152800,28.90
2012-07-31,29.77,29.940001,29.469999,29.540001,220200,29.540001
2012-07-30,29.700001,29.91,29.549999,29.90,144000,29.90
2012-07-27,29.219999,29.870001,28.93,29.700001,162100,29.700001
2012-07-26,29.92,29.92,28.92,29.15,119600,29.15
2012-07-25,28.68,29.459999,27.76,29.440001,259300,29.440001
2012-07-24,30.23,30.23,29.469999,29.700001,142100,29.700001
2012-07-23,30.299999,30.51,29.889999,30.01,446100,30.01
2012-07-20,31.959999,31.959999,30.620001,30.790001,258000,30.790001
2012-07-19,32.080002,32.169998,31.719999,32.009998,192600,32.009998
2012-07-18,31.42,32.07,31.049999,31.969999,140900,31.969999
2012-07-17,31.50,31.799999,31.16,31.35,148500,31.35
2012-07-16,31.059999,31.549999,30.91,31.200001,126200,31.200001
2012-07-13,30.469999,31.129999,30.469999,31.049999,160000,31.049999
2012-07-12,30.27,30.450001,30.049999,30.34,194600,30.34
2012-07-11,30.93,30.93,30.200001,30.42,130400,30.42
2012-07-10,30.41,30.93,30.26,30.74,262400,30.74
2012-07-09,29.90,30.200001,29.860001,30.120001,219200,30.120001
2012-07-06,29.92,30.200001,29.879999,29.99,154300,29.99
2012-07-05,30.469999,30.469999,30.09,30.23,67100,30.23
2012-07-03,30.41,30.809999,30.35,30.469999,123800,30.469999
2012-07-02,29.82,30.40,29.60,30.40,205700,30.40
2012-06-29,30.00,30.00,29.459999,29.98,243400,29.98
2012-06-28,28.879999,29.74,28.51,29.629999,144400,29.629999
2012-06-27,28.85,29.25,28.82,29.129999,144800,29.129999
2012-06-26,28.969999,29.08,28.620001,28.90,82800,28.90
2012-06-25,28.879999,29.10,28.85,28.969999,95500,28.969999
2012-06-22,29.26,29.58,29.190001,29.41,544900,29.41
2012-06-21,29.559999,29.75,28.93,29.120001,103900,29.120001
2012-06-20,29.389999,29.74,29.25,29.52,111200,29.52
2012-06-19,29.23,29.889999,29.219999,29.379999,193100,29.379999
2012-06-18,28.940001,29.33,28.809999,29.120001,108200,29.120001
2012-06-15,28.74,29.299999,28.610001,29.15,244800,29.15
2012-06-14,28.540001,28.92,28.18,28.870001,95200,28.870001
2012-06-13,28.35,28.82,28.280001,28.440001,64000,28.440001
2012-06-12,28.35,28.469999,27.76,28.469999,133000,28.469999
2012-06-11,29.120001,29.209999,28.15,28.190001,106800,28.190001
2012-06-08,27.83,28.83,26.620001,28.700001,382500,28.700001
2012-06-07,28.049999,28.049999,27.76,27.959999,148400,27.959999
2012-06-06,27.309999,27.74,27.09,27.700001,103400,27.700001
2012-06-05,26.59,27.02,26.59,26.99,80800,26.99
2012-06-04,26.809999,26.93,26.34,26.76,55500,26.76
2012-06-01,26.68,28.48,26.51,26.67,92600,26.67
2012-05-31,27.450001,27.57,27.209999,27.32,88600,27.32
2012-05-30,27.50,29.030001,27.40,27.40,102600,27.40
2012-05-29,27.76,27.889999,27.559999,27.68,122400,27.68
2012-05-25,27.809999,27.85,27.41,27.469999,89100,27.469999
2012-05-24,27.90,28.00,27.41,27.77,78800,27.77
2012-05-23,27.83,27.969999,27.280001,27.889999,73000,27.889999
2012-05-22,28.120001,28.51,27.99,28.200001,124000,28.200001
2012-05-21,27.75,28.190001,27.51,28.17,115800,28.17
2012-05-18,27.85,28.370001,27.50,27.59,160300,27.59
2012-05-17,28.379999,28.540001,27.940001,27.959999,126300,27.959999
2012-05-16,28.77,28.799999,28.32,28.389999,137700,28.389999
2012-05-15,27.870001,28.76,27.870001,28.60,157000,28.60
2012-05-14,27.67,28.049999,27.57,27.959999,108900,27.959999
2012-05-11,28.030001,28.17,27.809999,27.959999,113800,27.959999
2012-05-10,28.52,28.52,27.85,28.25,94000,28.25
2012-05-09,28.299999,28.49,28.09,28.23,99000,28.23
2012-05-08,28.32,28.75,28.25,28.700001,92700,28.700001
2012-05-07,27.51,28.879999,27.299999,28.540001,278000,28.540001
2012-05-04,28.219999,28.219999,27.610001,27.66,155200,27.66
2012-05-03,28.68,28.68,28.129999,28.41,131600,28.41
2012-05-02,28.379999,28.719999,28.200001,28.629999,121600,28.629999
2012-05-01,28.84,29.41,28.530001,28.65,192000,28.65
2012-04-30,29.43,29.43,28.610001,28.76,103000,28.76
2012-04-27,28.799999,29.43,28.799999,29.360001,177400,29.360001
2012-04-26,28.799999,29.370001,28.709999,28.83,194200,28.83
2012-04-25,27.389999,29.780001,27.27,28.950001,572300,28.950001
2012-04-24,26.559999,27.040001,26.370001,26.950001,168700,26.950001
2012-04-23,26.90,27.299999,26.59,26.620001,93100,26.620001
2012-04-20,27.60,27.610001,27.26,27.389999,101400,27.389999
2012-04-19,27.049999,27.42,26.77,27.07,86600,27.07
2012-04-18,27.120001,27.219999,26.889999,27.129999,76600,27.129999
2012-04-17,26.84,27.629999,26.84,27.35,104700,27.35
2012-04-16,26.67,26.799999,26.309999,26.59,111200,26.59
2012-04-13,26.90,26.90,26.450001,26.65,157900,26.65
2012-04-12,26.969999,27.290001,26.93,27.030001,140300,27.030001
2012-04-11,26.799999,27.059999,26.629999,26.90,80300,26.90
2012-04-10,27.299999,27.40,26.469999,26.57,115300,26.57
2012-04-09,27.40,27.639999,27.02,27.26,87500,27.26
2012-04-05,27.620001,28.049999,27.620001,27.85,113500,27.85
2012-04-04,27.73,27.959999,27.57,27.889999,161600,27.889999
2012-04-03,28.120001,28.33,27.90,28.040001,80600,28.040001
2012-04-02,27.809999,28.32,27.639999,28.27,150100,28.27
2012-03-30,28.00,28.290001,27.709999,27.98,144600,27.98
2012-03-29,27.540001,28.00,27.51,27.870001,133800,27.870001
2012-03-28,28.00,28.040001,27.610001,27.709999,154100,27.709999
2012-03-27,28.120001,28.190001,27.84,27.92,168700,27.92
2012-03-26,27.75,28.17,27.629999,28.15,209100,28.15
2012-03-23,26.98,27.59,26.90,27.51,199600,27.51
2012-03-22,26.719999,27.02,26.58,26.92,117300,26.92
2012-03-21,27.07,27.190001,26.85,26.959999,128300,26.959999
2012-03-20,26.98,27.16,26.83,27.00,128200,27.00
2012-03-19,26.83,27.459999,26.82,27.190001,225500,27.190001
2012-03-16,26.610001,27.17,26.469999,26.91,246800,26.91
2012-03-15,26.209999,26.51,26.030001,26.50,94800,26.50
2012-03-14,26.120001,26.309999,26.10,26.25,193800,26.25
2012-03-13,26.27,26.360001,25.940001,26.110001,138000,26.110001
2012-03-12,26.120001,26.219999,25.91,26.059999,92700,26.059999
2012-03-09,25.440001,26.26,25.34,26.16,183400,26.16
2012-03-08,25.200001,25.67,24.90,25.559999,144600,25.559999
2012-03-07,24.940001,25.10,24.799999,25.07,116700,25.07
2012-03-06,25.16,25.50,24.83,24.889999,97300,24.889999
2012-03-05,25.08,25.50,25.07,25.450001,136500,25.450001
2012-03-02,25.41,25.60,25.01,25.07,142100,25.07
2012-03-01,26.190001,26.309999,25.33,25.41,312000,25.41
2012-02-29,27.01,27.16,25.98,26.129999,222900,26.129999
2012-02-28,27.040001,27.299999,26.85,26.969999,161700,26.969999
2012-02-27,26.35,27.280001,26.35,27.040001,119300,27.040001
2012-02-24,25.99,26.700001,25.940001,26.48,122100,26.48
2012-02-23,25.91,26.40,25.90,26.17,163200,26.17
2012-02-22,26.120001,26.299999,25.809999,25.809999,118600,25.809999
2012-02-21,26.059999,26.440001,26.00,26.10,85100,26.10
2012-02-17,26.459999,26.50,26.16,26.18,67300,26.18
2012-02-16,25.950001,26.42,25.83,26.34,95300,26.34
2012-02-15,26.49,26.60,25.889999,26.040001,85500,26.040001
2012-02-14,26.24,26.49,25.950001,26.42,308200,26.42
2012-02-13,26.700001,26.700001,26.379999,26.42,83500,26.42
2012-02-10,26.42,26.690001,26.379999,26.379999,103000,26.379999
2012-02-09,27.049999,27.07,26.530001,26.700001,173900,26.700001
2012-02-08,27.00,27.190001,26.84,27.02,194600,27.02
2012-02-07,27.360001,27.40,26.940001,27.040001,86900,27.040001
2012-02-06,27.450001,27.620001,27.07,27.40,113600,27.40
2012-02-03,27.00,27.93,26.969999,27.60,165600,27.60
2012-02-02,26.280001,26.66,25.90,26.66,157300,26.66
2012-02-01,25.889999,26.32,25.76,26.299999,174500,26.299999
2012-01-31,26.01,26.01,25.639999,25.74,103700,25.74
2012-01-30,25.98,26.18,25.809999,25.82,105400,25.82
2012-01-27,26.030001,26.459999,25.940001,26.440001,94000,26.440001
2012-01-26,26.200001,26.27,25.77,26.15,94100,26.15
2012-01-25,25.620001,26.200001,25.33,26.15,107500,26.15
2012-01-24,25.219999,25.790001,25.219999,25.780001,119000,25.780001
2012-01-23,25.459999,25.66,25.200001,25.27,98900,25.27
2012-01-20,25.620001,25.74,25.389999,25.40,190300,25.40
2012-01-19,25.93,25.93,25.450001,25.60,63700,25.60
2012-01-18,25.65,25.76,25.360001,25.75,75400,25.75
2012-01-17,25.75,25.790001,25.440001,25.59,159500,25.59
2012-01-13,25.51,25.76,25.469999,25.610001,85200,25.610001
2012-01-12,25.90,25.90,25.35,25.84,106200,25.84
2012-01-11,25.68,25.959999,25.629999,25.75,92900,25.75
2012-01-10,26.120001,26.120001,25.549999,25.83,104900,25.83
2012-01-09,26.040001,26.040001,25.68,25.83,131600,25.83
2012-01-06,25.860001,26.09,25.68,25.98,222500,25.98
2012-01-05,25.51,25.959999,25.360001,25.879999,103600,25.879999
2012-01-04,25.75,26.01,25.450001,25.559999,150100,25.559999
2012-01-03,26.58,26.58,25.780001,25.959999,130200,25.959999
2011-12-30,26.299999,26.40,26.040001,26.040001,125500,26.040001
2011-12-29,26.17,26.51,26.16,26.379999,74200,26.379999
2011-12-28,26.709999,26.74,26.00,26.17,107200,26.17
2011-12-27,26.540001,26.870001,26.32,26.709999,57600,26.709999
2011-12-23,26.83,26.83,26.549999,26.67,42200,26.67
2011-12-22,26.52,26.809999,26.440001,26.700001,95700,26.700001
2011-12-21,26.41,26.51,26.209999,26.43,122900,26.43
2011-12-20,26.049999,26.49,26.00,26.360001,152400,26.360001
2011-12-19,25.799999,26.219999,25.620001,25.65,131100,25.65
2011-12-16,25.959999,26.41,25.25,25.67,566000,25.67
2011-12-15,25.790001,25.99,25.540001,25.870001,115000,25.870001
2011-12-14,25.50,25.879999,25.379999,25.48,149700,25.48
2011-12-13,26.25,26.43,25.639999,25.75,260600,25.75
2011-12-12,25.940001,26.09,25.59,26.02,117200,26.02
2011-12-09,25.610001,26.49,25.610001,26.27,157700,26.27
2011-12-08,25.969999,26.00,25.58,25.58,149000,25.58
2011-12-07,25.57,26.209999,25.26,26.15,162000,26.15
2011-12-06,25.67,26.33,25.51,25.67,78100,25.67
2011-12-05,25.66,26.01,25.440001,25.68,179200,25.68
2011-12-02,26.08,26.08,25.030001,25.27,168700,25.27
2011-12-01,25.92,26.190001,25.690001,25.74,190000,25.74
2011-11-30,25.209999,26.10,25.139999,26.08,330000,26.08
2011-11-29,24.49,24.50,24.200001,24.370001,150200,24.370001
2011-11-28,24.040001,24.450001,23.83,24.42,168000,24.42
2011-11-25,24.01,24.15,23.360001,23.370001,62200,23.370001
2011-11-23,24.49,24.540001,24.110001,24.120001,140000,24.120001
2011-11-22,24.59,25.10,24.48,24.690001,125000,24.690001
2011-11-21,25.02,25.129999,24.709999,24.719999,126100,24.719999
2011-11-18,24.959999,25.48,24.91,25.440001,145300,25.440001
2011-11-17,24.77,25.129999,24.719999,24.93,154100,24.93
2011-11-16,24.98,25.120001,24.65,24.76,140000,24.76
2011-11-15,24.790001,25.34,24.610001,25.209999,109200,25.209999
2011-11-14,25.40,25.40,24.59,24.90,131200,24.90
2011-11-11,25.110001,25.549999,25.110001,25.50,103000,25.50
2011-11-10,25.040001,25.040001,24.66,24.92,127600,24.92
2011-11-09,25.120001,25.34,24.639999,24.690001,189600,24.690001
2011-11-08,25.74,25.74,24.870001,25.700001,189000,25.700001
2011-11-07,25.26,25.610001,25.059999,25.549999,236800,25.549999
2011-11-04,25.26,25.41,25.01,25.280001,115300,25.280001
2011-11-03,25.290001,25.549999,24.870001,25.48,167000,25.48
2011-11-02,25.00,25.120001,24.65,25.110001,174000,25.110001
2011-11-01,24.530001,25.200001,23.99,24.559999,191600,24.559999
2011-10-31,25.51,25.82,25.219999,25.33,130900,25.33
2011-10-28,25.690001,26.24,25.60,25.92,177400,25.92
2011-10-27,25.309999,25.860001,24.34,25.76,257500,25.76
2011-10-26,24.780001,25.16,24.00,24.610001,222800,24.610001
2011-10-25,25.07,25.799999,24.690001,24.879999,163600,24.879999
2011-10-24,24.51,25.209999,24.51,25.15,139000,25.15
2011-10-21,24.34,24.469999,23.83,24.389999,148900,24.389999
2011-10-20,24.030001,24.030001,23.299999,23.889999,65000,23.889999
2011-10-19,24.530001,24.76,23.799999,23.950001,148600,23.950001
2011-10-18,23.870001,24.52,23.68,24.40,151500,24.40
2011-10-17,24.33,24.459999,23.67,23.790001,156600,23.790001
2011-10-14,24.33,24.620001,24.129999,24.59,110000,24.59
2011-10-13,24.16,24.16,23.52,24.139999,106700,24.139999
2011-10-12,23.530001,24.540001,23.530001,24.35,173700,24.35
2011-10-11,23.27,23.50,23.030001,23.290001,142900,23.290001
2011-10-10,22.98,23.530001,22.969999,23.50,184700,23.50
2011-10-07,23.16,23.23,22.459999,22.549999,183000,22.549999
2011-10-06,22.75,23.139999,22.50,23.110001,240400,23.110001
2011-10-05,22.74,23.040001,22.33,22.77,197700,22.77
2011-10-04,21.530001,22.940001,21.309999,22.799999,371000,22.799999
2011-10-03,22.25,22.85,21.530001,21.700001,320500,21.700001
2011-09-30,22.299999,23.040001,22.08,22.50,240000,22.50
2011-09-29,22.370001,22.700001,22.16,22.57,267600,22.57
2011-09-28,22.00,22.17,21.59,21.940001,252200,21.940001
2011-09-27,22.02,22.450001,21.75,21.969999,158000,21.969999
2011-09-26,21.16,21.65,20.84,21.60,160700,21.60
2011-09-23,20.879999,21.309999,20.67,20.950001,124300,20.950001
2011-09-22,20.379999,21.139999,19.860001,20.879999,332600,20.879999
2011-09-21,21.51,21.74,20.92,20.93,222300,20.93
2011-09-20,21.790001,22.18,21.43,21.469999,247800,21.469999
2011-09-19,21.959999,22.040001,21.610001,21.700001,129600,21.700001
2011-09-16,22.43,22.469999,22.110001,22.34,182000,22.34
2011-09-15,22.209999,22.290001,21.74,22.27,123500,22.27
2011-09-14,22.059999,22.379999,21.469999,21.959999,160100,21.959999
2011-09-13,21.57,21.82,21.34,21.780001,142800,21.780001
2011-09-12,20.82,21.459999,20.780001,21.42,137000,21.42
2011-09-09,21.59,21.60,20.92,21.16,211800,21.16
2011-09-08,22.200001,22.450001,21.82,21.85,109200,21.85
2011-09-07,21.49,22.549999,21.25,22.41,242100,22.41
2011-09-06,20.50,21.18,20.50,21.129999,144300,21.129999
2011-09-02,21.870001,22.08,21.08,21.09,126500,21.09
2011-09-01,22.59,23.09,22.040001,22.24,141400,22.24
2011-08-31,22.57,22.75,22.280001,22.629999,182200,22.629999
2011-08-30,22.120001,22.52,21.73,22.40,154900,22.40
2011-08-29,21.540001,22.299999,21.34,22.26,169800,22.26
2011-08-26,20.59,21.32,20.34,21.24,110300,21.24
2011-08-25,21.360001,21.40,20.40,20.65,138700,20.65
2011-08-24,20.809999,21.40,20.67,21.25,119200,21.25
2011-08-23,19.84,20.93,19.84,20.90,141100,20.90
2011-08-22,20.35,20.959999,19.68,19.799999,127000,19.799999
2011-08-19,19.780001,20.42,19.639999,19.92,125000,19.92
2011-08-18,20.709999,20.719999,19.99,20.049999,204100,20.049999
2011-08-17,21.32,21.42,20.83,21.24,87200,21.24
2011-08-16,21.389999,21.389999,20.959999,21.25,161300,21.25
2011-08-15,21.610001,21.92,21.42,21.59,193600,21.59
2011-08-12,21.530001,21.83,21.18,21.52,155300,21.52
2011-08-11,20.65,21.67,20.52,21.389999,160100,21.389999
2011-08-10,21.059999,21.540001,20.58,20.610001,232200,20.610001
2011-08-09,20.58,21.719999,19.08,21.639999,310300,21.639999
2011-08-08,21.889999,22.34,20.35,20.35,344900,20.35
2011-08-05,23.25,23.940001,21.74,22.33,494600,22.33
2011-08-04,24.190001,24.35,23.17,23.17,207400,23.17
2011-08-03,24.26,24.459999,23.690001,24.40,125800,24.40
2011-08-02,24.379999,25.01,24.110001,24.16,147100,24.16
2011-08-01,25.549999,25.549999,24.15,24.530001,287900,24.530001
2011-07-29,25.469999,25.860001,25.00,25.43,134100,25.43
2011-07-28,25.879999,26.110001,25.50,25.549999,103100,25.549999
2011-07-27,26.10,26.33,25.52,25.76,198500,25.76
2011-07-26,26.700001,26.799999,26.219999,26.25,90300,26.25
2011-07-25,26.35,26.889999,26.110001,26.65,133000,26.65
2011-07-22,26.10,26.98,26.10,26.67,175900,26.67
2011-07-21,26.51,26.83,26.32,26.389999,165500,26.389999
2011-07-20,26.76,26.889999,26.34,26.459999,148600,26.459999
2011-07-19,26.309999,26.75,25.76,26.719999,114300,26.719999
2011-07-18,26.389999,26.610001,25.959999,26.09,66000,26.09
2011-07-15,26.280001,26.709999,26.16,26.540001,117300,26.540001
2011-07-14,26.799999,26.90,26.18,26.23,131900,26.23
2011-07-13,26.68,27.10,26.58,26.799999,65400,26.799999
2011-07-12,26.34,26.76,26.17,26.540001,101900,26.540001
2011-07-11,26.82,27.15,26.49,26.50,103500,26.50
2011-07-08,27.290001,27.57,26.889999,26.99,84800,26.99
2011-07-07,27.530001,27.959999,27.27,27.59,106900,27.59
2011-07-06,27.290001,27.49,26.91,27.48,127000,27.48
2011-07-05,26.870001,27.200001,26.75,27.18,164200,27.18
2011-07-01,26.15,26.90,26.00,26.809999,252000,26.809999
2011-06-30,25.610001,26.139999,25.610001,26.129999,202000,26.129999
2011-06-29,25.75,25.799999,25.549999,25.58,182000,25.58
2011-06-28,25.75,25.889999,25.459999,25.77,175100,25.77
2011-06-27,25.65,25.90,25.629999,25.74,150100,25.74
2011-06-24,25.99,26.059999,25.530001,25.629999,245300,25.629999
2011-06-23,25.700001,26.190001,25.32,25.940001,125200,25.940001
2011-06-22,26.23,26.440001,25.85,25.85,101100,25.85
2011-06-21,26.08,26.389999,25.889999,26.309999,115400,26.309999
2011-06-20,26.08,26.219999,25.83,25.959999,162200,25.959999
2011-06-17,25.60,26.290001,25.48,26.18,315100,26.18
2011-06-16,25.34,25.59,25.129999,25.459999,170200,25.459999
2011-06-15,25.139999,25.58,25.059999,25.34,192900,25.34
2011-06-14,25.290001,25.60,25.209999,25.379999,119200,25.379999
2011-06-13,25.16,25.32,24.940001,25.09,156700,25.09
2011-06-10,24.959999,25.23,24.809999,24.98,168300,24.98
2011-06-09,25.120001,25.40,24.950001,25.15,143400,25.15
2011-06-08,25.07,25.24,25.07,25.08,209300,25.08
2011-06-07,24.870001,25.51,24.870001,25.24,382800,25.24
2011-06-06,24.82,24.99,24.639999,24.77,312100,24.77
2011-06-03,24.98,25.219999,24.65,24.860001,261000,24.860001
2011-06-02,25.719999,25.84,25.25,25.33,344900,25.33
2011-06-01,25.93,26.049999,25.620001,25.74,298000,25.74
2011-05-31,25.700001,25.950001,25.50,25.91,276900,25.91
2011-05-27,25.41,25.57,25.290001,25.51,147300,25.51
2011-05-26,25.08,25.40,24.809999,25.299999,170500,25.299999
2011-05-25,24.389999,25.17,24.32,25.049999,183500,25.049999
2011-05-24,24.940001,24.940001,24.49,24.559999,165600,24.559999
2011-05-23,25.09,25.280001,24.879999,24.959999,187100,24.959999
2011-05-20,25.709999,26.09,25.33,25.42,156400,25.42
2011-05-19,25.84,26.23,25.35,25.610001,137900,25.610001
2011-05-18,25.799999,26.459999,25.25,25.75,841400,25.75
2011-05-17,25.83,26.299999,25.82,25.91,69300,25.91
2011-05-16,26.09,26.459999,25.75,26.01,118400,26.01
2011-05-13,26.790001,26.99,26.18,26.27,143000,26.27
2011-05-12,26.219999,26.790001,26.129999,26.790001,100300,26.790001
2011-05-11,26.68,26.879999,26.24,26.41,135300,26.41
2011-05-10,26.67,26.90,26.43,26.85,73500,26.85
2011-05-09,26.360001,26.780001,26.219999,26.540001,101000,26.540001
2011-05-06,26.370001,26.57,25.99,26.459999,87000,26.459999
2011-05-05,26.32,26.700001,25.889999,26.040001,90100,26.040001
2011-05-04,26.719999,26.75,26.33,26.40,54700,26.40
2011-05-03,26.969999,27.299999,26.639999,26.780001,86000,26.780001
2011-05-02,26.879999,27.08,26.639999,26.98,210000,26.98
2011-04-29,26.74,27.00,26.620001,26.860001,119000,26.860001
2011-04-28,26.48,26.790001,26.469999,26.620001,120000,26.620001
2011-04-27,26.51,26.67,26.32,26.559999,162000,26.559999
2011-04-26,26.51,26.57,25.639999,26.41,257100,26.41
2011-04-25,26.360001,27.65,26.360001,26.52,420200,26.52
2011-04-21,26.67,26.870001,25.790001,25.84,146200,25.84
2011-04-20,25.940001,26.16,25.809999,26.139999,83600,26.139999
2011-04-19,25.809999,25.870001,25.459999,25.68,86300,25.68
2011-04-18,25.889999,26.01,25.540001,25.68,117400,25.68
2011-04-15,26.139999,26.280001,25.969999,26.23,100800,26.23
2011-04-14,25.92,26.26,25.59,26.24,69200,26.24
2011-04-13,26.440001,26.65,25.84,26.030001,165600,26.030001
2011-04-12,26.07,26.549999,26.07,26.40,89600,26.40
2011-04-11,26.629999,27.17,26.030001,26.15,163400,26.15
2011-04-08,27.68,28.00,26.42,26.66,360300,26.66
2011-04-07,25.92,27.52,25.559999,27.35,612400,27.35
2011-04-06,25.92,25.959999,25.709999,25.85,77300,25.85
2011-04-05,25.700001,26.24,25.620001,25.82,105900,25.82
2011-04-04,25.450001,25.73,25.450001,25.65,81800,25.65
2011-04-01,25.50,25.809999,25.24,25.290001,138200,25.290001
2011-03-31,25.379999,25.469999,25.299999,25.440001,146200,25.440001
2011-03-30,25.09,25.370001,24.99,25.32,81100,25.32
2011-03-29,25.030001,25.139999,24.940001,25.10,68500,25.10
2011-03-28,25.60,25.60,24.60,25.00,161700,25.00
2011-03-25,25.360001,25.50,24.959999,24.99,97200,24.99
2011-03-24,24.879999,25.379999,24.74,25.299999,163700,25.299999
2011-03-23,25.209999,25.219999,24.68,24.870001,239600,24.870001
2011-03-22,25.370001,25.370001,24.940001,25.18,159600,25.18
2011-03-21,25.24,25.450001,25.190001,25.34,117800,25.34
2011-03-18,25.07,25.49,24.99,25.15,356700,25.15
2011-03-17,25.200001,25.200001,24.90,24.92,384200,24.92
2011-03-16,24.91,25.24,24.709999,24.959999,257000,24.959999
2011-03-15,24.209999,25.110001,21.41,25.00,280000,25.00
2011-03-14,24.32,25.24,24.09,24.690001,170700,24.690001
2011-03-11,24.41,24.84,24.200001,24.620001,96200,24.620001
2011-03-10,24.50,24.50,24.120001,24.459999,131800,24.459999
2011-03-09,24.219999,24.93,24.18,24.809999,98200,24.809999
2011-03-08,23.629999,24.41,23.50,24.16,100000,24.16
2011-03-07,23.91,23.91,23.370001,23.629999,91100,23.629999
2011-03-04,23.90,24.07,23.65,23.879999,122800,23.879999
2011-03-03,23.73,24.02,23.49,23.99,173300,23.99
2011-03-02,23.610001,23.73,23.459999,23.700001,130200,23.700001
2011-03-01,23.73,23.73,23.360001,23.50,218900,23.50
2011-02-28,23.700001,23.83,23.49,23.629999,119700,23.629999
2011-02-25,22.25,23.690001,21.00,23.639999,420500,23.639999
2011-02-24,23.629999,23.959999,23.41,23.60,102700,23.60
2011-02-23,23.790001,23.85,23.48,23.540001,117800,23.540001
2011-02-22,23.41,23.92,22.870001,23.780001,197800,23.780001
2011-02-18,23.690001,23.90,23.379999,23.85,119200,23.85
2011-02-17,23.219999,23.74,23.030001,23.52,109000,23.52
2011-02-16,22.74,23.23,22.66,23.200001,186700,23.200001
2011-02-15,22.549999,22.709999,22.52,22.629999,292500,22.629999
2011-02-14,22.690001,22.700001,22.379999,22.66,150800,22.66
2011-02-11,22.24,22.790001,22.120001,22.700001,107100,22.700001
2011-02-10,22.370001,22.58,22.26,22.43,64100,22.43
2011-02-09,22.299999,23.26,22.17,22.469999,97000,22.469999
2011-02-08,22.200001,22.42,22.049999,22.42,124400,22.42
2011-02-07,21.99,22.52,21.91,22.219999,356400,22.219999
2011-02-04,21.17,22.24,21.059999,22.01,328700,22.01
2011-02-03,21.25,21.32,20.719999,21.219999,81400,21.219999
2011-02-02,21.34,21.559999,21.27,21.299999,79100,21.299999
2011-02-01,21.209999,21.51,21.049999,21.48,205600,21.48
2011-01-31,21.07,21.27,20.870001,21.07,91500,21.07
2011-01-28,21.530001,21.549999,21.00,21.030001,120300,21.030001
2011-01-27,21.280001,21.719999,21.24,21.57,124100,21.57
2011-01-26,21.049999,21.42,20.90,21.299999,81400,21.299999
2011-01-25,20.59,21.08,20.59,21.02,71300,21.02
2011-01-24,20.42,20.75,20.41,20.719999,122900,20.719999
2011-01-21,21.129999,21.129999,20.34,20.34,137200,20.34
2011-01-20,21.040001,21.32,20.90,21.02,95900,21.02
2011-01-19,21.90,21.91,21.10,21.200001,89600,21.200001
2011-01-18,21.879999,21.91,21.57,21.870001,72100,21.870001
2011-01-14,21.82,21.879999,21.74,21.84,60800,21.84
2011-01-13,21.790001,22.110001,21.709999,21.809999,92500,21.809999
2011-01-12,22.030001,22.030001,21.59,21.719999,66400,21.719999
2011-01-11,21.68,22.139999,21.67,21.809999,174300,21.809999
2011-01-10,21.32,21.780001,21.10,21.52,138300,21.52
2011-01-07,21.790001,21.98,21.040001,21.450001,111000,21.450001
2011-01-06,21.530001,21.799999,21.530001,21.73,200600,21.73
2011-01-05,20.99,21.91,20.93,21.57,348800,21.57
2011-01-04,21.280001,21.280001,20.84,21.10,128800,21.10
2011-01-03,21.190001,21.379999,21.00,21.129999,104800,21.129999
2010-12-31,21.43,21.50,20.950001,20.950001,99900,20.950001
2010-12-30,21.25,21.68,21.24,21.459999,64400,21.459999
2010-12-29,21.459999,21.459999,21.16,21.23,36600,21.23
2010-12-28,21.57,21.610001,21.379999,21.379999,39800,21.379999
2010-12-27,21.389999,21.58,21.15,21.549999,24800,21.549999
2010-12-23,21.469999,21.58,21.209999,21.360001,55200,21.360001
2010-12-22,21.459999,21.52,21.32,21.459999,48200,21.459999
2010-12-21,21.27,21.42,21.120001,21.360001,104400,21.360001
2010-12-20,21.290001,21.32,21.059999,21.09,110100,21.09
2010-12-17,21.129999,21.26,20.860001,21.200001,429000,21.200001
2010-12-16,20.98,21.24,20.790001,21.059999,114500,21.059999
2010-12-15,20.799999,21.16,20.77,20.879999,163800,20.879999
2010-12-14,20.52,21.059999,20.49,20.799999,237300,20.799999
2010-12-13,20.00,20.50,19.719999,20.389999,240600,20.389999
2010-12-10,19.469999,20.00,19.379999,19.98,215200,19.98
2010-12-09,19.25,19.450001,19.049999,19.41,198100,19.41
2010-12-08,19.309999,19.309999,19.030001,19.09,69400,19.09
2010-12-07,19.120001,19.32,19.07,19.200001,106400,19.200001
2010-12-06,18.940001,19.09,18.68,19.00,111800,19.00
2010-12-03,18.57,19.049999,18.450001,19.02,143900,19.02
2010-12-02,18.65,18.76,18.620001,18.709999,49800,18.709999
2010-12-01,18.719999,18.879999,18.280001,18.610001,110300,18.610001
2010-11-30,18.27,18.540001,18.24,18.40,139700,18.40
2010-11-29,18.50,18.57,18.219999,18.49,57200,18.49
2010-11-26,18.540001,18.690001,18.49,18.65,15000,18.65
2010-11-24,18.549999,18.76,18.370001,18.66,96900,18.66
2010-11-23,18.52,18.60,18.18,18.360001,91600,18.360001
2010-11-22,18.83,18.83,18.43,18.700001,51900,18.700001
2010-11-19,18.719999,19.00,18.639999,18.889999,95500,18.889999
2010-11-18,18.85,18.969999,18.709999,18.74,107900,18.74
2010-11-17,18.52,18.629999,18.459999,18.60,50800,18.60
2010-11-16,18.879999,18.93,18.40,18.530001,90700,18.530001
2010-11-15,19.24,19.290001,18.99,19.040001,64300,19.040001
2010-11-12,18.870001,19.309999,18.870001,19.139999,97900,19.139999
2010-11-11,18.790001,19.17,18.790001,19.049999,115700,19.049999
2010-11-10,18.92,19.040001,18.73,19.00,115800,19.00
2010-11-09,18.790001,18.92,18.700001,18.85,152400,18.85
2010-11-08,18.82,19.059999,18.690001,18.709999,93200,18.709999
2010-11-05,18.870001,19.040001,18.73,18.93,65100,18.93
2010-11-04,18.530001,18.799999,18.450001,18.790001,137000,18.790001
2010-11-03,18.450001,18.51,18.08,18.299999,74800,18.299999
2010-11-02,18.299999,18.450001,18.219999,18.370001,137700,18.370001
2010-11-01,18.200001,18.299999,18.00,18.059999,117800,18.059999
2010-10-29,18.15,18.200001,18.040001,18.129999,132300,18.129999
2010-10-28,18.33,18.33,18.049999,18.139999,110700,18.139999
2010-10-27,18.17,18.200001,18.00,18.15,132800,18.15
2010-10-26,18.07,18.309999,18.07,18.23,116800,18.23
2010-10-25,18.370001,18.40,18.129999,18.219999,141900,18.219999
2010-10-22,18.059999,18.74,17.950001,18.23,323000,18.23
2010-10-21,19.09,19.42,18.959999,19.370001,307100,19.370001
2010-10-20,18.700001,19.02,18.66,19.01,102100,19.01
2010-10-19,18.58,18.860001,18.42,18.559999,90100,18.559999
2010-10-18,18.60,18.940001,18.59,18.870001,62000,18.870001
2010-10-15,18.719999,18.719999,18.35,18.51,129500,18.51
2010-10-14,18.700001,18.799999,18.32,18.52,83400,18.52
2010-10-13,18.440001,18.98,18.17,18.76,120700,18.76
2010-10-12,18.23,18.58,18.00,18.379999,69100,18.379999
2010-10-11,18.40,18.51,18.23,18.23,48300,18.23
2010-10-08,18.00,18.43,18.00,18.360001,68100,18.360001
2010-10-07,18.18,18.219999,17.940001,18.01,83500,18.01
2010-10-06,17.620001,18.049999,17.549999,18.02,106700,18.02
2010-10-05,17.32,17.799999,17.129999,17.68,112300,17.68
2010-10-04,17.540001,17.68,17.07,17.10,84000,17.10
2010-10-01,17.65,17.77,17.290001,17.57,143400,17.57
2010-09-30,17.48,17.549999,17.209999,17.48,212500,17.48
2010-09-29,17.01,17.49,16.84,17.32,255100,17.32
2010-09-28,17.120001,17.370001,16.83,17.120001,196500,17.120001
2010-09-27,17.139999,17.26,16.950001,17.059999,96900,17.059999
2010-09-24,16.889999,17.200001,16.82,17.139999,87300,17.139999
2010-09-23,17.040001,17.32,16.60,16.639999,100600,16.639999
2010-09-22,17.030001,17.23,16.940001,17.200001,150100,17.200001
2010-09-21,17.129999,17.299999,17.09,17.110001,118400,17.110001
2010-09-20,16.98,17.280001,16.719999,17.190001,134800,17.190001
2010-09-17,17.389999,17.389999,16.950001,16.969999,198800,16.969999
2010-09-16,17.360001,17.360001,16.85,17.190001,56100,17.190001
2010-09-15,17.360001,17.57,17.17,17.43,137500,17.43
2010-09-14,17.290001,17.51,17.190001,17.440001,114000,17.440001
2010-09-13,17.219999,17.35,17.00,17.290001,101600,17.290001
2010-09-10,17.190001,17.25,17.049999,17.09,57300,17.09
2010-09-09,17.290001,17.290001,16.91,17.040001,91700,17.040001
2010-09-08,16.99,17.24,16.92,17.09,73500,17.09
2010-09-07,17.200001,17.42,16.93,16.98,101000,16.98
2010-09-03,17.26,17.27,16.870001,17.24,83800,17.24
2010-09-02,17.32,17.379999,16.940001,17.10,63900,17.10
2010-09-01,16.93,17.440001,16.809999,17.389999,117400,17.389999
2010-08-31,16.950001,17.030001,16.530001,16.67,135600,16.67
2010-08-30,17.07,17.33,16.959999,17.00,143400,17.00
2010-08-27,16.91,17.25,16.58,17.200001,116100,17.200001
2010-08-26,17.00,17.15,16.68,16.700001,70700,16.700001
2010-08-25,16.43,16.98,16.370001,16.959999,57100,16.959999
2010-08-24,16.549999,16.76,16.35,16.58,113700,16.58
2010-08-23,17.26,17.32,16.709999,16.719999,110800,16.719999
2010-08-20,17.110001,17.23,16.860001,17.110001,111300,17.110001
2010-08-19,17.700001,17.700001,17.09,17.24,161700,17.24
2010-08-18,17.92,17.959999,17.68,17.83,100700,17.83
2010-08-17,17.879999,18.32,17.719999,17.90,178600,17.90
2010-08-16,17.42,17.73,17.24,17.66,92200,17.66
2010-08-13,17.67,17.73,17.41,17.559999,106500,17.559999
2010-08-12,17.35,17.959999,17.35,17.780001,95500,17.780001
2010-08-11,17.709999,17.98,17.60,17.66,145300,17.66
2010-08-10,17.870001,18.360001,17.790001,18.07,143500,18.07
2010-08-09,18.139999,18.190001,17.93,18.110001,79000,18.110001
2010-08-06,17.82,18.02,17.49,17.969999,95400,17.969999
2010-08-05,18.299999,18.360001,17.85,18.00,104800,18.00
2010-08-04,18.32,18.540001,18.299999,18.389999,105000,18.389999
2010-08-03,18.18,18.540001,17.99,18.26,90200,18.26
2010-08-02,18.639999,18.639999,18.17,18.309999,174100,18.309999
2010-07-30,18.26,18.67,18.24,18.32,215400,18.32
2010-07-29,18.77,18.90,18.370001,18.52,237100,18.52
2010-07-28,18.809999,19.059999,18.59,18.66,95100,18.66
2010-07-27,18.959999,19.190001,18.719999,18.93,136200,18.93
2010-07-26,18.709999,19.01,18.32,18.799999,286300,18.799999
2010-07-23,16.879999,18.76,16.879999,18.66,401900,18.66
2010-07-22,18.25,19.870001,17.73,17.889999,431100,17.889999
2010-07-21,18.469999,18.469999,17.719999,17.93,210600,17.93
2010-07-20,17.93,18.379999,17.76,18.33,164800,18.33
2010-07-19,17.99,18.200001,17.290001,18.18,142200,18.18
2010-07-16,18.15,19.870001,17.799999,17.90,180300,17.90
2010-07-15,18.35,18.389999,18.030001,18.23,129700,18.23
2010-07-14,18.129999,18.379999,17.90,18.280001,93200,18.280001
2010-07-13,17.76,18.33,17.60,18.26,221100,18.26
2010-07-12,17.58,17.709999,17.459999,17.50,129400,17.50
2010-07-09,17.65,17.67,17.43,17.66,82100,17.66
2010-07-08,17.41,17.629999,17.33,17.629999,84700,17.629999
2010-07-07,16.98,17.290001,16.799999,17.27,187300,17.27
2010-07-06,17.43,17.639999,16.889999,16.950001,197300,16.950001
2010-07-02,17.50,17.50,17.129999,17.18,151800,17.18
2010-07-01,17.91,18.049999,17.18,17.42,237600,17.42
2010-06-30,18.129999,18.18,17.76,17.82,133100,17.82
2010-06-29,18.309999,18.59,18.030001,18.129999,197400,18.129999
2010-06-28,18.73,18.809999,18.58,18.610001,91600,18.610001
2010-06-25,18.57,18.940001,18.360001,18.780001,280200,18.780001
2010-06-24,18.48,18.799999,18.440001,18.450001,107400,18.450001
2010-06-23,18.639999,18.82,18.40,18.629999,104100,18.629999
2010-06-22,19.08,19.41,18.67,18.700001,130500,18.700001
2010-06-21,19.719999,19.73,18.91,19.040001,114700,19.040001
2010-06-18,19.530001,19.530001,19.16,19.51,198100,19.51
2010-06-17,19.549999,19.59,19.27,19.389999,88500,19.389999
2010-06-16,19.629999,19.75,19.40,19.440001,73800,19.440001
2010-06-15,19.68,19.82,19.469999,19.809999,116200,19.809999
2010-06-14,19.43,19.809999,19.360001,19.52,182700,19.52
2010-06-11,18.77,19.209999,18.629999,19.209999,145500,19.209999
2010-06-10,18.959999,19.07,18.700001,18.950001,84500,18.950001
2010-06-09,18.91,18.99,18.559999,18.65,88000,18.65
2010-06-08,18.940001,18.940001,18.469999,18.700001,120000,18.700001
2010-06-07,19.049999,19.290001,18.790001,18.82,104900,18.82
2010-06-04,19.549999,19.889999,18.969999,19.01,135000,19.01
2010-06-03,19.77,20.040001,19.65,19.99,108100,19.99
2010-06-02,19.110001,19.73,18.959999,19.66,383500,19.66
2010-06-01,19.530001,19.719999,19.08,19.09,241500,19.09
2010-05-28,20.360001,20.360001,19.75,19.799999,146500,19.799999
2010-05-27,20.209999,20.40,19.90,20.360001,75900,20.360001
2010-05-26,19.99,20.18,19.709999,19.799999,134600,19.799999
2010-05-25,19.51,19.93,19.25,19.879999,189500,19.879999
2010-05-24,20.059999,20.110001,19.67,19.74,120600,19.74
2010-05-21,19.75,20.15,19.57,20.02,180400,20.02
2010-05-20,20.50,20.639999,19.959999,19.98,284100,19.98
2010-05-19,20.809999,21.16,20.780001,20.93,85000,20.93
2010-05-18,21.60,21.629999,20.84,20.92,209000,20.92
2010-05-17,21.25,21.59,20.879999,21.360001,126300,21.360001
2010-05-14,21.16,21.26,20.709999,21.200001,144400,21.200001
2010-05-13,21.23,21.440001,21.00,21.27,111300,21.27
2010-05-12,21.120001,21.57,20.950001,21.35,217000,21.35
2010-05-11,20.99,21.41,20.90,21.110001,116700,21.110001
2010-05-10,20.68,21.280001,20.67,21.25,185600,21.25
2010-05-07,20.469999,20.60,19.84,20.26,240300,20.26
2010-05-06,20.629999,20.959999,19.60,20.43,229300,20.43
2010-05-05,20.90,21.09,20.76,20.76,154300,20.76
2010-05-04,20.57,20.99,20.15,20.940001,391200,20.940001
2010-05-03,20.889999,21.120001,20.629999,20.809999,233100,20.809999
2010-04-30,21.389999,21.49,20.709999,20.719999,150200,20.719999
2010-04-29,21.379999,21.440001,20.99,21.360001,264800,21.360001
2010-04-28,21.51,21.57,21.139999,21.25,210000,21.25
2010-04-27,21.41,21.75,21.33,21.43,272600,21.43
2010-04-26,21.530001,21.629999,21.34,21.40,358500,21.40
2010-04-23,20.76,22.129999,20.75,21.65,903500,21.65
2010-04-22,22.940001,23.18,22.73,22.870001,211500,22.870001
2010-04-21,23.26,23.33,22.950001,23.25,86800,23.25
2010-04-20,22.74,23.299999,22.629999,23.299999,109000,23.299999
2010-04-19,22.440001,22.75,22.440001,22.75,130800,22.75
2010-04-16,22.610001,22.860001,22.459999,22.610001,161200,22.610001
2010-04-15,22.639999,22.73,22.48,22.610001,124900,22.610001
2010-04-14,22.700001,22.77,22.459999,22.73,150200,22.73
2010-04-13,22.41,22.68,22.16,22.68,122800,22.68
2010-04-12,22.389999,22.57,22.33,22.40,197600,22.40
2010-04-09,22.32,22.35,22.049999,22.33,82500,22.33
2010-04-08,22.25,22.33,21.950001,22.26,115700,22.26
2010-04-07,21.889999,22.27,21.73,22.27,142900,22.27
2010-04-06,21.450001,22.040001,21.450001,21.98,121500,21.98
2010-04-05,21.709999,21.709999,21.389999,21.629999,114300,21.629999
2010-04-01,21.75,21.85,21.379999,21.610001,65700,21.610001
2010-03-31,21.969999,22.040001,21.59,21.59,121200,21.59
2010-03-30,21.790001,22.110001,21.65,22.110001,100300,22.110001
2010-03-29,21.639999,21.870001,21.639999,21.700001,85900,21.700001
2010-03-26,21.82,21.82,21.59,21.65,105200,21.65
2010-03-25,22.049999,22.049999,21.66,21.68,97100,21.68
2010-03-24,22.370001,22.379999,21.969999,21.98,109000,21.98
2010-03-23,22.65,22.65,22.07,22.459999,83700,22.459999
2010-03-22,22.129999,22.709999,22.129999,22.59,96100,22.59
2010-03-19,22.51,22.57,22.09,22.309999,199100,22.309999
2010-03-18,22.18,22.450001,22.00,22.40,150700,22.40
2010-03-17,22.23,22.50,22.08,22.120001,128800,22.120001
2010-03-16,22.139999,22.17,21.969999,22.17,70800,22.17
2010-03-15,22.040001,22.219999,21.950001,22.09,141100,22.09
2010-03-12,22.00,22.07,21.67,22.07,161700,22.07
2010-03-11,21.77,22.00,21.51,22.00,105700,22.00
2010-03-10,21.83,22.110001,21.700001,21.950001,150000,21.950001
2010-03-09,21.92,22.209999,21.790001,21.889999,110100,21.889999
2010-03-08,22.290001,22.35,22.01,22.059999,69400,22.059999
2010-03-05,21.879999,22.32,20.879999,22.24,127800,22.24
2010-03-04,21.540001,21.870001,21.35,21.84,157400,21.84
2010-03-03,21.309999,21.540001,21.16,21.49,202700,21.49
2010-03-02,21.18,21.49,21.059999,21.209999,236400,21.209999
2010-03-01,20.700001,21.24,20.690001,21.209999,147100,21.209999
2010-02-26,21.10,21.129999,20.48,20.66,236200,20.66
2010-02-25,21.059999,21.15,20.75,21.15,304600,21.15
2010-02-24,21.209999,21.32,21.01,21.290001,209300,21.290001
2010-02-23,21.00,21.219999,20.85,21.209999,357900,21.209999
2010-02-22,20.75,21.120001,20.629999,21.07,117100,21.07
2010-02-19,20.540001,20.879999,20.280001,20.75,110100,20.75
2010-02-18,20.290001,20.540001,20.200001,20.530001,145500,20.530001
2010-02-17,20.33,20.42,20.16,20.25,383900,20.25
2010-02-16,20.42,20.58,20.02,20.209999,224900,20.209999
2010-02-12,20.07,20.35,20.02,20.200001,161600,20.200001
2010-02-11,20.35,20.379999,20.00,20.200001,137000,20.200001
2010-02-10,20.360001,20.530001,20.01,20.389999,69700,20.389999
2010-02-09,20.66,20.77,20.35,20.50,233500,20.50
2010-02-08,20.65,20.65,20.33,20.389999,112300,20.389999
2010-02-05,20.68,20.83,20.27,20.73,99900,20.73
2010-02-04,20.76,20.809999,20.389999,20.620001,122800,20.620001
2010-02-03,21.08,21.120001,20.67,20.85,80600,20.85
2010-02-02,21.02,21.209999,20.68,21.15,116400,21.15
2010-02-01,21.129999,21.23,20.82,21.07,113500,21.07
2010-01-29,21.389999,21.540001,21.08,21.110001,127600,21.110001
2010-01-28,21.959999,21.959999,21.040001,21.379999,107700,21.379999
2010-01-27,21.85,22.219999,21.700001,21.99,67600,21.99
2010-01-26,22.209999,22.469999,21.98,22.02,87200,22.02
2010-01-25,22.23,22.389999,21.74,22.219999,110300,22.219999
2010-01-22,22.209999,22.67,21.92,22.01,180800,22.01
2010-01-21,22.59,22.76,22.129999,22.209999,160700,22.209999
2010-01-20,22.66,22.82,22.290001,22.58,128900,22.58
2010-01-19,22.27,22.940001,22.190001,22.90,132900,22.90
2010-01-15,22.57,22.57,21.65,22.16,132500,22.16
2010-01-14,22.209999,22.60,22.10,22.469999,61700,22.469999
2010-01-13,22.030001,22.27,21.90,22.219999,107900,22.219999
2010-01-12,21.42,21.90,21.41,21.889999,118100,21.889999
2010-01-11,21.969999,21.969999,21.40,21.610001,76800,21.610001
2010-01-08,21.780001,21.879999,21.57,21.870001,72900,21.870001
2010-01-07,21.629999,21.790001,21.389999,21.780001,66100,21.780001
2010-01-06,21.790001,21.790001,21.50,21.65,91400,21.65
2010-01-05,22.450001,22.459999,21.790001,21.83,93500,21.83
2010-01-04,22.00,22.49,21.469999,22.450001,161500,22.450001
2009-12-31,22.58,22.65,22.01,22.02,63000,22.02
2009-12-30,22.75,22.84,22.379999,22.639999,61600,22.639999
2009-12-29,22.879999,22.99,22.629999,22.790001,72700,22.790001
2009-12-28,22.709999,22.790001,22.629999,22.76,37900,22.76
2009-12-24,22.700001,22.700001,22.48,22.629999,10800,22.629999
2009-12-23,22.43,22.75,22.26,22.60,54300,22.60
2009-12-22,22.16,22.58,22.120001,22.24,81900,22.24
2009-12-21,22.32,22.74,21.59,22.190001,167000,22.190001
2009-12-18,22.33,22.42,21.84,22.26,465900,22.26
2009-12-17,22.059999,22.23,21.700001,22.059999,83500,22.059999
2009-12-16,22.370001,22.549999,22.030001,22.209999,109900,22.209999
2009-12-15,21.98,22.610001,21.85,22.17,134000,22.17
2009-12-14,21.889999,22.10,21.690001,22.08,100900,22.08
2009-12-11,21.41,21.809999,21.309999,21.799999,101900,21.799999
2009-12-10,21.870001,22.09,21.26,21.34,116300,21.34
2009-12-09,21.950001,22.139999,21.559999,21.719999,106800,21.719999
2009-12-08,22.370001,22.459999,21.790001,21.870001,182900,21.870001
2009-12-07,21.77,22.450001,21.76,22.379999,168000,22.379999
2009-12-04,21.73,22.00,21.52,21.790001,121100,21.790001
2009-12-03,21.450001,21.610001,21.26,21.309999,125400,21.309999
2009-12-02,21.15,21.540001,21.139999,21.299999,107400,21.299999
2009-12-01,20.940001,21.290001,20.799999,21.139999,219400,21.139999
2009-11-30,20.540001,20.719999,20.25,20.709999,163800,20.709999
2009-11-27,20.59,20.92,20.549999,20.610001,75700,20.610001
2009-11-25,21.360001,21.440001,21.110001,21.190001,62000,21.190001
2009-11-24,21.49,21.50,21.110001,21.280001,125100,21.280001
2009-11-23,21.33,21.780001,21.200001,21.440001,99300,21.440001
2009-11-20,20.700001,21.129999,20.700001,21.040001,57900,21.040001
2009-11-19,21.219999,21.50,20.77,20.85,122500,20.85
2009-11-18,21.26,21.870001,21.129999,21.42,62300,21.42
2009-11-17,21.530001,21.629999,21.200001,21.32,100800,21.32
2009-11-16,21.25,21.68,20.809999,21.559999,184400,21.559999
2009-11-13,21.120001,21.309999,20.74,21.059999,165100,21.059999
2009-11-12,21.57,21.66,20.969999,20.99,198400,20.99
2009-11-11,21.860001,21.959999,21.50,21.65,113400,21.65
2009-11-10,21.799999,22.040001,21.57,21.67,162200,21.67
2009-11-09,21.60,22.209999,21.59,21.85,142500,21.85
2009-11-06,21.43,21.91,21.379999,21.559999,49200,21.559999
2009-11-05,21.26,21.68,21.139999,21.629999,105400,21.629999
2009-11-04,21.629999,21.91,21.129999,21.139999,119000,21.139999
2009-11-03,21.309999,21.76,21.309999,21.59,157800,21.59
2009-11-02,21.26,21.620001,20.940001,21.40,146000,21.40
2009-10-30,21.49,21.65,20.67,21.07,184800,21.07
2009-10-29,21.780001,21.92,21.52,21.60,94500,21.60
2009-10-28,22.190001,22.60,21.48,21.51,152200,21.51
2009-10-27,22.360001,22.60,22.120001,22.16,163300,22.16
2009-10-26,22.41,22.540001,21.73,22.360001,159900,22.360001
2009-10-23,23.139999,23.209999,21.950001,22.32,181000,22.32
2009-10-22,22.74,23.40,22.290001,23.190001,100500,23.190001
2009-10-21,22.84,23.610001,22.52,22.700001,170700,22.700001
2009-10-20,22.76,23.00,22.530001,22.940001,95100,22.940001
2009-10-19,22.93,22.93,22.440001,22.68,133800,22.68
2009-10-16,22.719999,22.85,22.209999,22.75,109400,22.75
2009-10-15,22.68,22.870001,22.290001,22.82,124000,22.82
2009-10-14,22.23,22.809999,22.08,22.76,134600,22.76
2009-10-13,22.26,22.389999,21.799999,21.969999,51800,21.969999
2009-10-12,22.280001,22.59,21.73,22.219999,90900,22.219999
2009-10-09,21.549999,22.299999,21.469999,22.280001,216500,22.280001
2009-10-08,21.540001,21.75,21.15,21.549999,199300,21.549999
2009-10-07,21.469999,21.66,21.280001,21.459999,68600,21.459999
2009-10-06,21.24,21.59,20.940001,21.49,119100,21.49
2009-10-05,20.959999,21.18,20.41,21.18,118400,21.18
2009-10-02,20.73,20.959999,20.299999,20.84,119600,20.84
2009-10-01,21.190001,21.469999,20.709999,20.73,117200,20.73
2009-09-30,21.51,21.690001,20.790001,21.23,123600,21.23
2009-09-29,21.67,21.68,21.309999,21.559999,81700,21.559999
2009-09-28,21.280001,21.959999,21.139999,21.719999,61600,21.719999
2009-09-25,21.190001,21.360001,21.059999,21.24,79000,21.24
2009-09-24,21.84,21.84,20.950001,21.18,109300,21.18
2009-09-23,21.99,22.139999,21.73,21.82,91400,21.82
2009-09-22,22.440001,22.450001,21.790001,22.02,64300,22.02
2009-09-21,22.23,22.65,22.23,22.360001,53000,22.360001
2009-09-18,22.299999,22.639999,22.01,22.42,211600,22.42
2009-09-17,22.00,22.43,21.799999,22.219999,123800,22.219999
2009-09-16,21.75,22.00,21.49,21.969999,165700,21.969999
2009-09-15,21.73,21.799999,21.540001,21.68,106200,21.68
2009-09-14,21.50,21.82,21.459999,21.75,207100,21.75
2009-09-11,21.540001,21.73,21.139999,21.700001,123100,21.700001
2009-09-10,21.530001,21.629999,21.15,21.50,193000,21.50
2009-09-09,21.41,21.799999,21.34,21.60,203100,21.60
2009-09-08,21.26,21.50,20.92,21.48,190800,21.48
2009-09-04,20.809999,21.17,20.559999,21.16,145100,21.16
2009-09-03,20.370001,20.93,20.059999,20.92,207600,20.92
2009-09-02,20.049999,20.43,19.98,20.34,259300,20.34
2009-09-01,20.34,20.709999,19.90,20.02,256000,20.02
2009-08-31,20.610001,21.00,20.290001,20.299999,129400,20.299999
2009-08-28,21.16,21.25,20.629999,20.719999,94700,20.719999
2009-08-27,21.01,21.290001,20.780001,21.059999,107400,21.059999
2009-08-26,20.959999,21.25,20.90,21.17,116900,21.17
2009-08-25,21.01,21.379999,20.98,21.07,210700,21.07
2009-08-24,20.91,21.07,20.790001,21.02,130700,21.02
2009-08-21,20.719999,21.02,20.26,20.93,231300,20.93
2009-08-20,19.67,20.49,19.67,20.440001,188100,20.440001
2009-08-19,19.610001,20.26,19.59,20.26,161800,20.26
2009-08-18,19.450001,19.82,19.16,19.790001,176400,19.790001
2009-08-17,18.950001,19.440001,18.950001,19.41,137100,19.41
2009-08-14,19.58,19.67,18.959999,19.23,154900,19.23
2009-08-13,19.709999,19.809999,19.309999,19.58,142400,19.58
2009-08-12,19.459999,19.91,19.360001,19.67,285200,19.67
2009-08-11,19.50,19.709999,19.309999,19.379999,172200,19.379999
2009-08-10,19.74,19.90,19.34,19.620001,264300,19.620001
2009-08-07,19.799999,19.90,19.51,19.639999,358700,19.639999
2009-08-06,20.00,20.049999,19.34,19.49,199300,19.49
2009-08-05,20.450001,20.450001,19.629999,19.76,314100,19.76
2009-08-04,20.43,20.690001,20.200001,20.379999,219400,20.379999
2009-08-03,20.93,20.98,20.34,20.610001,328100,20.610001
2009-07-31,20.83,21.25,20.559999,20.620001,205600,20.620001
2009-07-30,21.02,21.459999,20.700001,20.85,256000,20.85
2009-07-29,20.57,20.950001,20.549999,20.76,243100,20.76
2009-07-28,20.25,20.84,20.030001,20.52,286700,20.52
2009-07-27,21.07,21.370001,20.209999,20.27,540500,20.27
2009-07-24,21.83,22.440001,20.77,20.90,828500,20.90
2009-07-23,21.10,21.610001,20.629999,20.75,587800,20.75
2009-07-22,20.83,21.219999,20.67,21.049999,157800,21.049999
2009-07-21,21.139999,21.50,20.559999,20.809999,143300,20.809999
2009-07-20,21.27,21.42,20.799999,21.07,132800,21.07
2009-07-17,21.90,21.90,20.91,21.10,205600,21.10
2009-07-16,21.15,21.91,20.84,21.860001,153300,21.860001
2009-07-15,20.780001,21.299999,20.49,21.23,141600,21.23
2009-07-14,20.49,20.76,20.290001,20.530001,106500,20.530001
2009-07-13,20.25,20.690001,19.950001,20.549999,309200,20.549999
2009-07-10,20.42,20.620001,20.00,20.33,153900,20.33
2009-07-09,20.57,20.75,20.00,20.469999,184500,20.469999
2009-07-08,20.629999,20.629999,20.059999,20.42,332600,20.42
2009-07-07,19.620001,20.879999,19.610001,20.48,231300,20.48
2009-07-06,20.799999,21.40,20.65,21.01,137400,21.01
2009-07-02,21.790001,21.790001,20.74,20.82,131700,20.82
2009-07-01,21.629999,22.09,21.309999,22.059999,212900,22.059999
2009-06-30,21.32,21.65,21.25,21.440001,136500,21.440001
2009-06-29,21.23,21.709999,20.889999,21.24,79100,21.24
2009-06-26,21.10,21.34,20.66,21.18,310600,21.18
2009-06-25,20.35,21.32,20.23,21.280001,145400,21.280001
2009-06-24,20.370001,20.68,20.219999,20.440001,112300,20.440001
2009-06-23,20.59,20.90,20.120001,20.139999,92100,20.139999
2009-06-22,20.76,20.90,20.25,20.40,156800,20.40
2009-06-19,20.389999,20.99,20.280001,20.959999,338100,20.959999
2009-06-18,19.790001,20.280001,19.190001,20.110001,155700,20.110001
2009-06-17,19.110001,19.91,18.879999,19.879999,177400,19.879999
2009-06-16,19.41,19.959999,18.76,19.540001,203000,19.540001
2009-06-15,19.60,19.66,18.870001,19.17,156500,19.17
2009-06-12,19.83,19.98,19.549999,19.639999,122500,19.639999
2009-06-11,20.24,20.58,19.85,19.950001,120300,19.950001
2009-06-10,20.389999,20.389999,19.75,20.129999,184300,20.129999
2009-06-09,20.379999,20.51,20.059999,20.33,182100,20.33
2009-06-08,20.41,20.549999,20.16,20.34,121900,20.34
2009-06-05,20.700001,20.780001,20.450001,20.65,116700,20.65
2009-06-04,20.58,20.75,20.190001,20.73,129500,20.73
2009-06-03,20.549999,21.24,20.18,20.58,197900,20.58
2009-06-02,19.870001,21.10,19.42,20.780001,369600,20.780001
2009-06-01,19.059999,20.059999,19.059999,20.02,228900,20.02
2009-05-29,18.370001,18.690001,17.879999,18.68,195400,18.68
2009-05-28,18.34,18.559999,17.34,18.26,143500,18.26
2009-05-27,18.48,18.65,18.09,18.110001,138000,18.110001
2009-05-26,18.00,18.870001,17.85,18.549999,207200,18.549999
2009-05-22,18.450001,18.450001,17.93,17.940001,87300,17.940001
2009-05-21,18.74,18.98,17.99,18.280001,148700,18.280001
2009-05-20,19.35,19.639999,18.85,18.92,105900,18.92
2009-05-19,19.18,19.41,18.90,19.15,139800,19.15
2009-05-18,19.18,19.23,18.440001,19.219999,282800,19.219999
2009-05-15,19.629999,19.639999,18.84,18.879999,220300,18.879999
2009-05-14,19.530001,20.059999,19.23,19.66,263100,19.66
2009-05-13,20.15,20.280001,19.299999,19.360001,214500,19.360001
2009-05-12,20.780001,21.290001,20.32,20.389999,125100,20.389999
2009-05-11,20.66,21.02,20.27,20.719999,205100,20.719999
2009-05-08,20.549999,21.23,20.549999,21.00,130600,21.00
2009-05-07,20.620001,20.74,20.139999,20.32,171200,20.32
2009-05-06,20.60,20.799999,19.93,20.209999,262900,20.209999
2009-05-05,20.620001,20.860001,20.219999,20.450001,155800,20.450001
2009-05-04,20.68,20.940001,20.43,20.73,175500,20.73
2009-05-01,20.549999,20.940001,20.10,20.41,207100,20.41
2009-04-30,21.309999,21.440001,20.540001,20.540001,274100,20.540001
2009-04-29,20.790001,21.23,20.58,21.110001,241900,21.110001
2009-04-28,19.77,20.889999,19.709999,20.60,273200,20.60
2009-04-27,18.84,20.25,18.84,19.889999,278300,19.889999
2009-04-24,19.299999,19.50,18.49,19.23,595900,19.23
2009-04-23,18.67,18.67,17.59,17.809999,298600,17.809999
2009-04-22,17.99,18.780001,17.860001,18.66,262100,18.66
2009-04-21,17.610001,18.290001,17.59,18.26,133500,18.26
2009-04-20,17.93,18.209999,17.469999,17.629999,111800,17.629999
2009-04-17,18.370001,18.549999,17.959999,18.32,259800,18.32
2009-04-16,17.99,18.440001,17.620001,18.309999,445100,18.309999
2009-04-15,17.51,17.940001,17.389999,17.92,233400,17.92
2009-04-14,17.40,17.790001,17.290001,17.57,116900,17.57
2009-04-13,17.24,17.75,17.24,17.709999,160900,17.709999
2009-04-09,16.530001,17.540001,16.24,17.49,255300,17.49
2009-04-08,16.379999,16.549999,15.72,16.190001,140800,16.190001
2009-04-07,16.60,16.83,16.17,16.27,160300,16.27
2009-04-06,16.82,17.32,16.60,16.77,128000,16.77
2009-04-03,16.92,17.040001,16.58,16.98,111300,16.98
2009-04-02,16.50,17.18,16.25,16.91,211200,16.91
2009-04-01,15.54,16.25,15.19,16.110001,168700,16.110001
2009-03-31,16.01,16.40,15.62,15.85,216700,15.85
2009-03-30,15.81,16.10,15.21,15.78,153600,15.78
2009-03-27,16.280001,16.879999,16.09,16.129999,150200,16.129999
2009-03-26,16.379999,16.719999,16.08,16.610001,201700,16.610001
2009-03-25,17.01,17.110001,15.77,16.110001,293400,16.110001
2009-03-24,16.41,16.82,15.80,15.86,151200,15.86
2009-03-23,16.34,16.690001,15.94,16.690001,205500,16.690001
2009-03-20,16.50,16.68,15.83,16.030001,228400,16.030001
2009-03-19,16.90,16.92,16.110001,16.34,131000,16.34
2009-03-18,16.50,17.040001,16.209999,16.74,286100,16.74
2009-03-17,15.67,16.620001,15.67,16.620001,225400,16.620001
2009-03-16,16.469999,16.99,16.24,16.450001,224800,16.450001
2009-03-13,16.01,16.559999,15.77,16.370001,172100,16.370001
2009-03-12,14.74,16.15,14.74,16.01,392400,16.01
2009-03-11,15.70,16.50,14.69,14.70,467600,14.70
2009-03-10,14.00,15.17,13.99,14.72,542400,14.72
2009-03-09,12.99,14.30,12.99,13.81,630300,13.81
2009-03-06,13.22,13.69,12.97,13.59,587600,13.59
2009-03-05,13.03,13.29,12.88,13.14,551300,13.14
2009-03-04,13.34,13.64,13.05,13.28,329800,13.28
2009-03-03,14.02,14.14,12.23,13.19,812500,13.19
2009-03-02,15.35,15.67,13.77,13.84,491300,13.84
2009-02-27,14.79,15.98,14.75,15.62,573300,15.62
2009-02-26,17.08,17.110001,14.79,14.79,809900,14.79
2009-02-25,17.690001,18.07,16.610001,16.969999,282500,16.969999
2009-02-24,17.65,18.360001,17.559999,17.620001,491000,17.620001
2009-02-23,18.620001,18.75,17.24,17.389999,548100,17.389999
2009-02-20,18.59,18.59,16.60,17.08,1130000,17.08
2009-02-19,18.719999,19.120001,18.530001,18.940001,181100,18.940001
2009-02-18,18.870001,19.15,18.32,18.57,295400,18.57
2009-02-17,19.16,19.450001,18.719999,18.77,158800,18.77
2009-02-13,19.809999,20.01,19.16,19.549999,159900,19.549999
2009-02-12,19.610001,20.01,19.07,19.73,155700,19.73
2009-02-11,20.00,20.280001,19.60,19.84,132800,19.84
2009-02-10,20.33,20.809999,19.620001,19.889999,174300,19.889999
2009-02-09,20.50,20.82,20.17,20.389999,79300,20.389999
2009-02-06,20.299999,20.690001,20.299999,20.60,99600,20.60
2009-02-05,20.09,20.559999,19.879999,20.379999,99100,20.379999
2009-02-04,20.48,20.85,19.870001,20.16,108300,20.16
2009-02-03,20.49,20.65,20.25,20.540001,159700,20.540001
2009-02-02,19.25,20.530001,19.110001,20.389999,230200,20.389999
2009-01-30,20.25,20.33,19.469999,19.59,135700,19.59
2009-01-29,20.450001,20.67,19.92,20.00,157600,20.00
2009-01-28,21.02,21.02,20.559999,20.700001,150900,20.700001
2009-01-27,20.459999,21.110001,20.459999,20.68,96800,20.68
2009-01-26,20.43,20.790001,20.059999,20.440001,132500,20.440001
2009-01-23,19.959999,20.43,19.450001,20.34,209200,20.34
2009-01-22,20.309999,20.809999,19.940001,20.17,178600,20.17
2009-01-21,20.370001,21.00,20.030001,20.66,208500,20.66
2009-01-20,21.34,21.83,20.120001,20.17,313000,20.17
2009-01-16,22.040001,22.33,21.85,22.299999,162500,22.299999
2009-01-15,21.50,22.02,21.110001,21.940001,118600,21.940001
2009-01-14,21.74,22.030001,21.379999,21.50,166200,21.50
2009-01-13,21.77,22.16,21.639999,22.08,134100,22.08
2009-01-12,21.74,22.09,21.59,21.74,134800,21.74
2009-01-09,22.41,22.83,21.67,21.84,127400,21.84
2009-01-08,22.42,22.690001,22.08,22.48,131400,22.48
2009-01-07,22.969999,23.290001,22.290001,22.43,288400,22.43
2009-01-06,23.50,23.860001,22.68,23.299999,183400,23.299999
2009-01-05,23.950001,24.030001,23.129999,23.469999,128500,23.469999
2009-01-02,23.35,23.83,23.030001,23.68,177600,23.68
2008-12-31,23.16,23.67,22.719999,23.34,156500,23.34
2008-12-30,22.629999,23.200001,22.190001,23.18,99900,23.18
2008-12-29,22.91,22.91,22.110001,22.389999,113700,22.389999
2008-12-26,22.59,22.940001,22.18,22.90,65200,22.90
2008-12-24,22.540001,22.790001,22.08,22.50,39100,22.50
2008-12-23,22.92,23.209999,22.370001,22.52,133100,22.52
2008-12-22,23.23,23.23,22.040001,22.84,197400,22.84
2008-12-19,23.540001,23.83,22.879999,23.24,439000,23.24
2008-12-18,22.16,23.959999,21.92,23.26,334600,23.26
2008-12-17,21.620001,22.76,21.58,22.32,220300,22.32
2008-12-16,21.030001,22.00,20.639999,21.74,214900,21.74
2008-12-15,21.370001,21.85,20.27,20.65,152100,20.65
2008-12-12,20.41,21.40,20.200001,21.32,150400,21.32
2008-12-11,20.709999,21.950001,20.68,20.870001,191300,20.870001
2008-12-10,21.65,21.92,20.629999,20.959999,380200,20.959999
2008-12-09,20.98,21.60,20.98,21.360001,427500,21.360001
2008-12-08,20.629999,21.209999,20.01,21.10,323500,21.10
2008-12-05,19.07,20.26,18.540001,20.200001,242200,20.200001
2008-12-04,19.639999,20.25,19.040001,19.360001,191700,19.360001
2008-12-03,18.34,20.040001,17.91,19.92,366200,19.92
2008-12-02,18.450001,18.85,18.059999,18.76,596100,18.76
2008-12-01,19.50,20.129999,18.00,18.10,418000,18.10
2008-11-28,19.889999,20.459999,19.58,19.93,92200,19.93
2008-11-26,19.719999,20.24,19.42,20.16,242500,20.16
2008-11-25,20.209999,20.41,19.540001,20.15,376900,20.15
2008-11-24,19.620001,20.299999,19.139999,20.09,378200,20.09
2008-11-21,19.040001,19.40,17.950001,19.34,396300,19.34
2008-11-20,20.60,20.90,18.780001,18.83,277500,18.83
2008-11-19,21.620001,22.00,20.52,20.58,238500,20.58
2008-11-18,21.76,22.25,20.85,21.67,249200,21.67
2008-11-17,21.68,22.540001,21.60,21.629999,182900,21.629999
2008-11-14,22.610001,23.309999,21.73,21.790001,229700,21.790001
2008-11-13,22.27,23.07,20.889999,22.969999,247900,22.969999
2008-11-12,22.74,23.60,22.17,22.209999,283900,22.209999
2008-11-11,22.91,23.450001,22.700001,22.969999,288800,22.969999
2008-11-10,24.42,24.42,22.540001,22.969999,454600,22.969999
2008-11-07,24.27,24.549999,23.690001,24.02,276600,24.02
2008-11-06,23.35,24.530001,23.35,24.059999,283100,24.059999
2008-11-05,24.23,24.92,23.42,23.549999,467600,23.549999
2008-11-04,25.76,25.76,24.219999,24.290001,654900,24.290001
2008-11-03,24.93,25.50,24.200001,25.33,279100,25.33
2008-10-31,24.02,25.049999,23.629999,24.940001,324800,24.940001
2008-10-30,24.280001,24.639999,23.370001,24.200001,340600,24.200001
2008-10-29,22.690001,24.559999,22.49,23.66,492800,23.66
2008-10-28,20.50,22.74,20.190001,22.719999,376200,22.719999
2008-10-27,20.629999,20.85,20.139999,20.139999,359100,20.139999
2008-10-24,20.860001,21.42,20.43,20.85,375000,20.85
2008-10-23,21.98,22.02,20.219999,21.040001,330900,21.040001
2008-10-22,22.389999,22.82,21.68,21.84,242900,21.84
2008-10-21,21.469999,23.00,21.280001,22.860001,268200,22.860001
2008-10-20,21.82,22.00,21.16,21.780001,173200,21.780001
2008-10-17,21.459999,22.25,21.040001,21.469999,280700,21.469999
2008-10-16,21.620001,22.23,20.58,21.99,294100,21.99
2008-10-15,22.74,23.780001,21.360001,21.43,234500,21.43
2008-10-14,24.00,24.00,22.34,23.10,309500,23.10
2008-10-13,23.82,24.16,23.290001,23.959999,229800,23.959999
2008-10-10,21.99,23.790001,20.90,23.139999,345800,23.139999
2008-10-09,24.290001,24.360001,22.290001,22.33,311400,22.33
2008-10-08,23.780001,24.73,23.040001,23.99,324700,23.99
2008-10-07,23.01,24.25,23.01,24.01,344400,24.01
2008-10-06,24.309999,25.120001,22.91,23.85,293000,23.85
2008-10-03,25.26,25.709999,24.440001,24.540001,234600,24.540001
2008-10-02,25.33,26.01,24.940001,24.940001,230300,24.940001
2008-10-01,25.440001,26.049999,25.219999,25.50,216700,25.50
2008-09-30,25.940001,27.07,25.23,25.469999,340800,25.469999
2008-09-29,27.24,27.49,25.91,26.23,178900,26.23
2008-09-26,26.860001,27.52,26.68,27.51,136100,27.51
2008-09-25,27.030001,27.57,26.790001,26.83,236200,26.83
2008-09-24,27.700001,28.360001,26.85,26.969999,196600,26.969999
2008-09-23,27.709999,28.459999,27.379999,27.620001,387400,27.620001
2008-09-22,28.24,28.549999,27.110001,27.690001,227900,27.690001
2008-09-19,28.52,28.93,27.77,28.35,576400,28.35
2008-09-18,26.83,28.030001,26.290001,27.860001,365400,27.860001
2008-09-17,26.940001,26.940001,26.120001,26.290001,249700,26.290001
2008-09-16,26.23,27.120001,26.129999,27.10,201900,27.10
2008-09-15,27.040001,27.27,26.41,26.440001,119600,26.440001
2008-09-12,27.129999,27.34,26.780001,27.33,117000,27.33
2008-09-11,27.23,27.879999,26.709999,27.309999,103000,27.309999
2008-09-10,27.23,27.629999,26.940001,27.290001,142400,27.290001
2008-09-09,27.25,27.58,26.93,26.93,170000,26.93
2008-09-08,27.49,27.50,26.950001,27.190001,152900,27.190001
2008-09-05,26.860001,27.030001,26.26,26.860001,118100,26.860001
2008-09-04,27.799999,27.99,26.85,26.85,176700,26.85
2008-09-03,27.530001,28.01,26.99,27.93,292000,27.93
2008-09-02,27.48,27.75,26.309999,27.549999,145800,27.549999
2008-08-29,27.41,27.41,27.09,27.110001,54500,27.110001
2008-08-28,27.209999,27.48,26.18,27.450001,77200,27.450001
2008-08-27,27.00,27.360001,27.00,27.209999,72500,27.209999
2008-08-26,26.82,27.43,26.41,27.049999,160600,27.049999
2008-08-25,27.35,27.67,26.379999,26.82,107800,26.82
2008-08-22,27.15,27.709999,27.129999,27.40,71200,27.40
2008-08-21,27.110001,27.719999,26.950001,27.10,72500,27.10
2008-08-20,27.58,27.75,26.950001,27.280001,91700,27.280001
2008-08-19,27.34,27.65,27.18,27.469999,136500,27.469999
2008-08-18,27.940001,27.959999,27.25,27.50,122600,27.50
2008-08-15,28.040001,28.08,27.440001,28.00,146500,28.00
2008-08-14,27.57,28.00,27.51,27.85,74700,27.85
2008-08-13,27.74,27.940001,27.309999,27.75,148600,27.75
2008-08-12,27.950001,28.08,27.52,27.809999,95100,27.809999
2008-08-11,27.969999,28.07,27.360001,28.07,164300,28.07
2008-08-08,27.10,28.00,27.10,27.959999,182200,27.959999
2008-08-07,27.15,27.33,27.059999,27.139999,140900,27.139999
2008-08-06,27.15,27.33,27.030001,27.18,157100,27.18
2008-08-05,26.90,27.27,26.610001,27.25,194600,27.25
2008-08-04,26.700001,26.90,26.049999,26.90,152800,26.90
2008-08-01,26.889999,26.90,26.17,26.66,139400,26.66
2008-07-31,26.48,26.93,26.48,26.799999,163600,26.799999
2008-07-30,26.90,27.07,26.440001,26.75,122400,26.75
2008-07-29,26.90,27.00,26.440001,26.799999,197300,26.799999
2008-07-28,27.110001,27.299999,26.59,26.83,153000,26.83
2008-07-25,27.49,27.83,27.190001,27.219999,323700,27.219999
2008-07-24,27.450001,27.76,27.08,27.620001,331800,27.620001
2008-07-23,27.17,27.50,26.450001,27.32,403300,27.32
2008-07-22,27.16,27.50,26.870001,27.040001,621700,27.040001
2008-07-21,26.879999,27.459999,26.700001,27.07,169200,27.07
2008-07-18,27.01,27.01,26.58,26.75,99700,26.75
2008-07-17,26.77,27.07,26.549999,27.030001,235000,27.030001
2008-07-16,26.799999,27.26,26.65,27.02,172900,27.02
2008-07-15,26.450001,27.50,26.16,26.73,180200,26.73
2008-07-14,26.98,26.98,26.60,26.700001,197600,26.700001
2008-07-11,26.639999,26.91,26.48,26.870001,212500,26.870001
2008-07-10,25.99,26.799999,25.99,26.77,201900,26.77
2008-07-09,26.639999,26.719999,25.98,26.08,254300,26.08
2008-07-08,25.17,26.74,24.84,26.67,356500,26.67
2008-07-07,24.83,25.120001,24.75,25.049999,136900,25.049999
2008-07-03,25.43,25.43,24.77,24.809999,100500,24.809999
2008-07-02,25.389999,25.65,25.08,25.42,453300,25.42
2008-07-01,24.35,25.200001,23.959999,25.15,566300,25.15
2008-06-30,24.58,25.25,24.35,24.35,356500,24.35
2008-06-27,24.959999,25.40,24.620001,24.620001,512800,24.620001
2008-06-26,25.129999,25.559999,24.84,24.860001,292800,24.860001
2008-06-25,25.200001,25.40,25.07,25.26,199800,25.26
2008-06-24,25.690001,25.92,25.219999,25.23,271600,25.23
2008-06-23,26.200001,26.43,25.790001,25.82,164300,25.82
2008-06-20,26.290001,26.290001,25.66,26.09,329500,26.09
2008-06-19,25.969999,26.43,25.719999,26.40,122700,26.40
2008-06-18,26.02,26.16,25.75,25.91,108700,25.91
2008-06-17,26.530001,26.530001,26.01,26.10,151600,26.10
2008-06-16,26.83,26.870001,26.23,26.50,139600,26.50
2008-06-13,26.85,27.10,26.51,26.83,135100,26.83
2008-06-12,26.41,26.860001,26.26,26.60,95600,26.60
2008-06-11,26.59,26.59,26.17,26.209999,77000,26.209999
2008-06-10,26.690001,26.889999,26.34,26.73,220400,26.73
2008-06-09,26.57,27.049999,25.85,26.790001,300000,26.790001
2008-06-06,27.34,27.370001,26.389999,26.41,127700,26.41
2008-06-05,26.879999,27.68,26.870001,27.50,168900,27.50
2008-06-04,27.040001,27.360001,26.719999,26.860001,221300,26.860001
2008-06-03,27.620001,27.620001,26.82,27.15,278700,27.15
2008-06-02,27.370001,27.790001,27.040001,27.52,291600,27.52
2008-05-30,27.129999,27.34,26.709999,27.280001,401800,27.280001
2008-05-29,26.559999,27.26,26.360001,27.049999,223000,27.049999
2008-05-28,26.610001,26.67,26.33,26.59,113900,26.59
2008-05-27,26.209999,26.76,26.08,26.559999,173300,26.559999
2008-05-23,26.030001,26.16,25.860001,26.16,125100,26.16
2008-05-22,25.959999,26.18,25.66,26.16,177600,26.16
2008-05-21,25.91,26.27,25.76,25.969999,122700,25.969999
2008-05-20,25.50,26.01,25.50,25.85,144800,25.85
2008-05-19,25.57,25.790001,25.440001,25.559999,123700,25.559999
2008-05-16,25.870001,25.879999,25.309999,25.57,134600,25.57
2008-05-15,25.41,25.860001,25.309999,25.75,95800,25.75
2008-05-14,25.68,26.110001,25.43,25.43,121000,25.43
2008-05-13,25.60,25.77,25.450001,25.690001,93300,25.690001
2008-05-12,25.030001,25.690001,24.98,25.58,109400,25.58
2008-05-09,25.00,25.15,24.67,24.950001,73600,24.950001
2008-05-08,24.879999,25.309999,24.700001,25.139999,106000,25.139999
2008-05-07,25.16,25.370001,24.74,24.83,83900,24.83
2008-05-06,25.280001,25.360001,24.889999,25.08,143700,25.08
2008-05-05,25.15,25.52,24.860001,25.43,176700,25.43
2008-05-02,25.719999,25.889999,25.09,25.129999,171500,25.129999
2008-05-01,25.49,25.870001,25.41,25.700001,173400,25.700001
2008-04-30,25.379999,25.940001,25.26,25.540001,226800,25.540001
2008-04-29,25.42,25.65,25.18,25.299999,235500,25.299999
2008-04-28,25.049999,25.459999,24.879999,25.41,135800,25.41
2008-04-25,24.780001,25.190001,24.68,25.040001,172500,25.040001
2008-04-24,25.459999,25.459999,24.18,24.67,384300,24.67
2008-04-23,23.24,25.860001,23.24,25.450001,725200,25.450001
2008-04-22,22.57,22.950001,21.959999,22.200001,223400,22.200001
2008-04-21,22.799999,22.98,22.620001,22.67,171000,22.67
2008-04-18,23.040001,23.299999,22.860001,23.00,145100,23.00
2008-04-17,22.83,22.92,22.68,22.709999,117700,22.709999
2008-04-16,22.98,22.98,22.66,22.889999,199400,22.889999
2008-04-15,22.85,23.09,22.549999,22.799999,203500,22.799999
2008-04-14,22.83,22.98,22.690001,22.74,118000,22.74
2008-04-11,22.879999,23.17,22.540001,22.879999,666300,22.879999
2008-04-10,23.540001,23.540001,22.99,23.00,356500,23.00
2008-04-09,23.879999,23.99,23.459999,23.50,109100,23.50
2008-04-08,23.540001,24.00,23.360001,23.940001,100900,23.940001
2008-04-07,23.879999,24.08,23.620001,23.65,91500,23.65
2008-04-04,24.040001,24.040001,23.709999,23.879999,131300,23.879999
2008-04-03,23.629999,24.02,23.59,23.969999,164000,23.969999
2008-04-02,24.08,24.33,23.620001,23.780001,270300,23.780001
2008-04-01,23.780001,24.620001,23.780001,24.40,154500,24.40
2008-03-31,23.57,23.93,23.50,23.68,113900,23.68
2008-03-28,23.76,23.959999,23.450001,23.49,108000,23.49
2008-03-27,23.85,23.959999,23.440001,23.68,125900,23.68
2008-03-26,23.42,23.82,23.01,23.77,187500,23.77
2008-03-25,23.73,23.860001,23.25,23.559999,110800,23.559999
2008-03-24,23.41,23.780001,23.00,23.68,183400,23.68
2008-03-20,24.059999,24.059999,22.75,23.27,695900,23.27
2008-03-19,24.23,24.60,23.82,23.83,196300,23.83
2008-03-18,23.49,24.309999,23.290001,24.10,325000,24.10
2008-03-17,22.959999,23.18,22.719999,23.00,302600,23.00
2008-03-14,23.610001,23.68,22.959999,23.530001,372500,23.530001
2008-03-13,22.940001,23.459999,22.85,23.450001,188900,23.450001
2008-03-12,23.389999,23.690001,22.99,23.00,202000,23.00
2008-03-11,23.610001,24.23,23.059999,23.370001,232700,23.370001
2008-03-10,23.280001,23.610001,23.08,23.139999,153900,23.139999
2008-03-07,23.02,23.52,23.00,23.15,300100,23.15
2008-03-06,23.58,23.58,23.049999,23.09,302300,23.09
2008-03-05,23.959999,24.120001,23.379999,23.75,151100,23.75
2008-03-04,23.67,24.049999,23.440001,23.799999,160500,23.799999
2008-03-03,24.09,24.139999,23.450001,23.870001,173500,23.870001
2008-02-29,24.24,24.540001,23.91,24.09,289500,24.09
2008-02-28,24.620001,24.73,24.059999,24.50,167300,24.50
2008-02-27,24.60,24.969999,24.299999,24.700001,108800,24.700001
2008-02-26,24.790001,25.200001,24.77,24.82,150200,24.82
2008-02-25,24.41,25.120001,24.25,24.91,192400,24.91
2008-02-22,24.84,24.85,24.27,24.450001,241600,24.450001
2008-02-21,25.209999,25.40,24.620001,24.75,192500,24.75
2008-02-20,25.57,25.57,24.00,25.01,506600,25.01
2008-02-19,25.24,25.33,24.809999,24.969999,159500,24.969999
2008-02-15,24.440001,24.969999,24.35,24.85,247600,24.85
2008-02-14,25.690001,25.719999,24.52,24.57,221200,24.57
2008-02-13,25.51,25.59,24.799999,25.58,307000,25.58
2008-02-12,25.01,25.719999,24.75,25.309999,203400,25.309999
2008-02-11,25.18,25.290001,24.440001,24.83,243500,24.83
2008-02-08,26.43,26.540001,25.139999,25.25,459500,25.25
2008-02-07,25.92,26.75,25.120001,26.440001,232700,26.440001
2008-02-06,25.950001,26.540001,25.610001,26.02,240500,26.02
2008-02-05,25.030001,25.809999,24.98,25.780001,268300,25.780001
2008-02-04,25.780001,25.92,25.459999,25.50,270600,25.50
2008-02-01,25.91,26.25,25.389999,25.870001,216200,25.870001
2008-01-31,25.10,25.98,25.10,25.76,204500,25.76
2008-01-30,25.51,25.940001,25.17,25.200001,187100,25.200001
2008-01-29,26.40,26.40,25.469999,25.65,244200,25.65
2008-01-28,26.139999,26.50,25.59,26.35,153300,26.35
2008-01-25,26.49,26.50,25.65,26.18,291500,26.18
2008-01-24,26.52,27.48,25.290001,26.16,375300,26.16
2008-01-23,26.049999,26.629999,25.610001,26.07,756000,26.07
2008-01-22,26.52,27.280001,26.00,26.57,502300,26.57
2008-01-18,27.440001,28.209999,26.75,27.17,267100,27.17
2008-01-17,28.26,28.26,27.290001,27.469999,246400,27.469999
2008-01-16,28.280001,28.66,27.91,28.10,572500,28.10
2008-01-15,28.040001,28.860001,28.040001,28.280001,643000,28.280001
2008-01-14,28.91,29.00,28.08,28.389999,1042600,28.389999
2008-01-11,28.629999,28.889999,27.469999,28.66,472000,28.66
2008-01-10,28.370001,29.26,27.42,28.91,950000,28.91
2008-01-09,28.030001,29.049999,27.969999,28.76,377900,28.76
2008-01-08,28.389999,29.76,28.00,28.15,824100,28.15
2008-01-07,27.799999,28.51,27.639999,28.309999,272800,28.309999
2008-01-04,27.58,27.99,27.309999,27.66,299500,27.66
2008-01-03,27.469999,27.959999,27.309999,27.83,347200,27.83
2008-01-02,27.389999,27.530001,27.049999,27.35,449900,27.35
2007-12-31,27.18,27.549999,27.01,27.059999,107100,27.059999
2007-12-28,27.76,27.76,27.139999,27.26,162200,27.26
2007-12-27,27.98,27.98,27.48,27.50,260600,27.50
2007-12-26,27.83,27.99,27.18,27.91,170400,27.91
2007-12-24,27.59,28.00,27.10,28.00,80700,28.00
2007-12-21,27.25,27.99,27.049999,27.51,937300,27.51
2007-12-20,27.00,27.040001,26.48,26.889999,226600,26.889999
2007-12-19,26.59,26.90,26.459999,26.860001,200600,26.860001
2007-12-18,25.700001,26.98,25.540001,26.57,346400,26.57
2007-12-17,25.35,25.690001,25.10,25.360001,152100,25.360001
2007-12-14,25.280001,25.60,25.10,25.370001,203600,25.370001
2007-12-13,25.33,25.90,25.25,25.57,157500,25.57
2007-12-12,25.879999,26.030001,25.209999,25.50,106400,25.50
2007-12-11,26.07,26.09,25.01,25.379999,171100,25.379999
2007-12-10,26.09,26.09,25.639999,25.98,87600,25.98
2007-12-07,26.17,26.17,25.73,26.08,129500,26.08
2007-12-06,25.540001,26.32,25.00,26.040001,158500,26.040001
2007-12-05,25.99,25.99,25.370001,25.51,87000,25.51
2007-12-04,25.620001,25.860001,25.309999,25.620001,94900,25.620001
2007-12-03,25.959999,26.08,25.49,25.860001,195800,25.860001
2007-11-30,26.190001,26.23,25.43,25.860001,235200,25.860001
2007-11-29,25.860001,26.110001,25.73,25.889999,93600,25.889999
2007-11-28,25.58,26.040001,25.35,25.969999,273500,25.969999
2007-11-27,25.360001,25.629999,24.959999,25.26,203500,25.26
2007-11-26,25.91,26.00,25.02,25.33,322800,25.33
2007-11-23,26.24,26.25,25.950001,25.950001,66900,25.950001
2007-11-21,26.51,26.93,25.969999,25.98,154500,25.98
2007-11-20,26.73,26.959999,25.969999,26.59,290900,26.59
2007-11-19,26.73,26.99,26.00,26.790001,225100,26.790001
2007-11-16,26.82,27.07,26.16,26.91,410800,26.91
2007-11-15,26.639999,26.98,26.42,26.76,194100,26.76
2007-11-14,26.93,26.959999,26.58,26.780001,341200,26.780001
2007-11-13,26.50,26.91,26.24,26.82,131600,26.82
2007-11-12,26.110001,26.809999,25.950001,26.34,217800,26.34
2007-11-09,26.040001,26.33,25.67,26.030001,180000,26.030001
2007-11-08,26.52,26.59,25.780001,26.35,290900,26.35
2007-11-07,26.66,26.889999,26.030001,26.33,294600,26.33
2007-11-06,26.40,27.040001,25.959999,27.01,369200,27.01
2007-11-05,25.42,26.450001,25.42,26.200001,294100,26.200001
2007-11-02,26.09,26.09,25.32,25.66,153200,25.66
2007-11-01,26.190001,26.40,25.629999,25.82,340700,25.82
2007-10-31,26.110001,26.50,25.65,26.450001,175500,26.450001
2007-10-30,25.60,26.129999,25.370001,26.040001,229500,26.040001
2007-10-29,26.049999,26.440001,25.379999,25.77,340400,25.77
2007-10-26,26.52,26.74,25.799999,26.07,380500,26.07
2007-10-25,26.219999,26.92,25.969999,26.68,369700,26.68
2007-10-24,25.719999,26.17,24.280001,26.08,958000,26.08
2007-10-23,25.35,26.360001,24.309999,26.08,1059200,26.08
2007-10-22,22.870001,23.68,22.60,23.51,298000,23.51
2007-10-19,23.309999,23.629999,22.93,22.93,207300,22.93
2007-10-18,23.299999,23.66,23.25,23.299999,167600,23.299999
2007-10-17,23.469999,23.610001,23.18,23.290001,255500,23.290001
2007-10-16,23.139999,23.370001,23.09,23.24,260100,23.24
2007-10-15,23.530001,23.530001,23.10,23.200001,272600,23.200001
2007-10-12,23.379999,23.91,23.27,23.559999,90600,23.559999
2007-10-11,23.879999,24.00,23.309999,23.389999,156000,23.389999
2007-10-10,23.99,24.16,23.610001,23.809999,128500,23.809999
2007-10-09,23.84,24.33,23.59,24.030001,136000,24.030001
2007-10-08,23.99,24.18,23.73,23.82,167000,23.82
2007-10-05,23.790001,24.27,23.34,24.09,210800,24.09
2007-10-04,23.370001,23.719999,23.219999,23.690001,103500,23.690001
2007-10-03,23.299999,23.41,23.01,23.32,153600,23.32
2007-10-02,23.299999,23.67,23.209999,23.33,102000,23.33
2007-10-01,23.059999,23.290001,22.959999,23.26,148100,23.26
2007-09-28,22.91,23.25,22.67,23.07,164000,23.07
2007-09-27,23.01,23.030001,22.57,22.950001,98100,22.950001
2007-09-26,22.84,23.09,22.67,22.93,101100,22.93
2007-09-25,22.43,22.889999,22.43,22.639999,129400,22.639999
2007-09-24,23.129999,23.129999,22.370001,22.540001,206300,22.540001
2007-09-21,23.09,23.299999,22.98,23.09,221000,23.09
2007-09-20,23.10,23.139999,22.700001,22.889999,77500,22.889999
2007-09-19,23.24,23.370001,23.049999,23.09,150400,23.09
2007-09-18,22.620001,23.25,22.40,23.049999,218000,23.049999
2007-09-17,22.780001,22.790001,22.41,22.540001,397200,22.540001
2007-09-14,22.52,22.82,22.26,22.799999,161700,22.799999
2007-09-13,22.98,23.290001,22.540001,22.58,127700,22.58
2007-09-12,23.209999,23.58,22.610001,22.91,86000,22.91
2007-09-11,22.92,23.280001,22.620001,23.25,80400,23.25
2007-09-10,23.059999,23.370001,22.49,22.879999,114700,22.879999
2007-09-07,22.889999,23.07,22.639999,22.959999,172300,22.959999
2007-09-06,23.43,23.43,22.83,23.18,132100,23.18
2007-09-05,23.40,23.59,23.200001,23.40,306700,23.40
2007-09-04,23.540001,23.90,23.25,23.549999,180200,23.549999
2007-08-31,23.52,23.74,23.17,23.59,148400,23.59
2007-08-30,22.66,23.58,22.51,23.280001,190100,23.280001
2007-08-29,22.84,23.059999,22.459999,22.84,185500,22.84
2007-08-28,23.17,23.440001,22.76,22.76,206900,22.76
2007-08-27,23.50,23.799999,22.98,23.280001,116500,23.280001
2007-08-24,22.969999,23.65,22.85,23.60,103400,23.60
2007-08-23,23.549999,23.66,22.90,23.00,276300,23.00
2007-08-22,23.43,23.76,23.360001,23.459999,289300,23.459999
2007-08-21,23.209999,23.68,21.93,23.23,277200,23.23
2007-08-20,23.549999,24.299999,22.83,23.24,172600,23.24
2007-08-17,24.719999,24.780001,23.379999,23.49,329400,23.49
2007-08-16,22.719999,23.98,22.719999,23.799999,278400,23.799999
2007-08-15,22.98,23.690001,22.76,22.76,140600,22.76
2007-08-14,23.74,24.059999,22.940001,23.01,175400,23.01
2007-08-13,23.67,24.959999,23.67,23.75,213800,23.75
2007-08-10,23.41,23.790001,22.75,23.469999,428400,23.469999
2007-08-09,24.290001,24.959999,23.559999,23.66,608500,23.66
2007-08-08,24.17,25.00,23.379999,24.50,444300,24.50
2007-08-07,23.290001,24.110001,23.049999,24.049999,383600,24.049999
2007-08-06,23.67,23.99,22.76,23.379999,406500,23.379999
2007-08-03,24.190001,24.530001,23.42,23.50,404700,23.50
2007-08-02,24.48,24.700001,24.049999,24.200001,300600,24.200001
2007-08-01,25.120001,25.299999,23.940001,24.469999,427900,24.469999
2007-07-31,25.75,25.75,24.879999,25.139999,415700,25.139999
2007-07-30,25.889999,26.790001,25.360001,25.639999,789900,25.639999
2007-07-27,25.52,26.110001,25.42,25.75,537800,25.75
2007-07-26,25.75,25.889999,25.26,25.51,570800,25.51
2007-07-25,23.98,26.68,23.98,25.90,992500,25.90
2007-07-24,24.17,24.290001,23.41,23.799999,205200,23.799999
2007-07-23,24.360001,24.780001,24.07,24.27,127500,24.27
2007-07-20,24.809999,24.860001,23.969999,24.25,159700,24.25
2007-07-19,24.49,24.950001,24.40,24.860001,535300,24.860001
2007-07-18,24.90,24.99,24.110001,24.33,210700,24.33
2007-07-17,24.42,24.809999,24.209999,24.51,265600,24.51
2007-07-16,24.23,24.25,23.83,24.110001,216100,24.110001
2007-07-13,24.280001,24.49,24.129999,24.25,207800,24.25
2007-07-12,24.23,24.370001,24.120001,24.25,129400,24.25
2007-07-11,24.07,24.280001,23.860001,24.209999,116000,24.209999
2007-07-10,24.52,24.700001,24.09,24.10,245800,24.10
2007-07-09,24.360001,24.75,24.030001,24.66,158200,24.66
2007-07-06,24.530001,24.58,24.33,24.370001,112800,24.370001
2007-07-05,24.549999,24.629999,24.15,24.540001,92600,24.540001
2007-07-03,24.309999,24.52,24.309999,24.51,47500,24.51
2007-07-02,24.17,24.34,23.65,24.32,260100,24.32
2007-06-29,24.52,24.83,24.129999,24.139999,153100,24.139999
2007-06-28,24.51,24.719999,24.459999,24.48,150900,24.48
2007-06-27,24.559999,24.559999,23.889999,24.50,223700,24.50
2007-06-26,24.860001,24.92,24.549999,24.68,206100,24.68
2007-06-25,24.66,24.85,24.370001,24.83,770000,24.83
2007-06-22,24.700001,24.83,24.50,24.73,848400,24.73
2007-06-21,24.389999,24.83,23.940001,24.74,179600,24.74
2007-06-20,24.17,24.59,24.16,24.49,204600,24.49
2007-06-19,23.639999,24.190001,23.629999,24.18,196200,24.18
2007-06-18,23.67,23.879999,23.58,23.709999,201000,23.709999
2007-06-15,23.99,23.99,23.549999,23.66,305400,23.66
2007-06-14,23.74,24.040001,23.549999,23.74,327500,23.74
2007-06-13,23.690001,23.940001,23.35,23.77,122700,23.77
2007-06-12,23.82,23.879999,23.549999,23.68,97900,23.68
2007-06-11,23.780001,24.110001,23.50,23.950001,119600,23.950001
2007-06-08,23.59,23.91,23.440001,23.85,72000,23.85
2007-06-07,24.00,24.01,23.530001,23.60,123200,23.60
2007-06-06,24.17,24.17,23.83,24.01,94300,24.01
2007-06-05,24.50,24.549999,24.01,24.360001,120600,24.360001
2007-06-04,24.90,24.90,24.469999,24.57,114700,24.57
2007-06-01,24.74,24.85,24.440001,24.65,121000,24.65
2007-05-31,24.610001,24.780001,24.35,24.610001,309500,24.610001
2007-05-30,24.35,24.74,24.299999,24.540001,111500,24.540001
2007-05-29,24.50,24.60,24.370001,24.50,149400,24.50
2007-05-25,24.40,24.50,24.35,24.41,177700,24.41
2007-05-24,24.33,24.66,24.200001,24.40,247500,24.40
2007-05-23,24.370001,24.66,24.34,24.379999,155600,24.379999
2007-05-22,24.040001,24.540001,24.040001,24.309999,257700,24.309999
2007-05-21,23.690001,24.129999,23.690001,24.10,189200,24.10
2007-05-18,23.60,23.84,23.290001,23.74,140300,23.74
2007-05-17,23.32,23.73,22.950001,23.49,475000,23.49
2007-05-16,23.15,23.67,23.15,23.42,234200,23.42
2007-05-15,23.60,23.68,23.030001,23.030001,267500,23.030001
2007-05-14,23.98,23.99,23.450001,23.690001,313200,23.690001
2007-05-11,24.139999,24.24,23.950001,24.02,189800,24.02
2007-05-10,23.879999,24.25,23.75,23.93,260500,23.93
2007-05-09,23.76,24.200001,23.68,23.92,216600,23.92
2007-05-08,23.459999,23.889999,23.24,23.799999,234200,23.799999
2007-05-07,23.23,23.68,23.23,23.52,126000,23.52
2007-05-04,23.25,23.32,23.08,23.290001,187400,23.290001
2007-05-03,23.27,23.35,22.879999,23.18,487700,23.18
2007-05-02,23.309999,23.459999,22.969999,23.290001,435600,23.290001
2007-05-01,22.98,23.299999,22.889999,23.24,293200,23.24
2007-04-30,23.139999,23.299999,22.76,22.950001,382500,22.950001
2007-04-27,23.67,23.67,23.120001,23.15,159500,23.15
2007-04-26,23.469999,23.76,23.27,23.76,260200,23.76
2007-04-25,24.40,24.860001,23.370001,23.530001,705900,23.530001
2007-04-24,24.860001,25.25,24.799999,25.02,525300,25.02
2007-04-23,25.110001,25.209999,23.809999,24.35,359000,24.35
2007-04-20,25.200001,25.25,25.030001,25.24,116000,25.24
2007-04-19,24.870001,25.200001,24.610001,25.09,156900,25.09
2007-04-18,25.030001,25.17,24.940001,25.040001,100700,25.040001
2007-04-17,24.92,25.200001,24.889999,25.09,181000,25.09
2007-04-16,24.77,24.950001,24.719999,24.950001,85700,24.950001
2007-04-13,24.540001,24.73,24.530001,24.73,77200,24.73
2007-04-12,24.530001,24.67,24.24,24.58,149700,24.58
2007-04-11,24.90,24.90,24.450001,24.60,345600,24.60
2007-04-10,24.60,24.98,24.530001,24.91,99500,24.91
2007-04-09,24.620001,24.66,24.42,24.549999,138500,24.549999
2007-04-05,24.60,24.75,24.50,24.65,135800,24.65
2007-04-04,24.639999,24.799999,24.50,24.559999,157600,24.559999
2007-04-03,24.50,24.790001,24.469999,24.700001,246200,24.700001
2007-04-02,24.50,24.559999,24.309999,24.48,175600,24.48
2007-03-30,24.290001,24.50,24.129999,24.49,141900,24.49
2007-03-29,24.40,24.40,24.08,24.290001,170000,24.290001
2007-03-28,24.24,24.40,24.120001,24.32,64300,24.32
2007-03-27,24.41,24.50,24.16,24.43,100100,24.43
2007-03-26,24.43,24.48,24.26,24.440001,107100,24.440001
2007-03-23,24.290001,24.549999,24.09,24.50,115400,24.50
2007-03-22,24.43,24.43,24.059999,24.35,94900,24.35
2007-03-21,23.92,24.379999,23.67,24.34,165800,24.34
2007-03-20,23.860001,23.959999,23.690001,23.93,82400,23.93
2007-03-19,24.01,24.01,23.84,23.92,227000,23.92
2007-03-16,23.99,24.25,23.799999,23.809999,333700,23.809999
2007-03-15,23.780001,24.02,23.75,24.00,204300,24.00
2007-03-14,23.42,23.809999,23.42,23.75,237700,23.75
2007-03-13,23.379999,23.610001,23.360001,23.52,370600,23.52
2007-03-12,22.99,23.629999,22.950001,23.50,285500,23.50
2007-03-09,23.01,23.41,22.90,23.07,142000,23.07
2007-03-08,22.66,23.280001,22.66,22.809999,181400,22.809999
2007-03-07,22.719999,22.76,22.32,22.52,135600,22.52
2007-03-06,22.00,22.73,21.959999,22.610001,187100,22.610001
2007-03-05,22.049999,22.370001,21.629999,21.940001,191200,21.940001
2007-03-02,22.540001,22.940001,22.059999,22.059999,214600,22.059999
2007-03-01,22.82,23.00,22.32,22.76,181000,22.76
2007-02-28,23.030001,23.27,22.809999,23.049999,174000,23.049999
2007-02-27,23.889999,23.889999,22.860001,23.040001,333900,23.040001
2007-02-26,24.33,24.620001,23.780001,24.00,242500,24.00
2007-02-23,24.90,24.950001,24.209999,24.219999,194700,24.219999
2007-02-22,24.309999,24.959999,24.200001,24.950001,238100,24.950001
2007-02-21,24.440001,26.280001,23.85,24.33,1429600,24.33
2007-02-20,22.91,22.940001,22.50,22.940001,84800,22.940001
2007-02-16,22.84,22.85,22.450001,22.85,96400,22.85
2007-02-15,22.42,22.950001,22.16,22.84,209900,22.84
2007-02-14,22.190001,22.67,22.15,22.40,79100,22.40
2007-02-13,22.50,22.559999,22.02,22.219999,87000,22.219999
2007-02-12,22.389999,22.68,22.389999,22.530001,77600,22.530001
2007-02-09,22.299999,22.440001,22.200001,22.40,92400,22.40
2007-02-08,22.469999,22.540001,22.280001,22.379999,96500,22.379999
2007-02-07,22.49,22.60,22.23,22.540001,144000,22.540001
2007-02-06,22.17,22.50,22.17,22.50,106900,22.50
2007-02-05,22.58,22.620001,22.059999,22.15,150700,22.15
2007-02-02,21.84,22.790001,21.790001,22.68,246600,22.68
2007-02-01,22.02,22.360001,21.709999,21.83,247000,21.83
2007-01-31,22.01,22.120001,21.860001,22.00,146100,22.00
2007-01-30,22.120001,22.25,21.82,22.00,164600,22.00
2007-01-29,22.18,22.35,21.98,22.08,135900,22.08
2007-01-26,21.950001,22.280001,21.73,22.25,105300,22.25
2007-01-25,22.10,22.33,21.82,21.950001,109300,21.950001
2007-01-24,22.24,22.49,22.02,22.049999,90600,22.049999
2007-01-23,22.299999,22.34,22.030001,22.25,85900,22.25
2007-01-22,22.07,22.40,22.00,22.25,346400,22.25
2007-01-19,22.40,22.93,22.35,22.91,77200,22.91
2007-01-18,22.77,22.879999,22.25,22.34,90400,22.34
2007-01-17,22.75,22.85,22.57,22.809999,121800,22.809999
2007-01-16,22.709999,22.92,22.68,22.809999,78900,22.809999
2007-01-12,22.459999,22.780001,22.459999,22.57,91700,22.57
2007-01-11,22.59,22.68,22.17,22.549999,150600,22.549999
2007-01-10,22.32,22.719999,22.32,22.530001,89800,22.530001
2007-01-09,22.719999,22.719999,22.25,22.43,147100,22.43
2007-01-08,22.66,22.90,22.57,22.73,270300,22.73
2007-01-05,22.75,22.92,21.940001,22.15,254700,22.15
2007-01-04,23.33,23.379999,22.709999,22.91,124000,22.91
2007-01-03,23.09,23.559999,22.91,23.32,155300,23.32
2006-12-29,23.440001,23.440001,22.98,23.00,209500,23.00
2006-12-28,23.34,23.52,23.209999,23.40,84800,23.40
2006-12-27,23.09,23.690001,22.889999,23.440001,120900,23.440001
2006-12-26,22.74,23.129999,22.540001,22.99,96900,22.99
2006-12-22,23.030001,23.030001,22.41,22.77,88300,22.77
2006-12-21,22.66,23.139999,22.549999,22.99,120300,22.99
2006-12-20,22.08,22.709999,22.02,22.59,303200,22.59
2006-12-19,21.92,22.18,21.709999,22.040001,92600,22.040001
2006-12-18,22.190001,22.389999,21.969999,22.02,94900,22.02
2006-12-15,22.15,22.41,22.059999,22.18,270200,22.18
2006-12-14,22.129999,22.50,21.889999,22.15,84100,22.15
2006-12-13,22.40,22.40,21.84,22.040001,130100,22.040001
2006-12-12,22.24,22.42,21.90,22.27,171300,22.27
2006-12-11,21.309999,22.32,21.18,22.190001,186000,22.190001
2006-12-08,21.27,21.57,20.940001,21.26,107200,21.26
2006-12-07,21.389999,21.459999,21.209999,21.299999,50200,21.299999
2006-12-06,21.26,21.43,21.16,21.33,70800,21.33
2006-12-05,21.25,21.530001,21.17,21.309999,132200,21.309999
2006-12-04,20.809999,21.24,20.540001,21.219999,110600,21.219999
2006-12-01,20.469999,20.940001,20.450001,20.76,375200,20.76
2006-11-30,20.43,20.65,20.43,20.50,185300,20.50
2006-11-29,20.299999,20.540001,20.299999,20.43,138700,20.43
2006-11-28,20.16,20.309999,20.00,20.219999,197500,20.219999
2006-11-27,20.65,20.889999,20.059999,20.17,498100,20.17
2006-11-24,20.35,20.629999,20.34,20.450001,43700,20.450001
2006-11-22,20.82,20.93,20.360001,20.450001,344200,20.450001
2006-11-21,20.530001,20.620001,20.23,20.440001,84000,20.440001
2006-11-20,20.83,20.83,20.450001,20.60,80600,20.60
2006-11-17,21.02,21.02,20.67,20.92,108200,20.92
2006-11-16,20.83,21.02,20.33,21.02,339500,21.02
2006-11-15,20.549999,20.92,20.389999,20.76,108300,20.76
2006-11-14,20.610001,20.610001,20.309999,20.49,148700,20.49
2006-11-13,20.52,20.74,20.50,20.60,122600,20.60
2006-11-10,20.379999,20.67,20.32,20.59,224800,20.59
2006-11-09,20.67,20.83,20.17,20.379999,162900,20.379999
2006-11-08,20.27,20.92,20.26,20.690001,343400,20.690001
2006-11-07,20.27,20.77,20.27,20.40,158000,20.40
2006-11-06,20.559999,20.620001,20.25,20.389999,365300,20.389999
2006-11-03,20.42,20.77,20.200001,20.459999,189900,20.459999
2006-11-02,20.01,20.60,19.940001,20.290001,564500,20.290001
2006-11-01,21.10,21.290001,20.059999,20.219999,352100,20.219999
2006-10-31,21.110001,21.219999,20.91,21.02,385000,21.02
2006-10-30,21.209999,21.40,21.049999,21.15,330900,21.15
2006-10-27,21.15,22.08,21.030001,21.32,269600,21.32
2006-10-26,21.27,21.379999,20.959999,21.15,620900,21.15
2006-10-25,21.950001,22.50,21.00,21.15,561300,21.15
2006-10-24,23.90,23.91,23.23,23.33,247100,23.33
2006-10-23,23.450001,23.91,23.059999,23.790001,201500,23.790001
2006-10-20,23.43,23.639999,23.34,23.59,135900,23.59
2006-10-19,22.690001,23.389999,22.67,23.34,355300,23.34
2006-10-18,22.77,23.190001,22.74,22.799999,155300,22.799999
2006-10-17,22.74,22.84,22.629999,22.68,132200,22.68
2006-10-16,22.74,23.049999,22.74,22.90,108100,22.90
2006-10-13,23.18,23.18,22.719999,22.74,177900,22.74
2006-10-12,22.75,23.200001,22.75,23.09,185600,23.09
2006-10-11,22.76,22.940001,22.309999,22.83,225000,22.83
2006-10-10,23.309999,23.309999,22.129999,22.76,134300,22.76
2006-10-09,22.85,23.209999,22.57,23.209999,68500,23.209999
2006-10-06,23.450001,23.48,22.860001,22.950001,80200,22.950001
2006-10-05,23.440001,23.610001,23.129999,23.57,130200,23.57
2006-10-04,22.379999,23.559999,22.200001,23.450001,220500,23.450001
2006-10-03,22.10,22.370001,21.99,22.360001,125000,22.360001
2006-10-02,22.200001,22.41,21.93,22.200001,142900,22.200001
2006-09-29,22.620001,22.77,22.17,22.26,141700,22.26
2006-09-28,23.15,23.370001,22.469999,22.690001,117300,22.690001
2006-09-27,22.50,23.139999,22.50,23.10,91000,23.10
2006-09-26,22.620001,22.99,22.549999,22.58,145400,22.58
2006-09-25,22.58,22.879999,22.440001,22.65,121000,22.65
2006-09-22,22.700001,23.200001,22.450001,22.620001,226900,22.620001
2006-09-21,24.190001,24.190001,22.780001,22.85,1002300,22.85
2006-09-20,24.98,25.450001,24.950001,25.09,138100,25.09
2006-09-19,24.690001,24.969999,24.25,24.860001,153500,24.860001
2006-09-18,24.27,24.639999,23.870001,24.610001,251600,24.610001
2006-09-15,24.48,24.84,24.290001,24.35,288000,24.35
2006-09-14,24.34,24.530001,24.18,24.299999,77800,24.299999
2006-09-13,24.889999,24.889999,24.299999,24.450001,99200,24.450001
2006-09-12,24.459999,24.90,24.32,24.82,140100,24.82
2006-09-11,24.18,24.50,24.00,24.450001,80500,24.450001
2006-09-08,24.190001,24.34,24.17,24.280001,111000,24.280001
2006-09-07,24.09,24.49,24.09,24.200001,126100,24.200001
2006-09-06,24.120001,24.25,23.65,24.200001,188700,24.200001
2006-09-05,23.799999,24.459999,23.799999,24.26,119600,24.26
2006-09-01,24.110001,24.110001,23.540001,23.709999,108400,23.709999
2006-08-31,24.10,24.42,23.879999,24.07,182300,24.07
2006-08-30,23.709999,24.379999,23.40,23.99,166300,23.99
2006-08-29,23.67,23.809999,23.43,23.75,150600,23.75
2006-08-28,23.68,23.85,23.370001,23.610001,154400,23.610001
2006-08-25,23.610001,24.120001,23.51,23.719999,69700,23.719999
2006-08-24,23.530001,23.809999,23.40,23.700001,107900,23.700001
2006-08-23,23.639999,23.719999,23.33,23.43,157500,23.43
2006-08-22,22.91,23.629999,22.85,23.559999,213600,23.559999
2006-08-21,22.91,23.09,22.719999,22.950001,104000,22.950001
2006-08-18,23.209999,23.219999,22.82,22.91,245800,22.91
2006-08-17,22.639999,23.200001,22.639999,23.16,137500,23.16
2006-08-16,22.57,22.76,22.549999,22.74,200500,22.74
2006-08-15,22.82,22.92,22.379999,22.59,227200,22.59
2006-08-14,22.23,22.92,22.200001,22.610001,421900,22.610001
2006-08-11,21.879999,22.129999,21.75,22.129999,302900,22.129999
2006-08-10,20.809999,21.98,20.68,21.950001,478800,21.950001
2006-08-09,19.68,21.25,19.68,20.879999,1350800,20.879999
2006-08-08,22.440001,22.68,21.84,21.959999,344400,21.959999
2006-08-07,22.43,22.559999,22.219999,22.440001,223900,22.440001
2006-08-04,22.82,23.09,22.34,22.49,259000,22.49
2006-08-03,21.959999,22.700001,21.879999,22.67,459300,22.67
2006-08-02,21.90,22.120001,21.84,22.059999,198400,22.059999
2006-08-01,22.10,22.129999,21.780001,21.889999,635300,21.889999
2006-07-31,22.10,22.24,21.889999,22.200001,398800,22.200001
2006-07-28,22.950001,23.110001,22.02,22.16,420200,22.16
2006-07-27,22.809999,23.09,22.40,22.85,443500,22.85
2006-07-26,23.91,23.91,22.440001,22.719999,1111000,22.719999
2006-07-25,24.440001,25.139999,24.209999,24.780001,265300,24.780001
2006-07-24,23.940001,24.709999,23.75,24.440001,294700,24.440001
2006-07-21,23.50,24.030001,23.040001,23.74,401300,23.74
2006-07-20,23.43,23.629999,22.74,23.08,263400,23.08
2006-07-19,22.530001,23.360001,22.530001,23.360001,336400,23.360001
2006-07-18,22.57,22.74,22.18,22.60,290600,22.60
2006-07-17,22.219999,22.77,22.219999,22.50,150400,22.50
2006-07-14,22.110001,22.73,22.049999,22.280001,368200,22.280001
2006-07-13,22.09,22.26,21.969999,22.16,154700,22.16
2006-07-12,22.43,22.459999,21.940001,22.18,228100,22.18
2006-07-11,22.40,22.50,22.280001,22.50,151300,22.50
2006-07-10,22.700001,22.73,22.280001,22.42,208900,22.42
2006-07-07,22.40,22.709999,22.26,22.610001,236500,22.610001
2006-07-06,22.549999,22.780001,22.280001,22.48,200500,22.48
2006-07-05,22.58,22.98,22.549999,22.610001,231400,22.610001
2006-07-03,22.67,22.719999,22.549999,22.629999,73900,22.629999
2006-06-30,22.93,22.99,22.60,22.75,396500,22.75
2006-06-29,22.860001,23.52,22.620001,22.82,388900,22.82
2006-06-28,22.91,22.950001,22.309999,22.77,88800,22.77
2006-06-27,23.35,23.35,22.76,22.889999,189700,22.889999
2006-06-26,23.01,23.34,22.98,23.27,111100,23.27
2006-06-23,22.799999,23.07,22.610001,22.940001,62900,22.940001
2006-06-22,23.00,23.10,22.85,22.889999,91300,22.889999
2006-06-21,23.10,23.15,22.879999,23.08,288900,23.08
2006-06-20,23.65,24.02,23.129999,23.15,252900,23.15
2006-06-19,23.860001,23.959999,23.549999,23.700001,196500,23.700001
2006-06-16,24.309999,24.32,23.82,23.940001,639100,23.940001
2006-06-15,23.98,24.41,23.709999,24.309999,166400,24.309999
2006-06-14,23.629999,24.120001,23.370001,23.889999,148900,23.889999
2006-06-13,23.879999,24.360001,23.440001,23.68,197200,23.68
2006-06-12,25.309999,25.32,23.91,24.02,264200,24.02
2006-06-09,24.42,25.99,24.42,25.370001,868400,25.370001
2006-06-08,23.450001,24.879999,23.17,24.41,405400,24.41
2006-06-07,23.389999,23.940001,23.190001,23.540001,221800,23.540001
2006-06-06,23.959999,24.16,23.32,23.450001,202300,23.450001
2006-06-05,24.860001,24.860001,23.969999,24.02,129800,24.02
2006-06-02,24.940001,25.24,24.68,24.889999,135000,24.889999
2006-06-01,24.280001,25.00,24.190001,24.83,318000,24.83
2006-05-31,24.389999,25.18,24.07,24.09,361700,24.09
2006-05-30,25.77,25.77,24.40,24.440001,163500,24.440001
2006-05-26,25.469999,26.040001,25.16,25.700001,219600,25.700001
2006-05-25,25.34,25.610001,24.719999,25.389999,232500,25.389999
2006-05-24,25.07,25.450001,24.530001,25.200001,195200,25.200001
2006-05-23,25.879999,26.200001,25.09,25.15,200800,25.15
2006-05-22,25.42,26.030001,25.23,25.879999,257900,25.879999
2006-05-19,25.48,25.65,25.15,25.43,472800,25.43
2006-05-18,24.92,25.82,24.870001,25.57,354500,25.57
2006-05-17,24.530001,24.99,24.360001,24.92,325200,24.92
2006-05-16,24.23,24.82,24.23,24.75,233400,24.75
2006-05-15,24.09,24.50,23.92,24.27,185500,24.27
2006-05-12,24.09,24.370001,23.92,24.23,286300,24.23
2006-05-11,24.41,24.540001,23.809999,24.18,158800,24.18
2006-05-10,24.85,25.01,24.469999,24.51,132000,24.51
2006-05-09,24.790001,25.290001,24.709999,24.82,353600,24.82
2006-05-08,24.379999,25.76,24.25,24.90,366600,24.90
2006-05-05,24.799999,25.16,24.26,24.27,294900,24.27
2006-05-04,25.049999,25.23,24.49,24.530001,129300,24.530001
2006-05-03,24.879999,25.27,24.360001,24.860001,181800,24.860001
2006-05-02,25.059999,25.32,24.799999,25.00,153700,25.00
2006-05-01,25.49,25.75,24.879999,25.08,206200,25.08
2006-04-28,25.82,26.08,25.24,25.540001,267000,25.540001
2006-04-27,26.84,26.84,25.75,25.950001,432200,25.950001
2006-04-26,25.559999,27.00,25.35,26.90,1617900,26.90
2006-04-25,24.290001,24.440001,23.83,24.15,158000,24.15
2006-04-24,23.85,24.24,23.75,24.15,321800,24.15
2006-04-21,24.18,24.32,23.860001,23.969999,188100,23.969999
2006-04-20,24.110001,24.66,23.73,24.08,185800,24.08
2006-04-19,24.209999,24.299999,23.879999,24.16,242200,24.16
2006-04-18,23.99,24.299999,23.90,24.15,155400,24.15
2006-04-17,24.209999,24.209999,23.799999,23.98,252700,23.98
2006-04-13,24.219999,24.299999,23.940001,24.209999,143800,24.209999
2006-04-12,23.90,24.389999,23.68,24.299999,154000,24.299999
2006-04-11,24.25,24.280001,23.60,23.85,368300,23.85
2006-04-10,24.309999,24.49,23.799999,24.139999,418600,24.139999
2006-04-07,23.18,24.50,23.00,24.219999,928400,24.219999
2006-04-06,22.719999,22.889999,22.200001,22.290001,117100,22.290001
2006-04-05,22.389999,22.950001,22.32,22.790001,115900,22.790001
2006-04-04,22.50,22.530001,22.18,22.42,127600,22.42
2006-04-03,22.68,22.799999,22.459999,22.559999,97100,22.559999
2006-03-31,23.17,23.190001,22.559999,22.690001,240800,22.690001
2006-03-30,22.93,23.049999,22.709999,23.00,101700,23.00
2006-03-29,22.959999,23.18,22.84,23.040001,84800,23.040001
2006-03-28,23.030001,23.059999,22.799999,22.99,587000,22.99
2006-03-27,23.25,23.25,22.84,23.110001,268900,23.110001
2006-03-24,22.65,23.24,22.57,23.24,129000,23.24
2006-03-23,22.65,22.76,22.559999,22.620001,112900,22.620001
2006-03-22,22.48,22.77,22.43,22.719999,132600,22.719999
2006-03-21,22.540001,22.870001,22.360001,22.540001,165600,22.540001
2006-03-20,22.07,22.610001,22.02,22.610001,110200,22.610001
2006-03-17,22.190001,22.360001,22.00,22.18,373600,22.18
2006-03-16,22.459999,22.549999,22.08,22.08,90000,22.08
2006-03-15,22.219999,22.540001,22.110001,22.360001,201100,22.360001
2006-03-14,22.02,22.379999,22.02,22.27,91700,22.27
2006-03-13,22.32,22.459999,22.01,22.10,93000,22.10
2006-03-10,22.049999,22.370001,21.98,22.15,119800,22.15
2006-03-09,22.18,22.219999,21.959999,22.00,144400,22.00
2006-03-08,21.91,22.32,21.91,22.200001,76200,22.200001
2006-03-07,22.00,22.09,21.889999,22.00,162200,22.00
2006-03-06,22.040001,22.200001,21.870001,22.02,260500,22.02
2006-03-03,21.389999,22.08,21.34,22.040001,257400,22.040001
2006-03-02,21.60,22.120001,21.299999,21.540001,171000,21.540001
2006-03-01,22.049999,22.299999,21.52,21.700001,445800,21.700001
2006-02-28,22.68,22.74,21.68,21.91,206600,21.91
2006-02-27,22.77,23.00,22.700001,22.75,152700,22.75
2006-02-24,22.52,22.940001,22.059999,22.83,175900,22.83
2006-02-23,22.870001,23.059999,22.57,22.60,421900,22.60
2006-02-22,23.57,23.99,22.48,23.02,1159600,23.02
2006-02-21,21.219999,21.41,20.74,21.41,220800,21.41
2006-02-17,21.50,21.50,20.940001,21.07,125200,21.07
2006-02-16,21.67,21.719999,20.950001,21.34,162600,21.34
2006-02-15,21.27,21.620001,21.049999,21.59,133000,21.59
2006-02-14,20.870001,21.68,20.870001,21.360001,115200,21.360001
2006-02-13,21.389999,21.530001,20.82,20.889999,96600,20.889999
2006-02-10,21.32,21.43,20.950001,21.360001,99900,21.360001
2006-02-09,20.889999,21.57,20.82,21.25,156700,21.25
2006-02-08,20.799999,20.959999,20.700001,20.85,161300,20.85
2006-02-07,20.950001,21.18,20.700001,20.780001,157200,20.780001
2006-02-06,21.43,21.43,20.90,21.00,174600,21.00
2006-02-03,20.75,21.43,20.610001,21.379999,414900,21.379999
2006-02-02,21.709999,21.84,20.709999,20.889999,573300,20.889999
2006-02-01,21.85,22.049999,21.65,21.77,342700,21.77
2006-01-31,21.959999,22.00,21.65,21.690001,337300,21.690001
2006-01-30,21.92,22.17,21.879999,21.940001,246100,21.940001
2006-01-27,22.030001,22.24,21.709999,22.00,707300,22.00
2006-01-26,22.120001,22.26,21.950001,22.00,314300,22.00
2006-01-25,22.35,22.35,21.879999,22.02,293400,22.02
2006-01-24,22.459999,22.51,22.190001,22.33,187500,22.33
2006-01-23,22.42,22.469999,22.209999,22.35,147500,22.35
2006-01-20,22.24,22.530001,22.09,22.360001,332200,22.360001
2006-01-19,22.309999,22.309999,22.02,22.15,378100,22.15
2006-01-18,22.25,22.370001,22.139999,22.15,363100,22.15
2006-01-17,22.379999,22.620001,22.10,22.42,222000,22.42
2006-01-13,22.129999,22.709999,22.129999,22.450001,228200,22.450001
2006-01-12,22.879999,22.879999,22.15,22.309999,255900,22.309999
2006-01-11,22.860001,22.99,22.74,22.82,148100,22.82
2006-01-10,22.940001,23.120001,22.65,23.00,83700,23.00
2006-01-09,22.790001,23.16,22.77,23.120001,144000,23.120001
2006-01-06,23.190001,23.25,22.92,22.92,147800,22.92
2006-01-05,23.24,23.280001,23.02,23.129999,87900,23.129999
2006-01-04,23.41,23.50,22.93,23.23,207200,23.23
2006-01-03,22.99,23.43,22.51,23.35,224900,23.35
2005-12-30,22.690001,22.90,22.41,22.860001,146900,22.860001
2005-12-29,22.15,23.280001,22.15,22.780001,283200,22.780001
2005-12-28,22.280001,22.34,22.030001,22.18,135700,22.18
2005-12-27,22.219999,22.35,22.01,22.200001,163600,22.200001
2005-12-23,22.110001,22.48,22.110001,22.209999,104100,22.209999
2005-12-22,22.139999,22.58,22.129999,22.17,144900,22.17
2005-12-21,22.290001,22.52,22.120001,22.200001,143500,22.200001
2005-12-20,22.309999,22.620001,22.139999,22.200001,258400,22.200001
2005-12-19,22.809999,22.91,22.190001,22.35,255900,22.35
2005-12-16,23.299999,23.309999,22.889999,22.969999,311500,22.969999
2005-12-15,23.799999,23.92,23.129999,23.17,220000,23.17
2005-12-14,23.809999,23.98,23.709999,23.91,119500,23.91
2005-12-13,23.469999,23.799999,23.469999,23.709999,156900,23.709999
2005-12-12,23.77,23.790001,22.950001,23.469999,141400,23.469999
2005-12-09,23.23,23.780001,23.200001,23.700001,342800,23.700001
2005-12-08,22.67,23.34,22.51,22.77,196500,22.77
2005-12-07,22.50,22.91,22.33,22.77,176800,22.77
2005-12-06,22.360001,22.610001,22.219999,22.34,230900,22.34
2005-12-05,22.26,22.40,22.040001,22.17,298900,22.17
2005-12-02,22.10,22.57,22.00,22.17,648100,22.17
2005-12-01,23.10,23.68,22.15,22.209999,700700,22.209999
2005-11-30,24.02,24.280001,24.00,24.110001,118800,24.110001
2005-11-29,23.60,24.18,23.440001,24.059999,137800,24.059999
2005-11-28,23.690001,24.129999,23.120001,23.49,181300,23.49
2005-11-25,23.690001,23.860001,23.51,23.76,24200,23.76
2005-11-23,23.50,23.799999,23.50,23.610001,83200,23.610001
2005-11-22,23.530001,23.73,23.48,23.530001,82000,23.530001
2005-11-21,23.68,23.74,23.469999,23.59,145200,23.59
2005-11-18,24.049999,24.379999,23.59,23.709999,123500,23.709999
2005-11-17,23.280001,23.93,23.280001,23.879999,106100,23.879999
2005-11-16,23.75,23.92,22.959999,23.200001,366700,23.200001
2005-11-15,24.16,24.469999,23.610001,23.74,201100,23.74
2005-11-14,24.27,24.379999,23.549999,24.16,289000,24.16
2005-11-11,24.290001,24.360001,24.030001,24.23,117900,24.23
2005-11-10,24.040001,24.379999,23.360001,24.32,202200,24.32
2005-11-09,23.809999,24.110001,23.709999,23.91,143500,23.91
2005-11-08,24.219999,24.49,23.629999,23.92,174800,23.92
2005-11-07,23.82,24.40,23.82,24.360001,195700,24.360001
2005-11-04,23.73,24.110001,23.73,24.00,119300,24.00
2005-11-03,24.18,24.190001,23.559999,23.74,415600,23.74
2005-11-02,23.530001,24.190001,23.530001,24.139999,206100,24.139999
2005-11-01,23.60,23.76,23.360001,23.57,261200,23.57
2005-10-31,23.68,24.049999,23.49,23.75,679500,23.75
2005-10-28,22.92,24.09,22.92,23.790001,387200,23.790001
2005-10-27,22.24,23.43,22.24,22.940001,588700,22.940001
2005-10-26,23.559999,24.190001,22.969999,23.889999,269000,23.889999
2005-10-25,23.60,23.799999,23.35,23.620001,221800,23.620001
2005-10-24,23.65,23.799999,23.299999,23.77,266400,23.77
2005-10-21,23.379999,23.84,23.290001,23.49,176300,23.49
2005-10-20,23.68,23.690001,23.24,23.42,96500,23.42
2005-10-19,22.90,23.73,22.77,23.73,226400,23.73
2005-10-18,22.889999,23.16,22.75,23.01,177600,23.01
2005-10-17,23.00,23.120001,22.75,23.059999,221300,23.059999
2005-10-14,23.00,23.15,22.75,23.01,149800,23.01
2005-10-13,22.51,23.00,22.51,22.75,262300,22.75
2005-10-12,22.52,22.889999,22.389999,22.57,171600,22.57
2005-10-11,22.690001,23.08,22.48,22.58,291200,22.58
2005-10-10,22.24,22.77,22.219999,22.690001,201200,22.690001
2005-10-07,22.35,22.66,22.10,22.24,282200,22.24
2005-10-06,22.030001,22.559999,21.950001,22.129999,484200,22.129999
2005-10-05,23.110001,23.139999,21.969999,22.02,838600,22.02
2005-10-04,23.870001,24.10,22.799999,23.10,2556700,23.10
2005-10-03,27.540001,28.389999,27.41,28.049999,226800,28.049999
2005-09-30,27.790001,28.00,27.25,27.360001,135400,27.360001
2005-09-29,27.42,28.15,27.25,27.84,166700,27.84
2005-09-28,27.18,27.559999,26.67,27.280001,175400,27.280001
2005-09-27,26.950001,27.549999,26.76,27.190001,132400,27.190001
2005-09-26,26.370001,27.049999,25.85,27.02,194200,27.02
2005-09-23,26.01,27.129999,25.77,26.51,197900,26.51
2005-09-22,26.26,26.48,26.040001,26.049999,258700,26.049999
2005-09-21,26.200001,27.450001,26.200001,26.25,470200,26.25
2005-09-20,27.10,27.10,26.07,26.190001,492600,26.190001
2005-09-19,27.809999,27.809999,27.00,27.219999,110400,27.219999
2005-09-16,27.120001,27.92,26.99,27.68,360600,27.68
2005-09-15,27.110001,27.34,26.969999,27.01,114100,27.01
2005-09-14,27.280001,27.32,26.85,27.01,166400,27.01
2005-09-13,27.40,27.799999,26.98,27.27,198200,27.27
2005-09-12,27.41,27.940001,27.41,27.52,110700,27.52
2005-09-09,27.27,27.799999,27.27,27.59,173800,27.59
2005-09-08,27.280001,27.48,27.15,27.219999,175300,27.219999
2005-09-07,27.49,27.59,27.129999,27.389999,231100,27.389999
2005-09-06,27.559999,27.860001,27.41,27.50,124400,27.50
2005-09-02,27.629999,27.690001,27.27,27.42,43500,27.42
2005-09-01,27.73,27.99,27.389999,27.60,117800,27.60
2005-08-31,27.60,27.84,27.27,27.84,163600,27.84
2005-08-30,27.889999,27.90,27.40,27.42,62900,27.42
2005-08-29,27.26,27.82,26.780001,27.82,109000,27.82
2005-08-26,27.709999,27.709999,26.91,27.18,199500,27.18
2005-08-25,27.65,27.92,27.459999,27.809999,106500,27.809999
2005-08-24,27.59,28.370001,27.59,27.639999,111100,27.639999
2005-08-23,27.440001,27.809999,27.440001,27.66,105400,27.66
2005-08-22,27.559999,27.639999,27.290001,27.440001,114200,27.440001
2005-08-19,27.620001,27.73,27.42,27.459999,67000,27.459999
2005-08-18,27.629999,27.84,27.280001,27.67,455100,27.67
2005-08-17,27.610001,27.959999,27.219999,27.67,64100,27.67
2005-08-16,27.959999,28.00,27.33,27.50,110200,27.50
2005-08-15,27.879999,28.00,27.51,27.889999,56600,27.889999
2005-08-12,27.77,27.91,27.540001,27.75,72900,27.75
2005-08-11,27.790001,27.91,27.50,27.91,54900,27.91
2005-08-10,27.50,28.01,27.50,27.719999,76600,27.719999
2005-08-09,27.809999,27.969999,27.43,27.58,110400,27.58
2005-08-08,28.059999,28.08,27.51,27.700001,100300,27.700001
2005-08-05,27.90,27.90,27.440001,27.799999,384200,27.799999
2005-08-04,28.030001,28.15,27.57,27.82,102200,27.82
2005-08-03,28.440001,28.440001,27.799999,28.10,273100,28.10
2005-08-02,28.59,28.75,28.059999,28.309999,193000,28.309999
2005-08-01,28.59,28.77,28.01,28.48,457100,28.48
2005-07-29,28.870001,29.00,27.93,28.01,219100,28.01
2005-07-28,28.379999,29.00,28.379999,28.85,172000,28.85
2005-07-27,27.84,28.379999,27.639999,28.379999,269000,28.379999
2005-07-26,27.559999,27.860001,27.209999,27.67,138300,27.67
2005-07-25,28.09,28.09,27.309999,27.66,125100,27.66
2005-07-22,27.34,28.10,27.33,28.10,92100,28.10
2005-07-21,28.01,28.040001,27.34,27.389999,74700,27.389999
2005-07-20,27.68,28.00,27.459999,28.00,54800,28.00
2005-07-19,27.57,27.93,27.360001,27.790001,103300,27.790001
2005-07-18,27.57,27.77,27.17,27.360001,136700,27.360001
2005-07-15,27.700001,27.879999,27.50,27.60,137800,27.60
2005-07-14,28.10,28.530001,27.82,27.84,113400,27.84
2005-07-13,28.190001,28.35,27.67,27.889999,45200,27.889999
2005-07-12,28.75,28.75,28.17,28.17,54600,28.17
2005-07-11,28.50,28.93,28.43,28.870001,63900,28.870001
2005-07-08,28.01,28.68,28.01,28.530001,72200,28.530001
2005-07-07,27.98,28.08,27.360001,27.969999,65300,27.969999
2005-07-06,28.469999,28.67,27.950001,28.26,97900,28.26
2005-07-05,28.040001,28.700001,27.860001,28.639999,155100,28.639999
2005-07-01,27.870001,28.110001,27.280001,28.110001,150100,28.110001
2005-06-30,27.99,28.07,27.68,27.690001,96400,27.690001
2005-06-29,27.85,28.059999,27.629999,27.90,143700,27.90
2005-06-28,26.50,27.83,26.50,27.82,106300,27.82
2005-06-27,26.90,27.01,26.34,26.59,124400,26.59
2005-06-24,26.860001,27.01,26.549999,26.92,220000,26.92
2005-06-23,27.40,27.40,26.58,26.870001,108600,26.870001
2005-06-22,26.84,27.540001,26.84,27.469999,136100,27.469999
2005-06-21,26.92,26.99,26.559999,26.91,164100,26.91
2005-06-20,27.48,27.74,26.860001,26.92,191600,26.92
2005-06-17,28.10,28.10,26.92,27.67,413000,27.67
2005-06-16,28.360001,28.59,27.870001,28.02,386100,28.02
2005-06-15,27.40,28.559999,26.93,28.549999,420800,28.549999
2005-06-14,28.280001,28.860001,28.200001,28.860001,69400,28.860001
2005-06-13,28.450001,28.57,28.200001,28.41,62400,28.41
2005-06-10,28.969999,28.969999,28.450001,28.50,77400,28.50
2005-06-09,28.65,28.870001,27.92,28.85,133600,28.85
2005-06-08,28.879999,29.00,28.42,28.610001,243600,28.610001
2005-06-07,28.10,28.879999,27.860001,28.73,468400,28.73
2005-06-06,27.65,28.16,27.469999,28.00,202300,28.00
2005-06-03,27.68,28.00,27.68,27.700001,123300,27.700001
2005-06-02,27.34,28.17,27.34,27.719999,163200,27.719999
2005-06-01,27.129999,27.65,27.129999,27.60,150200,27.60
2005-05-31,27.129999,27.370001,26.57,26.959999,143400,26.959999
2005-05-27,27.450001,27.450001,26.85,27.08,81200,27.08
2005-05-26,27.02,27.450001,26.92,27.450001,110900,27.450001
2005-05-25,27.200001,27.200001,26.790001,26.940001,111900,26.940001
2005-05-24,27.48,27.50,27.190001,27.219999,101000,27.219999
2005-05-23,27.48,27.50,27.17,27.50,89800,27.50
2005-05-20,27.709999,27.709999,27.15,27.49,67700,27.49
2005-05-19,27.780001,27.799999,27.299999,27.57,106700,27.57
2005-05-18,27.559999,28.35,27.35,27.790001,182700,27.790001
2005-05-17,27.129999,27.50,27.02,27.49,74400,27.49
2005-05-16,26.90,27.42,26.700001,27.370001,178800,27.370001
2005-05-13,27.139999,27.190001,26.629999,26.82,155200,26.82
2005-05-12,27.360001,27.40,26.950001,27.07,175700,27.07
2005-05-11,27.440001,27.440001,26.799999,27.299999,115800,27.299999
2005-05-10,27.25,27.43,26.709999,27.299999,239500,27.299999
2005-05-09,26.74,27.50,26.25,27.50,212800,27.50
2005-05-06,26.940001,26.959999,26.57,26.74,161300,26.74
2005-05-05,26.99,26.99,26.26,26.93,202900,26.93
2005-05-04,25.84,26.98,25.780001,26.969999,359600,26.969999
2005-05-03,26.049999,26.059999,25.59,25.719999,114400,25.719999
2005-05-02,26.00,26.030001,25.540001,26.00,182200,26.00
2005-04-29,25.09,26.00,24.940001,25.889999,204000,25.889999
2005-04-28,24.98,25.389999,24.82,24.92,229800,24.92
2005-04-27,25.07,25.790001,23.940001,24.98,760000,24.98
2005-04-26,24.02,24.02,23.190001,23.49,178100,23.49
2005-04-25,24.290001,24.34,23.860001,24.190001,97400,24.190001
2005-04-22,24.379999,24.379999,23.610001,23.99,101000,23.99
2005-04-21,24.110001,24.629999,23.99,24.209999,109300,24.209999
2005-04-20,24.60,24.60,23.879999,23.959999,113900,23.959999
2005-04-19,23.73,24.58,23.51,24.51,153700,24.51
2005-04-18,24.23,24.50,23.50,23.83,166300,23.83
2005-04-15,24.459999,24.57,23.99,24.110001,105500,24.110001
2005-04-14,24.549999,24.879999,24.27,24.620001,143100,24.620001
2005-04-13,24.83,24.870001,24.50,24.65,108800,24.65
2005-04-12,23.93,24.68,23.77,24.459999,99300,24.459999
2005-04-11,23.950001,24.440001,23.860001,24.01,125100,24.01
2005-04-08,24.450001,24.74,23.90,23.950001,305000,23.950001
2005-04-07,24.870001,25.139999,24.34,24.35,258700,24.35
2005-04-06,25.790001,25.790001,24.75,24.870001,629800,24.870001
2005-04-05,25.48,26.09,25.190001,25.66,248200,25.66
2005-04-04,25.57,25.65,25.16,25.370001,153800,25.370001
2005-04-01,25.48,25.889999,25.09,25.620001,176000,25.620001
2005-03-31,25.809999,25.99,25.25,25.299999,153200,25.299999
2005-03-30,25.780001,25.98,25.40,25.98,179000,25.98
2005-03-29,25.799999,26.16,25.52,25.60,182100,25.60
2005-03-28,25.85,26.00,25.610001,25.610001,159600,25.610001
2005-03-24,25.57,25.90,25.42,25.620001,113800,25.620001
2005-03-23,25.51,25.60,25.34,25.34,109300,25.34
2005-03-22,25.299999,25.57,25.129999,25.440001,146800,25.440001
2005-03-21,25.299999,25.389999,24.92,25.23,127400,25.23
2005-03-18,24.92,25.299999,24.67,25.27,292600,25.27
2005-03-17,24.719999,25.049999,24.620001,24.809999,145600,24.809999
2005-03-16,24.950001,25.08,24.75,24.84,148200,24.84
2005-03-15,24.35,25.389999,24.35,24.969999,259700,24.969999
2005-03-14,24.48,24.74,24.07,24.23,155400,24.23
2005-03-11,24.42,24.76,24.309999,24.59,167400,24.59
2005-03-10,24.09,24.620001,23.98,24.360001,252500,24.360001
2005-03-09,24.33,24.42,23.889999,23.98,227200,23.98
2005-03-08,24.10,24.610001,24.00,24.35,232200,24.35
2005-03-07,24.43,24.67,23.91,23.93,145700,23.93
2005-03-04,24.35,24.50,24.219999,24.290001,96600,24.290001
2005-03-03,24.42,24.459999,24.23,24.23,123300,24.23
2005-03-02,24.129999,24.42,23.969999,24.200001,150100,24.200001
2005-03-01,24.209999,24.50,24.049999,24.18,170600,24.18
2005-02-28,24.10,24.190001,23.799999,24.129999,203300,24.129999
2005-02-25,23.91,23.99,23.49,23.99,239500,23.99
2005-02-24,23.41,24.00,23.389999,23.799999,221700,23.799999
2005-02-23,24.200001,24.48,22.85,23.549999,650000,23.549999
2005-02-22,24.889999,25.17,24.51,24.549999,229300,24.549999
2005-02-18,24.74,24.90,24.52,24.799999,93000,24.799999
2005-02-17,24.90,24.90,24.299999,24.620001,201000,24.620001
2005-02-16,24.90,25.01,24.42,24.65,183500,24.65
2005-02-15,24.74,25.059999,24.42,25.01,174600,25.01
2005-02-14,24.440001,24.73,24.27,24.549999,91300,24.549999
2005-02-11,24.299999,24.68,23.950001,24.540001,134300,24.540001
2005-02-10,23.950001,24.34,23.950001,24.10,203800,24.10
2005-02-09,23.799999,24.24,23.799999,24.00,144100,24.00
2005-02-08,24.049999,24.290001,23.75,23.959999,457800,23.959999
2005-02-07,24.129999,24.43,23.83,24.129999,259100,24.129999
2005-02-04,23.969999,24.16,23.75,24.139999,1729400,24.139999
2005-02-03,24.76,24.76,23.50,23.950001,2258500,23.950001
2005-02-02,26.15,26.790001,26.15,26.790001,84900,26.790001
2005-02-01,26.50,26.719999,26.139999,26.26,100600,26.26
2005-01-31,26.57,26.73,25.92,26.41,129800,26.41
2005-01-28,25.629999,26.49,25.43,26.35,244500,26.35
2005-01-27,25.67,25.959999,25.360001,25.76,143400,25.76
2005-01-26,25.370001,25.700001,25.360001,25.59,105100,25.59
2005-01-25,25.42,25.709999,25.08,25.17,114700,25.17
2005-01-24,25.82,25.91,25.35,25.370001,141100,25.370001
2005-01-21,25.950001,26.18,25.60,25.82,127700,25.82
2005-01-20,25.99,26.290001,25.549999,25.85,173200,25.85
2005-01-19,25.90,26.09,25.60,25.780001,173000,25.780001
2005-01-18,25.799999,26.10,25.75,26.00,273600,26.00
2005-01-14,26.299999,26.32,25.75,25.790001,145600,25.790001
2005-01-13,26.540001,26.549999,26.08,26.209999,150800,26.209999
2005-01-12,26.75,26.75,26.23,26.34,314400,26.34
2005-01-11,27.15,27.15,26.57,26.57,186400,26.57
2005-01-10,26.51,27.25,26.370001,27.139999,257300,27.139999
2005-01-07,27.450001,27.450001,26.629999,26.700001,386400,26.700001
2005-01-06,27.709999,27.73,27.10,27.200001,316200,27.200001
2005-01-05,27.74,28.25,27.25,27.49,417500,27.49
2005-01-04,29.639999,29.75,29.07,29.110001,253100,29.110001
2005-01-03,29.75,29.77,29.01,29.530001,220900,29.530001
2004-12-31,29.969999,29.99,29.42,29.540001,216400,29.540001
2004-12-30,29.65,29.93,29.610001,29.77,140300,29.77
2004-12-29,28.50,29.84,28.34,29.50,318600,29.50
2004-12-28,27.85,28.49,27.85,28.450001,58600,28.450001
2004-12-27,28.25,28.440001,27.85,27.91,69000,27.91
2004-12-23,28.25,28.299999,27.860001,28.059999,50200,28.059999
2004-12-22,28.059999,28.43,28.02,28.200001,84600,28.200001
2004-12-21,27.85,28.219999,27.620001,27.99,125300,27.99
2004-12-20,27.85,28.00,27.559999,27.68,149400,27.68
2004-12-17,28.07,28.15,27.809999,27.85,216000,27.85
2004-12-16,28.01,28.15,27.469999,27.92,211500,27.92
2004-12-15,28.33,28.360001,27.41,28.16,165300,28.16
2004-12-14,27.60,28.280001,27.41,28.26,205100,28.26
2004-12-13,27.700001,27.889999,27.219999,27.459999,193500,27.459999
2004-12-10,28.26,28.280001,27.620001,27.82,162800,27.82
2004-12-09,27.25,28.299999,26.82,28.030001,365300,28.030001
2004-12-08,26.040001,27.620001,25.84,27.43,595000,27.43
2004-12-07,25.559999,26.26,25.559999,25.719999,280600,25.719999
2004-12-06,26.09,26.139999,25.549999,25.68,180000,25.68
2004-12-03,26.26,26.360001,25.719999,25.969999,134900,25.969999
2004-12-02,26.10,26.370001,25.92,26.27,128300,26.27
2004-12-01,25.85,26.200001,25.76,26.02,233900,26.02
2004-11-30,25.540001,25.809999,25.43,25.709999,237800,25.709999
2004-11-29,25.76,26.00,25.450001,25.639999,164400,25.639999
2004-11-26,25.77,25.969999,25.370001,25.60,79500,25.60
2004-11-24,26.17,26.190001,25.379999,25.49,240600,25.49
2004-11-23,26.299999,26.299999,25.799999,26.00,217600,26.00
2004-11-22,25.42,26.33,25.42,26.299999,248400,26.299999
2004-11-19,25.52,25.84,25.129999,25.74,228500,25.74
2004-11-18,25.799999,25.85,25.440001,25.719999,100400,25.719999
2004-11-17,25.969999,26.02,25.610001,25.969999,236300,25.969999
2004-11-16,25.60,26.049999,25.60,25.860001,197200,25.860001
2004-11-15,26.299999,26.50,25.90,26.15,273800,26.15
2004-11-12,25.66,26.219999,25.469999,26.15,160700,26.15
2004-11-11,26.049999,26.049999,25.67,25.790001,430900,25.790001
2004-11-10,26.41,26.41,25.83,26.030001,537300,26.030001
2004-11-09,24.50,26.540001,24.41,26.280001,566400,26.280001
2004-11-08,26.00,26.120001,25.610001,25.610001,271100,25.610001
2004-11-05,25.07,25.959999,25.040001,25.83,257800,25.83
2004-11-04,24.74,25.67,24.629999,25.18,422100,25.18
2004-11-03,23.32,24.719999,23.07,24.629999,620900,24.629999
2004-11-02,23.200001,23.700001,23.02,23.129999,186000,23.129999
2004-11-01,23.50,23.59,23.049999,23.27,146400,23.27
2004-10-29,23.48,23.620001,23.17,23.389999,229600,23.389999
2004-10-28,22.82,23.719999,22.82,23.43,430800,23.43
2004-10-27,21.040001,23.049999,20.85,23.01,555900,23.01
2004-10-26,21.24,21.60,21.120001,21.559999,204800,21.559999
2004-10-25,20.67,21.25,20.59,21.190001,310200,21.190001
2004-10-22,20.84,21.02,20.690001,20.700001,814600,20.700001
2004-10-21,21.09,21.18,20.85,20.90,414200,20.90
2004-10-20,21.26,21.41,21.10,21.219999,234400,21.219999
2004-10-19,22.00,22.00,21.25,21.26,241200,21.26
2004-10-18,21.40,21.91,21.40,21.709999,142100,21.709999
2004-10-15,21.860001,21.92,21.41,21.51,219700,21.51
2004-10-14,22.01,22.190001,21.610001,21.700001,121700,21.700001
2004-10-13,22.370001,22.540001,22.129999,22.139999,139500,22.139999
2004-10-12,21.85,22.33,21.790001,22.15,168000,22.15
2004-10-11,21.950001,22.08,21.51,21.879999,441600,21.879999
2004-10-08,21.84,22.10,21.799999,21.889999,183600,21.889999
2004-10-07,22.379999,22.379999,21.90,21.90,277700,21.90
2004-10-06,22.290001,22.40,22.15,22.27,189100,22.27
2004-10-05,21.59,22.49,21.59,22.17,449700,22.17
2004-10-04,22.209999,22.209999,21.40,21.610001,496500,21.610001
2004-10-01,21.10,22.33,21.10,22.120001,200800,22.120001
2004-09-30,21.41,21.48,21.040001,21.18,224800,21.18
2004-09-29,21.299999,21.629999,21.299999,21.49,180800,21.49
2004-09-28,21.059999,21.35,21.059999,21.209999,179000,21.209999
2004-09-27,21.450001,21.65,21.00,21.10,344600,21.10
2004-09-24,21.469999,21.870001,21.370001,21.52,228700,21.52
2004-09-23,21.299999,21.60,21.200001,21.370001,94200,21.370001
2004-09-22,21.66,21.709999,21.200001,21.35,333000,21.35
2004-09-21,21.860001,21.93,21.530001,21.66,128800,21.66
2004-09-20,21.67,21.940001,21.459999,21.860001,170200,21.860001
2004-09-17,22.32,22.32,21.309999,21.610001,546100,21.610001
2004-09-16,22.299999,22.40,22.00,22.10,220500,22.10
2004-09-15,22.43,22.540001,22.25,22.299999,188500,22.299999
2004-09-14,22.17,22.469999,21.860001,22.43,168700,22.43
2004-09-13,22.60,22.66,22.09,22.379999,293900,22.379999
2004-09-10,22.60,22.700001,22.299999,22.610001,211300,22.610001
2004-09-09,22.440001,22.860001,22.43,22.60,451800,22.60
2004-09-08,23.07,23.07,22.299999,22.440001,274700,22.440001
2004-09-07,22.90,23.360001,22.90,23.00,211400,23.00
2004-09-03,22.90,23.049999,22.700001,22.870001,85700,22.870001
2004-09-02,22.68,22.879999,22.48,22.84,270000,22.84
2004-09-01,22.23,23.129999,22.23,22.67,501400,22.67
2004-08-31,22.059999,22.34,22.00,22.34,121500,22.34
2004-08-30,22.290001,22.35,22.049999,22.049999,181500,22.049999
2004-08-27,21.940001,22.34,21.85,22.299999,219700,22.299999
2004-08-26,21.90,21.92,21.60,21.91,412300,21.91
2004-08-25,21.50,21.90,21.50,21.610001,639100,21.610001
2004-08-24,21.389999,21.60,21.219999,21.58,427500,21.58
2004-08-23,21.610001,21.73,20.99,21.34,864700,21.34
2004-08-20,20.68,21.02,20.530001,20.780001,893500,20.780001
2004-08-19,21.370001,21.60,20.040001,20.57,1094700,20.57
2004-08-18,22.889999,23.299999,21.879999,22.08,1154400,22.08
2004-08-17,23.219999,23.379999,23.08,23.290001,104500,23.290001
2004-08-16,23.049999,23.25,23.00,23.18,268800,23.18
2004-08-13,23.01,23.18,22.98,23.18,131600,23.18
2004-08-12,22.940001,23.10,22.65,22.959999,113800,22.959999
2004-08-11,22.559999,23.129999,22.50,22.940001,208200,22.940001
2004-08-10,22.52,22.84,22.50,22.610001,253100,22.610001
2004-08-09,23.299999,23.42,22.50,22.66,331100,22.66
2004-08-06,23.450001,23.50,22.42,23.209999,869700,23.209999
2004-08-05,24.16,24.219999,23.639999,24.110001,159600,24.110001
2004-08-04,24.059999,24.450001,23.360001,24.209999,178000,24.209999
2004-08-03,24.190001,24.299999,23.99,24.290001,143900,24.290001
2004-08-02,23.52,24.49,23.49,24.379999,125400,24.379999
2004-07-30,23.74,23.870001,23.530001,23.75,178200,23.75
2004-07-29,23.719999,23.940001,23.48,23.74,162100,23.74
2004-07-28,23.34,24.32,22.68,23.75,535900,23.75
2004-07-27,25.219999,25.24,24.629999,24.99,229700,24.99
2004-07-26,25.25,25.969999,24.26,25.25,327300,25.25
2004-07-23,26.09,26.09,25.27,25.27,62300,25.27
2004-07-22,25.690001,26.48,25.50,25.860001,164500,25.860001
2004-07-21,26.530001,26.530001,25.48,25.68,130000,25.68
2004-07-20,25.77,26.52,25.65,26.52,141800,26.52
2004-07-19,26.68,26.68,25.389999,25.77,302100,25.77
2004-07-16,26.57,26.700001,26.02,26.700001,137900,26.700001
2004-07-15,26.50,26.66,26.200001,26.50,121100,26.50
2004-07-14,25.639999,26.49,25.58,26.40,163700,26.40
2004-07-13,25.85,25.879999,25.59,25.66,247000,25.66
2004-07-12,25.469999,25.85,25.32,25.75,194600,25.75
2004-07-09,25.33,25.690001,25.33,25.540001,87800,25.540001
2004-07-08,26.15,26.27,25.35,25.370001,303800,25.370001
2004-07-07,25.15,26.389999,25.01,26.15,363500,26.15
2004-07-06,25.18,25.190001,24.459999,25.00,131800,25.00
2004-07-02,25.15,25.209999,24.799999,25.209999,135800,25.209999
2004-07-01,24.85,25.110001,24.610001,25.00,311600,25.00
2004-06-30,24.299999,25.129999,24.10,25.129999,171000,25.129999
2004-06-29,24.00,24.280001,24.00,24.26,144900,24.26
2004-06-28,24.09,24.129999,23.91,24.049999,191000,24.049999
2004-06-25,24.129999,24.190001,23.90,23.91,96500,23.91
2004-06-24,23.90,24.15,23.85,24.00,171400,24.00
2004-06-23,23.76,24.110001,23.719999,23.90,367900,23.90
2004-06-22,23.809999,23.92,23.51,23.92,266400,23.92
2004-06-21,24.139999,24.15,23.60,23.780001,196200,23.780001
2004-06-18,23.57,24.299999,23.549999,24.139999,237600,24.139999
2004-06-17,23.75,23.780001,23.379999,23.77,148000,23.77
2004-06-16,23.15,23.91,23.15,23.77,178900,23.77
2004-06-15,23.030001,23.24,23.00,23.10,111600,23.10
2004-06-14,23.030001,23.17,22.84,23.02,197700,23.02
2004-06-10,23.00,23.10,22.98,23.00,280800,23.00
2004-06-09,23.049999,23.209999,22.90,23.00,98100,23.00
2004-06-08,22.790001,23.02,22.68,23.00,192900,23.00
2004-06-07,23.10,23.16,22.690001,22.809999,104200,22.809999
2004-06-04,23.17,23.17,22.66,22.719999,249900,22.719999
2004-06-03,23.09,23.25,22.879999,23.00,334900,23.00
2004-06-02,22.860001,23.15,22.73,22.950001,217800,22.950001
2004-06-01,22.870001,23.00,22.57,22.74,206500,22.74
2004-05-28,22.91,23.00,22.549999,22.700001,76600,22.700001
2004-05-27,23.02,23.09,22.67,23.00,70000,23.00
2004-05-26,23.10,23.200001,22.85,23.00,157400,23.00
2004-05-25,23.00,23.030001,22.91,23.00,147200,23.00
2004-05-24,23.00,23.200001,22.92,23.00,76000,23.00
2004-05-21,23.030001,23.120001,22.65,22.90,55500,22.90
2004-05-20,22.99,23.00,22.75,22.75,136500,22.75
2004-05-19,23.07,23.26,22.950001,22.99,199000,22.99
2004-05-18,23.57,23.780001,22.889999,23.00,443800,23.00
2004-05-17,23.41,24.00,23.049999,23.799999,135100,23.799999
2004-05-14,23.610001,23.700001,23.25,23.549999,92800,23.549999
2004-05-13,23.83,23.90,23.40,23.700001,90100,23.700001
2004-05-12,23.450001,24.10,23.07,23.959999,159100,23.959999
2004-05-11,23.459999,23.75,23.110001,23.459999,195800,23.459999
2004-05-10,23.299999,24.00,22.99,23.25,248300,23.25
2004-05-07,24.15,24.389999,23.219999,23.450001,178400,23.450001
2004-05-06,24.129999,24.40,23.370001,24.34,173800,24.34
2004-05-05,24.200001,24.559999,24.200001,24.40,157000,24.40
2004-05-04,24.549999,24.889999,24.10,24.360001,188900,24.360001
2004-05-03,24.18,24.870001,24.049999,24.549999,201700,24.549999
2004-04-30,23.98,24.709999,23.75,24.18,319600,24.18
2004-04-29,23.50,24.09,23.219999,23.940001,320700,23.940001
2004-04-28,23.51,23.790001,23.10,23.51,484300,23.51
2004-04-27,23.120001,23.50,22.969999,23.379999,222200,23.379999
2004-04-26,23.190001,23.34,22.90,23.08,79200,23.08
2004-04-23,23.50,23.51,22.75,23.120001,133800,23.120001
2004-04-22,22.809999,23.440001,22.639999,23.42,139100,23.42
2004-04-21,21.98,22.799999,21.75,22.75,285700,22.75
2004-04-20,21.700001,22.690001,21.639999,21.969999,342000,21.969999
2004-04-19,21.870001,21.870001,21.58,21.74,151400,21.74
2004-04-16,22.299999,22.43,21.860001,21.950001,420700,21.950001
2004-04-15,22.469999,22.60,22.110001,22.26,162400,22.26
2004-04-14,22.35,22.790001,22.26,22.440001,125600,22.440001
2004-04-13,23.120001,23.120001,22.25,22.540001,102400,22.540001
2004-04-12,22.780001,23.120001,22.68,23.120001,62700,23.120001
2004-04-08,22.799999,22.93,22.51,22.610001,62300,22.610001
2004-04-07,22.60,23.129999,22.469999,22.790001,136800,22.790001
2004-04-06,23.25,23.25,22.629999,22.67,133100,22.67
2004-04-05,23.190001,23.25,22.76,23.23,214800,23.23
2004-04-02,23.25,23.360001,22.90,23.190001,131000,23.190001
2004-04-01,22.85,23.110001,22.60,23.00,109300,23.00
2004-03-31,22.940001,23.040001,22.459999,22.709999,203600,22.709999
2004-03-30,22.66,22.98,22.629999,22.889999,151500,22.889999
2004-03-29,22.379999,22.799999,22.10,22.66,179100,22.66
2004-03-26,22.41,22.549999,22.110001,22.110001,195800,22.110001
2004-03-25,22.24,22.65,21.799999,22.389999,283100,22.389999
2004-03-24,32.479995,33.469995,31.800001,32.539996,672100,21.693331
2004-03-23,30.760005,31.510005,30.400005,30.959999,183000,20.639999
2004-03-22,32.25,32.410006,30.430006,30.550006,297000,20.366671
2004-03-19,32.25,32.699999,31.420006,32.260005,335200,21.50667
2004-03-18,32.320006,32.680006,31.800001,31.930006,286600,21.286671
2004-03-17,31.650001,32.320006,31.650001,32.320006,168000,21.546671
2004-03-16,32.400001,32.76,31.410001,31.86,230400,21.24
2004-03-15,32.430001,32.890005,31.960004,32.419996,161700,21.613331
2004-03-12,31.969995,32.779996,31.969995,32.269996,305800,21.51333
2004-03-11,32.73,33.349995,31.949999,32.020005,409500,21.34667
2004-03-10,32.950004,33.499995,32.73,32.860004,213000,21.90667
2004-03-09,33.99,34.170001,32.989995,33.100004,375600,22.066669
2004-03-08,34.999995,35.149996,34.050001,34.249995,282600,22.83333
2004-03-05,34.219995,35.13,34.199999,34.699994,162700,23.133329
2004-03-04,34.800001,34.999995,34.000005,34.439999,198100,22.959999
2004-03-03,33.799996,34.750005,33.709994,34.62,141600,23.08
2004-03-02,33.810001,34.150005,33.760005,34.129995,469800,22.75333
2004-03-01,34.519996,34.900005,33.719999,34.079999,403500,22.719999
2004-02-27,35.140005,35.599995,34.530001,34.600004,252700,23.066669
2004-02-26,36.180001,36.379995,34.699994,35.140005,415200,23.42667
2004-02-25,35.290006,37.11,34.540006,36.24,798700,24.16
2004-02-24,36.250005,36.660001,35.170006,36.400005,154000,24.26667
2004-02-23,37.000005,37.120005,35.800006,36.199994,299200,24.133329
2004-02-20,37.589999,37.759995,36.769996,36.910006,368400,24.60667
2004-02-19,37.589999,37.879995,36.859995,37.650001,501400,25.10
2004-02-18,37.14,37.589999,37.000005,37.589999,140800,25.059999
2004-02-17,36.400005,37.410001,36.289996,37.319999,109000,24.879999
2004-02-13,36.499995,37.039996,36.150001,36.220004,176200,24.146669
2004-02-12,36.919996,37.210004,36.250005,36.27,165000,24.18
2004-02-11,36.619995,37.120005,36.589994,36.75,111900,24.50
2004-02-10,36.599999,36.649996,36.00,36.499995,238200,24.33333
2004-02-09,36.760005,37.219995,36.599999,36.599999,162900,24.40
2004-02-06,36.00,37.050001,36.00,36.829994,259500,24.553329
2004-02-05,36.940006,37.249995,35.869995,35.869995,220200,23.91333
2004-02-04,38.25,38.290006,36.329999,36.930001,359800,24.620001
2004-02-03,37.319999,38.25,37.249995,38.25,393000,25.50
2004-02-02,37.279996,37.560001,36.820006,37.560001,151300,25.040001
2004-01-30,36.660001,37.660006,36.370005,37.660006,147000,25.10667
2004-01-29,36.280005,36.829994,35.950004,36.589994,330000,24.39333
2004-01-28,37.600004,37.669996,35.530005,36.150001,321400,24.10
2004-01-27,38.01,38.01,37.210004,37.600004,170800,25.066669
2004-01-26,37.090004,37.999995,36.799996,37.999995,137500,25.33333
2004-01-23,37.000005,37.170001,36.679994,37.000005,123600,24.66667
2004-01-22,37.000005,37.300006,36.75,37.050001,154600,24.700001
2004-01-21,36.580004,36.940006,36.409996,36.820006,81100,24.546671
2004-01-20,36.199994,36.799996,36.199994,36.499995,268500,24.33333
2004-01-16,35.500005,36.829994,35.500005,36.490005,269100,24.32667
2004-01-15,34.999995,36.829994,34.699994,35.64,1036200,23.76
2004-01-14,36.430006,36.529996,34.11,34.480004,797100,22.98667
2004-01-13,37.369995,37.579994,36.580004,36.599999,152800,24.40
2004-01-12,35.910001,37.349999,35.770005,37.210004,144300,24.806669
2004-01-09,37.170001,37.189994,35.899996,35.910001,175900,23.940001
2004-01-08,38.13,38.25,37.189994,37.189994,157300,24.793329
2004-01-07,37.600004,38.149996,37.390005,38.110004,105100,25.40667
2004-01-06,38.200004,38.200004,37.600004,37.600004,142600,25.066669
2004-01-05,38.400001,38.500005,37.759995,38.200004,170700,25.466669
2004-01-02,37.819994,38.329994,37.750005,38.219999,202200,25.48
2003-12-31,38.569994,38.579999,37.89,37.949999,404400,25.299999
2003-12-30,37.909996,38.500005,37.870005,38.400001,138400,25.60
2003-12-29,37.639996,38.290006,37.399996,38.080004,94800,25.386669
2003-12-26,37.309994,37.709999,37.309994,37.50,24600,25.00
2003-12-24,37.960004,38.059994,37.369995,37.38,60700,24.92
2003-12-23,37.639996,38.239995,37.279996,37.969995,117300,25.31333
2003-12-22,37.339994,37.840004,37.159996,37.699994,89100,25.133329
2003-12-19,38.790001,38.800006,37.349999,37.570006,133500,25.046671
2003-12-18,38.040001,38.560006,37.800001,38.389996,141000,25.59333
2003-12-17,37.549996,37.879995,37.309994,37.829999,70600,25.219999
2003-12-16,37.720004,38.01,37.249995,37.560001,340200,25.040001
2003-12-15,38.25,38.25,37.210004,37.669996,162100,25.113331
2003-12-12,38.299996,38.539996,37.709999,37.999995,78700,25.33333
2003-12-11,37.849995,38.599995,37.469999,38.37,141600,25.58
2003-12-10,37.699994,37.89,37.000005,37.89,681100,25.26
2003-12-09,37.849995,37.999995,37.439999,37.469999,148000,24.98
2003-12-08,36.99,37.849995,36.880005,37.810006,202300,25.206671
2003-12-05,37.900005,37.900005,36.829994,37.23,117400,24.82
2003-12-04,37.009995,37.849995,37.009995,37.729995,250500,25.15333
2003-12-03,38.650005,38.809994,37.02,37.189994,286000,24.793329
2003-12-02,38.350004,38.800006,38.200004,38.599995,251700,25.73333
2003-12-01,37.560001,38.620005,37.170001,38.280001,285100,25.52
2003-11-28,37.240005,37.609995,37.170001,37.469999,62400,24.98
2003-11-26,36.859995,37.50,36.550006,37.210004,108100,24.806669
2003-11-25,36.160006,37.189994,35.800006,36.949994,454500,24.633329
2003-11-24,37.709999,38.170006,36.00,36.300001,812700,24.200001
2003-11-21,39.259995,39.310006,37.369995,38.37,726700,25.58
2003-11-20,39.679994,40.000005,39.109995,39.529996,227500,26.353331
2003-11-19,39.310006,40.000005,39.100004,40.000005,165900,26.66667
2003-11-18,39.019996,39.99,39.019996,39.329999,149400,26.219999
2003-11-17,39.409996,39.490005,38.910001,39.190006,263100,26.126671
2003-11-14,39.529996,40.000005,39.049996,39.670006,322200,26.446671
2003-11-13,37.600004,40.050001,36.87,39.889996,736500,26.59333
2003-11-12,37.999995,39.250005,37.50,38.950004,558900,25.966669
2003-11-11,39.27,39.48,38.950004,39.100004,239200,26.066669
2003-11-10,38.899996,39.319994,38.440006,39.190006,392100,26.126671
2003-11-07,38.089994,38.890005,37.849995,38.809994,231300,25.873329
2003-11-06,37.690006,38.25,36.850004,37.990005,214200,25.32667
2003-11-05,36.799996,37.74,36.280005,37.540006,310900,25.02667
2003-11-04,36.499995,36.859995,35.260005,36.679994,483300,24.453329
2003-11-03,36.490005,37.349999,36.12,36.610004,203100,24.40667
2003-10-31,35.740005,36.499995,35.699999,35.989995,119700,23.99333
2003-10-30,34.960004,36.769996,34.900005,35.699999,492400,23.799999
2003-10-29,33.799996,34.999995,33.010005,34.879995,261000,23.25333
2003-10-28,34.480004,34.489995,33.820006,34.000005,222000,22.66667
2003-10-27,33.799996,34.489995,33.370005,34.300006,109600,22.866671
2003-10-24,33.75,33.769996,33.010005,33.469995,104700,22.31333
2003-10-23,32.839994,34.030005,32.749995,33.850004,150100,22.566669
2003-10-22,32.939999,33.790006,32.599995,32.809994,173400,21.873329
2003-10-21,34.23,34.23,32.849999,32.980004,266400,21.98667
2003-10-20,32.830004,34.579994,32.790001,34.14,346300,22.76
2003-10-17,32.76,32.969999,32.400001,32.419996,64500,21.613331
2003-10-16,32.929994,32.929994,32.539996,32.670001,53700,21.780001
2003-10-15,33.27,33.490005,32.659996,32.929994,137200,21.953329
2003-10-14,32.88,33.329999,32.479995,33.079994,132600,22.053329
2003-10-13,33.259995,33.700004,32.530005,32.749995,197800,21.83333
2003-10-10,31.729995,33.589994,31.729995,32.920006,368400,21.946671
2003-10-09,32.050006,32.419996,31.729995,31.74,355300,21.16
2003-10-08,32.459999,32.459999,31.999995,32.029996,264900,21.353331
2003-10-07,32.61,32.710004,31.999995,32.500005,205600,21.66667
2003-10-06,33.109995,33.250005,32.37,32.650005,430500,21.76667
2003-10-03,33.169996,33.449999,33.130005,33.280005,183300,22.18667
2003-10-02,33.24,33.460004,32.939999,33.169996,160500,22.113331
2003-10-01,33.150001,33.850004,32.650005,33.180001,442900,22.120001
2003-09-30,32.550001,33.329999,32.189999,33.010005,294700,22.00667
2003-09-29,32.329994,32.61,31.699994,32.380005,291300,21.58667
2003-09-26,31.699994,32.790001,31.600004,32.329994,302500,21.553329
2003-09-25,31.909996,32.099999,31.399996,31.420006,103600,20.946671
2003-09-24,32.629995,32.64,31.759995,31.849995,162600,21.23333
2003-09-23,31.759995,32.49,31.510005,31.909996,112500,21.273331
2003-09-22,31.579994,31.840004,31.439999,31.690006,107800,21.126671
2003-09-19,32.290006,32.500005,31.89,31.89,128100,21.26
2003-09-18,32.080004,32.200004,31.780005,32.020005,144300,21.34667
2003-09-17,31.399996,32.320006,31.390005,32.080004,335700,21.386669
2003-09-16,31.999995,31.999995,31.000005,31.50,300700,21.00
2003-09-15,31.549996,31.999995,31.290001,31.800001,284400,21.200001
2003-09-12,31.38,31.540006,30.919996,31.450004,127200,20.966669
2003-09-11,31.62,31.89,31.309994,31.319999,172800,20.879999
2003-09-10,31.170001,31.969995,30.970004,31.600004,372100,21.066669
2003-09-09,30.900001,31.339994,30.850004,31.050001,213400,20.700001
2003-09-08,31.079999,31.159996,30.760005,31.000005,209500,20.66667
2003-09-05,30.689999,31.069994,30.409996,30.949994,118000,20.633329
2003-09-04,30.649996,31.000005,30.649996,30.810001,256600,20.540001
2003-09-03,30.599999,31.000005,30.599999,30.689999,208800,20.459999
2003-09-02,30.499995,30.790006,30.150001,30.75,228900,20.50
2003-08-29,30.449999,30.709994,30.070006,30.229995,186900,20.15333
2003-08-28,29.869995,30.439994,29.650005,30.439994,109600,20.293329
2003-08-27,29.88,30.130005,29.500005,30.00,177000,20.00
2003-08-26,28.960004,29.849999,28.660006,29.800006,154900,19.866671
2003-08-25,30.00,30.150001,28.98,28.98,211200,19.32
2003-08-22,29.899996,30.12,29.61,29.680006,191100,19.786671
2003-08-21,29.699999,30.300001,29.699999,29.800006,254400,19.866671
2003-08-20,30.250005,30.340004,29.509995,29.560006,129400,19.706671
2003-08-19,29.959994,30.229995,29.719995,30.100004,192700,20.066669
2003-08-18,29.329994,29.910001,29.089994,29.869995,188200,19.91333
2003-08-15,29.449994,29.989995,28.50,29.200004,167400,19.466669
2003-08-14,29.800006,29.849999,29.339999,29.61,163500,19.74
2003-08-13,30.139996,30.180001,29.76,29.839994,286200,19.89333
2003-08-12,29.61,30.169996,29.61,30.12,160200,20.08
2003-08-11,29.770005,30.460004,29.590004,29.61,158200,19.74
2003-08-08,29.209994,29.890005,28.650001,29.710004,352800,19.806669
2003-08-07,27.599999,29.200004,27.599999,29.050006,341100,19.366671
2003-08-06,28.249995,28.38,27.599999,27.810001,313000,18.540001
2003-08-05,29.500005,29.500005,28.26,28.26,247900,18.84
2003-08-04,29.899996,30.12,29.500005,29.509995,571900,19.67333
2003-08-01,30.329999,30.349995,29.890005,29.950004,256200,19.966669
2003-07-31,30.00,30.619995,29.659996,30.329999,268200,20.219999
2003-07-30,29.849999,29.989995,29.449994,29.950004,170200,19.966669
2003-07-29,29.110004,29.830004,29.050006,29.790001,322500,19.860001
2003-07-28,29.329994,29.830004,28.349999,29.189999,304500,19.459999
2003-07-25,29.500005,30.12,29.209994,29.650005,187500,19.76667
2003-07-24,29.400001,30.190006,29.380005,29.809994,567400,19.873329
2003-07-23,28.999995,29.699999,28.090004,29.260005,3109500,19.50667
2003-07-22,32.040001,32.299996,26.980004,27.049996,1904400,18.033331
2003-07-21,32.01,32.500005,31.800001,32.149996,137400,21.433331
2003-07-18,32.040001,32.650005,32.040001,32.290006,146400,21.52667
2003-07-17,32.800006,32.800006,31.800001,32.200004,149500,21.466669
2003-07-16,34.000005,34.14,32.830004,32.830004,167500,21.886669
2003-07-15,33.00,34.000005,32.299996,33.859995,331300,22.57333
2003-07-14,33.089999,33.150001,32.550001,32.939999,90900,21.959999
2003-07-11,32.560006,33.079994,32.419996,32.890005,206700,21.92667
2003-07-10,33.63,33.829994,32.170006,32.680006,289000,21.786671
2003-07-09,34.210004,34.26,33.649996,33.780001,278800,22.52
2003-07-08,33.010005,34.300006,32.980004,34.14,277500,22.76
2003-07-07,31.510005,33.599999,31.510005,33.449999,343500,22.299999
2003-07-03,31.560001,31.960004,31.180006,31.579994,95500,21.053329
2003-07-02,31.069994,31.800001,30.900001,31.630005,353500,21.08667
2003-07-01,30.259995,31.11,30.00,31.000005,444600,20.66667
2003-06-30,29.500005,30.850004,29.500005,30.529996,495900,20.353331
2003-06-27,28.750005,29.779996,28.50,29.699999,301800,19.799999
2003-06-26,28.62,29.320006,28.02,28.879995,235800,19.25333
2003-06-25,28.339994,28.339994,27.940006,27.99,131500,18.66
2003-06-24,27.370005,28.319999,27.24,28.210004,192900,18.806669
2003-06-23,28.249995,28.349999,27.649996,27.649996,246000,18.433331
2003-06-20,28.369995,28.999995,28.039996,28.840004,220600,19.226669
2003-06-19,28.729995,28.74,28.429994,28.450004,170400,18.966669
2003-06-18,28.680001,28.840004,28.480004,28.74,226000,19.16
2003-06-17,28.069994,28.759995,28.009995,28.650001,294900,19.10
2003-06-16,26.860004,28.000005,26.699999,28.000005,336000,18.66667
2003-06-13,27.229995,27.449999,26.790001,26.860004,248500,17.90667
2003-06-12,27.220004,27.400005,26.88,27.100004,150900,18.066669
2003-06-11,26.629995,27.199994,26.629995,27.139996,518100,18.09333
2003-06-10,26.719995,27.040006,26.590004,26.659996,164500,17.773331
2003-06-09,27.199994,27.199994,26.719995,26.800006,130200,17.866671
2003-06-06,26.819999,27.12,26.809994,27.049996,243700,18.033331
2003-06-05,27.199994,27.199994,26.76,26.819999,212400,17.879999
2003-06-04,27.27,27.400005,27.070006,27.199994,205600,18.133329
2003-06-03,27.610004,27.739995,27.150001,27.280005,419700,18.18667
2003-06-02,28.000005,28.249995,27.400005,27.589994,259200,18.39333
2003-05-30,27.900001,28.279996,27.599999,28.14,308800,18.76
2003-05-29,28.399996,28.450004,27.520005,27.900001,294900,18.60
2003-05-28,28.199999,28.439999,28.050001,28.360004,85900,18.90667
2003-05-27,28.540006,28.540006,28.050001,28.399996,272100,18.933331
2003-05-23,28.699994,28.699994,28.11,28.519996,271300,19.01333
2003-05-22,28.800001,28.900005,28.300006,28.639996,736800,19.09333
2003-05-21,27.250005,29.119995,27.229995,28.999995,887700,19.33333
2003-05-20,27.349995,27.550006,26.179994,26.899996,207100,17.933331
2003-05-19,27.660001,27.719999,26.710004,27.540001,354000,18.360001
2003-05-16,28.189994,28.709999,27.780001,28.180006,201400,18.786671
2003-05-15,27.790006,28.290001,27.790006,28.009995,154900,18.67333
2003-05-14,27.700004,28.14,27.700004,27.959999,117400,18.639999
2003-05-13,27.700004,28.02,27.670006,27.900001,281400,18.60
2003-05-12,26.779996,27.760005,26.699999,27.730004,225400,18.48667
2003-05-09,26.849999,27.139996,26.699999,27.049996,212800,18.033331
2003-05-08,26.599995,26.950004,26.599995,26.770005,100500,17.84667
2003-05-07,26.449994,26.860004,26.449994,26.779996,166000,17.853331
2003-05-06,26.299996,27.049996,26.140005,26.550001,284700,17.700001
2003-05-05,26.590004,26.849999,26.299996,26.849999,107400,17.90
2003-05-02,26.25,27.109995,25.999995,26.650005,140700,17.76667
2003-05-01,25.879995,26.299996,25.38,26.160001,255300,17.440001
2003-04-30,25.319999,26.089994,25.199999,25.969995,191400,17.31333
2003-04-29,25.14,25.439999,25.000005,25.390005,116400,16.92667
2003-04-28,24.550006,25.270005,24.550006,25.249995,211900,16.83333
2003-04-25,24.799996,25.050001,24.640005,24.670006,107500,16.446671
2003-04-24,23.980004,25.11,23.980004,24.949994,368200,16.633329
2003-04-23,24.99,25.099995,23.500005,24.160006,661300,16.10667
2003-04-22,24.259995,26.200004,24.199994,25.030005,704100,16.68667
2003-04-21,24.030001,24.75,23.909999,24.329999,301600,16.219999
2003-04-17,23.359995,24.599999,23.350006,24.24,595500,16.16
2003-04-16,24.030001,24.24,22.870005,23.119995,569700,15.41333
2003-04-15,25.349999,25.450004,23.779994,24.460004,491800,16.306669
2003-04-14,25.50,25.849995,25.459994,25.510005,174700,17.00667
2003-04-11,25.410001,25.600004,25.360004,25.469999,80200,16.98
2003-04-10,25.420006,25.530001,25.249995,25.26,133800,16.84
2003-04-09,25.420006,25.930006,25.199999,25.420006,182100,16.946671
2003-04-08,25.26,25.750005,25.189994,25.410001,1401000,16.940001
2003-04-07,25.759995,25.759995,25.120005,25.14,203400,16.76
2003-04-04,25.699994,26.500005,25.439999,25.439999,210400,16.959999
2003-04-03,26.059994,26.140005,25.650001,25.650001,350100,17.10
2003-04-02,25.469999,26.099999,25.399996,25.939994,361200,17.293329
2003-04-01,25.199999,25.699994,25.199999,25.549996,383100,17.033331
2003-03-31,25.50,25.530001,25.159996,25.199999,428200,16.799999
2003-03-28,25.530001,26.269996,25.530001,25.750005,596400,17.16667
2003-03-27,25.560001,25.570006,25.050001,25.510005,225400,17.00667
2003-03-26,25.920001,25.999995,25.549996,25.639996,415000,17.09333
2003-03-25,25.399996,26.020005,25.330004,25.89,376800,17.26
2003-03-24,25.180006,25.999995,25.150005,25.450004,138900,16.966669
2003-03-21,25.909996,26.389996,25.669996,25.999995,264100,17.33333
2003-03-20,25.89,26.620005,25.89,25.949999,525000,17.299999
2003-03-19,25.399996,25.999995,25.069994,25.89,192300,17.26
2003-03-18,25.300006,25.50,24.99,25.360004,100200,16.90667
2003-03-17,24.930001,25.309994,24.280005,25.300006,328200,16.866671
2003-03-14,24.940006,25.23,24.850004,25.050001,157000,16.700001
2003-03-13,24.300001,25.000005,24.209999,24.889996,338700,16.59333
2003-03-12,24.310006,24.430006,23.67,24.300001,147700,16.200001
2003-03-11,24.649996,24.790006,24.209999,24.289996,302100,16.193331
2003-03-10,25.249995,25.249995,24.39,24.660001,342100,16.440001
2003-03-07,25.000005,25.469999,24.859995,25.249995,340500,16.83333
2003-03-06,24.739995,25.099995,24.679994,25.050001,392400,16.700001
2003-03-05,24.75,25.069994,24.700004,24.769996,288600,16.51333
2003-03-04,24.799996,25.090004,24.679994,24.99,450000,16.66
2003-03-03,24.550006,25.050001,24.12,24.87,512100,16.58
2003-02-28,24.99,25.399996,24.130005,24.300001,284200,16.200001
2003-02-27,25.000005,25.090004,24.829994,25.000005,120100,16.66667
2003-02-26,24.87,25.650001,24.550006,24.850004,249700,16.566669
2003-02-25,23.909999,24.850004,23.909999,24.799996,167700,16.533331
2003-02-24,24.280005,24.700004,23.869995,23.88,147400,15.92
2003-02-21,23.950005,24.280005,23.569995,24.139996,136600,16.09333
2003-02-20,23.500005,24.220004,23.500005,23.779994,345000,15.85333
2003-02-19,22.699996,23.749995,22.519996,23.500005,507000,15.66667
2003-02-18,20.809995,22.789995,20.800004,22.17,637200,14.78
2003-02-14,21.150001,21.33,20.749995,21.12,276100,14.08
2003-02-13,21.499995,21.499995,20.849999,21.250005,319300,14.16667
2003-02-12,21.550004,21.550004,21.079996,21.409995,206200,14.27333
2003-02-11,21.349995,21.679995,21.229995,21.499995,361500,14.33333
2003-02-10,21.679995,21.679995,21.259995,21.460005,542100,14.30667
2003-02-07,21.63,21.900001,21.199996,21.599999,340600,14.40
2003-02-06,22.650001,22.650001,21.520005,21.75,777600,14.50
2003-02-05,22.20,22.690005,22.20,22.639996,205600,15.09333
2003-02-04,23.159999,23.159999,22.069995,22.349999,342600,14.90
2003-02-03,23.099999,23.239995,22.900005,23.170004,540100,15.44667
2003-01-31,22.060005,23.320005,21.700005,23.320005,392800,15.54667
2003-01-30,22.690005,22.690005,22.000005,22.17,99700,14.78
2003-01-29,22.540006,22.900005,22.20,22.639996,168000,15.09333
2003-01-28,21.900001,22.590001,21.889996,22.420004,215700,14.94667
2003-01-27,21.649994,21.850006,21.649994,21.760005,219600,14.50667
2003-01-24,21.769996,22.099995,21.649994,21.719999,222000,14.48
2003-01-23,22.590001,22.729995,21.790006,21.93,270900,14.62
2003-01-22,23.050004,23.050004,22.450005,22.710001,496300,15.14
2003-01-21,23.200005,23.950005,22.969995,23.07,557100,15.38
2003-01-17,21.599999,23.280001,21.589994,23.280001,1129200,15.52
2003-01-16,20.149994,21.589994,20.149994,21.259995,633300,14.17333
2003-01-15,19.999995,20.359995,19.750005,20.31,629400,13.54
2003-01-14,19.249995,20.149994,19.20,19.999995,737100,13.33333
2003-01-13,18.51,19.300004,18.499995,19.069995,400600,12.71333
2003-01-10,18.469995,18.799995,18.220006,18.51,297600,12.34
2003-01-09,18.439995,18.610004,18.030001,18.550004,850900,12.36667
2003-01-08,19.17,19.240005,18.36,18.45,378400,12.30
2003-01-07,19.50,19.660006,19.000005,19.159995,266200,12.77333
2003-01-06,19.600006,19.699996,19.369995,19.510005,299800,13.00667
2003-01-03,19.56,19.900005,19.50,19.549995,228600,13.03333
2003-01-02,20.37,20.76,19.56,19.699996,530400,13.13333
2002-12-31,20.239995,20.94,20.239995,20.43,587700,13.62
2002-12-30,20.209994,20.61,20.200005,20.230004,151300,13.48667
2002-12-27,20.080005,20.689995,20.07,20.25,248700,13.50
2002-12-26,19.650001,20.479995,19.650001,20.449996,497200,13.63333
2002-12-24,19.600006,19.74,19.11,19.699996,263100,13.13333
2002-12-23,19.369995,19.849995,19.309995,19.600006,608800,13.06667
2002-12-20,19.469999,19.92,18.799995,19.429995,1341000,12.95333
2002-12-19,20.629995,20.67,19.450005,19.710001,741100,13.14
2002-12-18,21.619995,21.659999,20.500005,20.599995,763800,13.73333
2002-12-17,22.789995,22.810005,21.640005,21.769996,752800,14.51333
2002-12-16,22.300004,23.07,22.02,22.80,754600,15.20
2002-12-13,22.80,22.999995,19.639996,21.960001,1868400,14.64
2002-12-12,25.000005,25.279996,24.12,24.150001,556200,16.10
2002-12-11,26.200004,26.389996,24.370005,24.99,1209600,16.66
2002-12-10,25.789996,26.699999,25.789996,26.530005,459400,17.68667
2002-12-09,25.699994,26.170006,25.519996,25.999995,176400,17.33333
2002-12-06,26.200004,26.400001,25.840004,26.069999,238500,17.379999
2002-12-05,26.359995,26.389996,26.170006,26.25,276300,17.50
2002-12-04,26.350004,26.839994,25.949999,26.37,337200,17.58
2002-12-03,25.669996,26.479995,25.609995,26.209994,209500,17.47333
2002-12-02,25.62,26.200004,25.390005,26.020005,335400,17.34667
2002-11-29,26.020005,26.089994,24.919996,25.519996,165700,17.01333
2002-11-27,24.100004,26.509995,24.079994,26.020005,908200,17.34667
2002-11-26,23.410006,24.300001,22.879995,24.089999,884200,16.059999
2002-11-25,22.450005,23.25,22.450005,23.170004,831000,15.44667
2002-11-22,22.969995,23.830005,22.80,23.050004,934800,15.36667
2002-11-21,25.030005,25.030005,22.489995,22.900005,786000,15.26667
2002-11-20,24.529996,25.000005,24.300001,24.949994,754800,16.633329
2002-11-19,25.650001,25.650001,24.169996,24.39,537900,16.26
2002-11-18,26.25,26.590004,25.410001,25.410001,324400,16.940001
2002-11-15,26.149996,26.76,24.910006,26.209994,1024300,17.47333
2002-11-14,26.61,26.670001,26.149996,26.239995,397800,17.49333
2002-11-13,26.849999,27.499995,26.500005,26.699999,425100,17.799999
2002-11-12,26.500005,26.899996,26.269996,26.800006,720100,17.866671
2002-11-11,27.99,28.050001,26.470004,26.61,540900,17.74
2002-11-08,27.569999,28.249995,27.550006,27.979995,1074700,18.65333
2002-11-07,27.409996,28.050001,26.809994,27.780001,746700,18.52
2002-11-06,28.079999,29.25,27.36,27.499995,715000,18.33333
2002-11-05,28.999995,28.999995,27.930001,28.219995,306400,18.81333
2002-11-04,28.609995,29.699999,28.349999,28.949999,381300,19.299999
2002-11-01,27.900001,28.999995,27.87,28.459994,285300,18.97333
2002-10-31,28.699994,29.25,27.859995,27.859995,344100,18.57333
2002-10-30,29.149996,29.149996,28.699994,28.900005,281800,19.26667
2002-10-29,28.849995,29.350004,28.709999,28.819994,276600,19.213329
2002-10-28,29.449994,29.749995,28.000005,28.999995,262300,19.33333
2002-10-25,29.88,29.939999,28.750005,29.449994,289200,19.633329
2002-10-24,30.180001,30.439994,29.599995,29.629995,173200,19.75333
2002-10-23,30.48,30.48,29.76,30.139996,268000,20.09333
2002-10-22,31.270005,32.440006,30.209999,30.229995,278500,20.15333
2002-10-21,29.950004,31.290001,29.800006,31.249995,135900,20.83333
2002-10-18,29.939999,30.300001,29.749995,30.040006,121500,20.02667
2002-10-17,29.800006,30.150001,29.599995,29.939999,259600,19.959999
2002-10-16,30.51,30.51,29.500005,29.599995,259500,19.73333
2002-10-15,30.569999,31.549996,30.400005,30.649996,449800,20.433331
2002-10-14,30.150001,30.499995,29.849999,30.250005,265300,20.16667
2002-10-11,28.789996,30.919996,28.789996,30.250005,582300,20.16667
2002-10-10,28.099995,29.359995,27.949994,28.870005,348400,19.24667
2002-10-09,27.930001,28.120005,27.409996,28.009995,257100,18.67333
2002-10-08,27.51,28.249995,27.460004,27.889996,220200,18.59333
2002-10-07,27.900001,28.050001,27.48,27.589994,285300,18.39333
2002-10-04,29.689994,29.699999,27.520005,28.000005,632800,18.66667
2002-10-03,29.989995,31.50,29.830004,29.839994,195000,19.89333
2002-10-02,30.679994,31.639996,29.719995,30.00,323100,20.00
2002-10-01,30.150001,31.439999,30.150001,31.099995,407200,20.73333
2002-09-30,29.410006,30.409996,28.840004,30.169996,389800,20.113331
2002-09-27,28.270005,29.680006,28.150005,29.500005,524200,19.66667
2002-09-26,27.649996,28.639996,27.550006,28.390005,261700,18.92667
2002-09-25,25.949999,27.449999,25.949999,27.289996,491800,18.193331
2002-09-24,26.400001,26.550001,25.339994,25.50,312600,17.00
2002-09-23,27.949994,27.959999,26.659996,26.849999,255100,17.90
2002-09-20,28.399996,28.489995,27.940006,28.14,378000,18.76
2002-09-19,28.750005,28.789996,28.199999,28.249995,123400,18.83333
2002-09-18,29.650005,29.719995,28.11,28.800001,265800,19.200001
2002-09-17,30.329999,30.340004,29.740005,29.749995,92700,19.83333
2002-09-16,30.790006,30.820006,29.800006,29.899996,188800,19.933331
2002-09-13,30.00,30.75,29.980004,30.689999,75300,20.459999
2002-09-12,30.790006,30.799996,29.659996,30.00,105900,20.00
2002-09-11,30.730004,31.410001,30.499995,30.550006,143100,20.366671
2002-09-10,30.300001,30.700004,30.209999,30.420001,214200,20.280001
2002-09-09,30.449999,30.449999,29.459999,30.100004,106500,20.066669
2002-09-06,29.430001,30.499995,29.170006,30.400005,70500,20.26667
2002-09-05,29.179994,29.500005,28.819994,29.329994,136600,19.553329
2002-09-04,28.699994,29.650005,28.699994,29.119995,334200,19.41333
2002-09-03,29.25,29.260005,28.720004,28.969995,233500,19.31333
2002-08-30,29.800006,29.989995,29.280001,29.339999,149400,19.559999
2002-08-29,28.459994,29.989995,27.799996,29.980004,261100,19.98667
2002-08-28,28.690006,29.170006,27.910006,28.530001,402900,19.02
2002-08-27,30.689999,30.700004,29.050006,29.61,436500,19.74
2002-08-26,30.900001,30.900001,28.98,30.859995,778900,20.57333
2002-08-23,32.749995,32.830004,30.719999,30.970004,335200,20.646669
2002-08-22,32.209994,32.989995,31.999995,32.819999,399000,21.879999
2002-08-21,32.200004,33.00,32.040001,32.400001,733500,21.60
2002-08-20,33.060001,33.300001,31.849995,32.020005,873700,21.34667
2002-08-19,31.459994,33.850004,31.199999,33.049996,973300,22.033331
2002-08-16,31.349999,31.480004,31.000005,31.079999,382500,20.719999
2002-08-15,30.810001,31.50,30.700004,31.410001,116100,20.940001
2002-08-14,30.63,31.02,30.00,30.810001,263500,20.540001
2002-08-13,31.74,31.819994,29.749995,30.569999,431200,20.379999
2002-08-12,29.800006,31.750005,29.699999,31.600004,658000,21.066669
2002-08-09,28.469999,29.890005,28.189994,29.869995,276900,19.91333
2002-08-08,28.660006,28.900005,28.14,28.77,132400,19.18
2002-08-07,29.400001,29.779996,28.219995,28.780005,263400,19.18667
2002-08-06,27.51,29.400001,27.51,29.339999,272400,19.559999
2002-08-05,29.890005,29.950004,27.199994,27.619995,307900,18.41333
2002-08-02,30.00,30.259995,29.269996,29.830004,128500,19.886669
2002-08-01,29.839994,30.349995,29.170006,29.929994,137500,19.953329
2002-07-31,29.059994,30.130005,28.999995,29.839994,184800,19.89333
2002-07-30,29.050006,29.890005,28.999995,29.479995,180300,19.65333
2002-07-29,27.24,29.569994,27.24,29.550001,444000,19.700001
2002-07-26,27.689999,27.689999,27.00,27.199994,155500,18.133329
2002-07-25,26.37,28.079999,26.359995,27.540001,307300,18.360001
2002-07-24,24.859995,27.190006,24.250005,27.00,727000,18.00
2002-07-23,24.150001,25.349999,23.599995,24.859995,326700,16.57333
2002-07-22,23.740005,24.739995,23.099999,24.439994,275200,16.293329
2002-07-19,23.749995,24.490005,23.159999,23.779994,565600,15.85333
2002-07-18,24.649996,25.249995,23.710005,23.899994,754500,15.93333
2002-07-17,24.229995,25.589999,24.229995,24.760005,634600,16.50667
2002-07-16,24.940006,25.410001,24.229995,24.319994,431800,16.213329
2002-07-15,25.819994,25.819994,24.799996,25.090004,569700,16.726669
2002-07-12,24.790006,26.160001,24.790006,25.530001,595600,17.02
2002-07-11,25.000005,25.549996,24.250005,25.360004,573900,16.90667
2002-07-10,25.279996,25.98,24.959999,25.039996,566800,16.693331
2002-07-09,24.940006,25.50,24.940006,25.290001,529300,16.860001
2002-07-08,25.26,26.099999,24.949994,24.970004,494200,16.646669
2002-07-05,26.050006,26.110004,25.14,25.74,302500,17.16
2002-07-03,25.699994,26.179994,25.240005,26.020005,2952100,17.34667
2002-07-02,27.199994,27.199994,25.050001,25.709999,1286700,17.139999
2002-07-01,26.239995,26.280001,24.790006,25.170001,162000,16.780001
2002-06-28,26.599995,26.650005,25.900005,26.260005,164800,17.50667
2002-06-27,27.889996,27.889996,25.709999,26.500005,521400,17.66667
2002-06-26,28.420006,28.999995,27.490005,27.930001,150600,18.620001
2002-06-25,27.610004,29.299996,27.610004,28.600004,509400,19.066669
2002-06-24,27.780001,28.23,26.350004,27.87,273600,18.58
2002-06-21,27.420001,28.450004,27.00,28.249995,181800,18.83333
2002-06-20,27.259995,27.63,26.860004,27.289996,210400,18.193331
2002-06-19,28.000005,28.50,27.300001,27.400005,215800,18.26667
2002-06-18,28.199999,28.62,26.710004,28.23,655300,18.82
2002-06-17,30.100004,30.949994,27.51,28.309994,416100,18.873329
2002-06-14,30.300001,30.820006,29.410006,30.810001,162300,20.540001
2002-06-13,31.38,31.489995,30.220004,30.499995,116200,20.33333
2002-06-12,30.900001,31.600004,29.800006,31.38,158100,20.92
2002-06-11,31.11,31.210004,30.300001,30.640005,80400,20.42667
2002-06-10,29.699999,31.349999,29.699999,31.199999,93400,20.799999
2002-06-07,30.36,30.619995,28.090004,30.160006,282300,20.10667
2002-06-06,32.080004,32.440006,30.430006,30.449999,380200,20.299999
2002-06-05,30.689999,32.239995,30.490005,32.200004,435900,21.466669
2002-06-04,31.000005,31.11,29.530005,30.799996,82200,20.533331
2002-06-03,31.74,32.699999,30.769996,30.910006,433000,20.60667
2002-05-31,31.429994,31.999995,31.050001,31.990005,303600,21.32667
2002-05-30,31.150005,31.999995,30.649996,31.699994,765700,21.133329
2002-05-29,29.910001,31.079999,29.890005,31.000005,210100,20.66667
2002-05-28,30.889996,30.889996,29.800006,30.300001,77400,20.200001
2002-05-24,30.420001,30.87,30.100004,30.48,49200,20.32
2002-05-23,30.349995,30.599999,29.929994,30.409996,102700,20.273331
2002-05-22,30.060001,30.430006,29.710004,30.229995,71800,20.15333
2002-05-21,30.499995,30.649996,29.099999,30.089999,170500,20.059999
2002-05-20,31.279996,31.279996,30.379995,30.499995,99300,20.33333
2002-05-17,31.050001,31.300006,30.499995,31.210004,231700,20.806669
2002-05-16,30.75,31.300006,30.730004,31.050001,286900,20.700001
2002-05-15,30.850004,31.039996,30.660001,30.979995,155700,20.65333
2002-05-14,31.439999,31.439999,30.75,30.880005,160900,20.58667
2002-05-13,30.900001,31.450004,30.649996,31.439999,194800,20.959999
2002-05-10,30.99,31.390005,30.199994,31.000005,182700,20.66667
2002-05-09,29.659996,31.439999,29.449994,30.970004,415500,20.646669
2002-05-08,29.800006,30.449999,29.569994,29.749995,537700,19.83333
2002-05-07,31.990005,31.990005,29.800006,29.809994,403800,19.873329
2002-05-06,30.679994,32.200004,29.550001,31.969995,486300,21.31333
2002-05-03,29.950004,30.850004,29.449994,30.559994,458800,20.373329
2002-05-02,29.980004,30.00,29.299996,29.52,735000,19.68
2002-05-01,28.999995,30.00,28.759995,30.00,752700,20.00
2002-04-30,28.750005,29.25,28.750005,28.999995,352900,19.33333
2002-04-29,28.819994,28.999995,28.000005,28.709999,486600,19.139999
2002-04-26,28.920001,28.999995,28.709999,28.900005,77200,19.26667
2002-04-25,29.440006,29.449994,28.699994,28.949999,136800,19.299999
2002-04-24,28.849995,29.500005,28.849995,29.200004,220600,19.466669
2002-04-23,29.25,29.299996,28.349999,28.849995,151800,19.23333
2002-04-22,29.400001,29.699999,29.050006,29.320006,236800,19.546671
2002-04-19,28.630005,29.550001,28.399996,29.25,316800,19.50
2002-04-18,28.360004,28.600004,28.199999,28.579994,246300,19.053329
2002-04-17,27.610004,28.630005,27.51,28.549996,358300,19.033331
2002-04-16,27.449999,27.649996,27.349995,27.490005,84900,18.32667
2002-04-15,27.580004,27.580004,27.100004,27.349995,37500,18.23333
2002-04-12,27.799996,27.889996,27.259995,27.589994,136500,18.39333
2002-04-11,27.949994,28.300006,27.799996,27.799996,77200,18.533331
2002-04-10,28.000005,28.240005,27.769996,28.219995,336700,18.81333
2002-04-09,27.589994,28.090004,27.349995,27.979995,247000,18.65333
2002-04-08,26.899996,27.640005,26.749995,27.640005,448000,18.42667
2002-04-05,26.749995,26.849999,26.509995,26.790001,53200,17.860001
2002-04-04,26.299996,26.749995,25.949999,26.749995,102400,17.83333
2002-04-03,26.890005,26.890005,26.320006,26.350004,48300,17.566669
2002-04-02,26.400001,27.040006,26.400001,27.00,84000,18.00
2002-04-01,27.169996,27.169996,26.400001,26.500005,293700,17.66667
2002-03-28,26.209994,27.87,26.209994,27.209999,354300,18.139999
2002-03-27,25.150005,26.64,25.009995,26.64,243000,17.76
2002-03-26,25.800001,25.900005,24.949994,25.150005,162900,16.76667
2002-03-25,25.949999,25.999995,25.650001,25.800001,75900,17.200001
2002-03-22,25.960004,26.149996,25.549996,25.750005,59700,17.16667
2002-03-21,25.660006,26.069999,24.719999,25.999995,97800,17.33333
2002-03-20,25.789996,26.500005,25.360004,26.029996,87600,17.353331
2002-03-19,25.199999,25.789996,25.199999,25.750005,46500,17.16667
2002-03-18,25.480004,25.540006,24.709994,25.199999,71700,16.799999
2002-03-15,25.249995,26.350004,24.99,25.510005,181200,17.00667
2002-03-14,25.180006,25.999995,25.000005,25.920001,137400,17.280001
2002-03-13,24.550006,25.249995,24.550006,25.000005,46300,16.66667
2002-03-12,24.689999,25.099995,24.599999,24.610004,120900,16.40667
2002-03-11,24.719999,25.090004,24.719999,24.719999,113200,16.48
2002-03-08,25.399996,25.399996,24.700004,24.810001,61300,16.540001
2002-03-07,25.099995,25.50,24.850004,25.330004,501400,16.886669
2002-03-06,24.499995,25.099995,24.310006,25.000005,122700,16.66667
2002-03-05,23.749995,24.499995,23.659995,24.499995,247500,16.33333
2002-03-04,24.559994,24.569999,23.809995,23.809995,125200,15.87333
2002-03-01,24.900001,25.060006,24.760005,25.009995,68200,16.67333
2002-02-28,25.000005,25.510005,24.87,24.900001,104100,16.60
2002-02-27,25.009995,25.369995,25.009995,25.249995,46500,16.83333
2002-02-26,24.739995,25.800001,24.36,25.249995,89700,16.83333
2002-02-25,24.99,25.639996,24.739995,25.000005,293700,16.66667
2002-02-22,24.449999,25.120005,24.199994,24.949994,516700,16.633329
2002-02-21,24.150001,24.780001,24.100004,24.48,111000,16.32
2002-02-20,23.890005,24.709994,23.599995,24.100004,587500,16.066669
2002-02-19,24.36,24.36,23.470006,23.710005,198300,15.80667
2002-02-15,24.39,24.409996,23.88,23.899994,95800,15.93333
2002-02-14,24.349995,24.75,23.950005,23.950005,75600,15.96667
2002-02-13,23.899994,24.949994,23.899994,24.550006,179200,16.366671
2002-02-12,22.50,23.950005,22.409999,23.860004,214900,15.90667
2002-02-11,22.89,22.990005,22.409999,22.480004,262300,14.98667
2002-02-08,22.650001,23.089994,22.50,22.900005,38500,15.26667
2002-02-07,22.990005,23.179995,22.600006,22.780005,97900,15.18667
2002-02-06,23.389996,23.389996,22.669995,22.699996,78100,15.13333
2002-02-05,22.77,23.400001,22.690005,23.389996,86700,15.59333
2002-02-04,23.449996,23.449996,22.630005,22.89,251400,15.26
2002-02-01,23.149994,24.499995,23.080005,23.470006,159000,15.64667
2002-01-31,22.840005,23.19,22.469999,23.13,257200,15.42
2002-01-30,22.600006,22.83,22.249995,22.83,100500,15.22
2002-01-29,22.999995,23.37,22.060005,22.249995,324400,14.83333
2002-01-28,23.740005,23.899994,22.26,23.299995,293700,15.53333
2002-01-25,24.27,24.550006,23.419995,23.500005,705600,15.66667
2002-01-24,24.520005,25.000005,24.300001,24.300001,82900,16.200001
2002-01-23,24.160006,24.799996,24.160006,24.799996,84600,16.533331
2002-01-22,24.049996,24.790006,24.00,24.319994,63400,16.213329
2002-01-18,24.949994,25.050001,24.040006,24.040006,300900,16.02667
2002-01-17,25.039996,25.290001,24.949994,25.050001,268900,16.700001
2002-01-16,25.450004,25.510005,24.959999,25.120005,60600,16.74667
2002-01-15,25.210004,25.50,25.189994,25.480004,47400,16.98667
2002-01-14,25.290001,25.579994,25.199999,25.439999,64500,16.959999
2002-01-11,25.26,25.549996,24.839999,25.399996,268000,16.933331
2002-01-10,24.689999,25.300006,24.610004,25.300006,326700,16.866671
2002-01-09,24.700004,25.120005,24.550006,24.760005,151900,16.50667
2002-01-08,25.000005,25.199999,24.310006,24.700004,156700,16.466669
2002-01-07,25.999995,25.999995,24.900001,24.900001,48900,16.60
2002-01-04,25.879995,26.299996,25.690006,26.050006,271000,17.366671
2002-01-03,26.320006,26.749995,25.879995,26.299996,78600,17.533331
2002-01-02,26.770005,26.890005,26.170006,26.400001,166300,17.60
2001-12-31,26.050006,27.180001,25.999995,27.180001,357400,18.120001
2001-12-28,26.01,26.899996,25.999995,26.25,92500,17.50
2001-12-27,27.060001,27.589994,25.960004,25.960004,362200,17.306669
2001-12-26,25.290001,27.649996,25.290001,27.589994,134500,18.39333
2001-12-24,24.799996,25.699994,24.400005,25.699994,21300,17.133329
2001-12-21,24.340004,25.120005,24.150001,24.719999,265800,16.48
2001-12-20,25.210004,25.240005,24.250005,24.259995,169800,16.17333
2001-12-19,24.550006,25.690006,24.250005,25.249995,177400,16.83333
2001-12-18,24.00,24.799996,24.00,24.439994,99300,16.293329
2001-12-17,23.530005,24.150001,23.49,24.100004,267000,16.066669
2001-12-14,24.010005,24.100004,23.43,23.650005,247600,15.76667
2001-12-13,24.199994,24.250005,23.650005,23.959994,28900,15.97333
2001-12-12,24.019996,24.250005,23.659995,23.950005,81000,15.96667
2001-12-11,23.650005,24.169996,23.650005,23.749995,158800,15.83333
2001-12-10,23.500005,24.00,23.299995,23.400001,606600,15.60
2001-12-07,23.099999,24.39,23.099999,23.49,488700,15.66
2001-12-06,23.749995,24.300001,23.099999,23.099999,520900,15.40
2001-12-05,25.50,25.510005,23.500005,23.899994,433300,15.93333
2001-12-04,25.900005,26.219999,25.300006,25.570006,386200,17.046671
2001-12-03,26.350004,26.479995,24.449999,25.660006,198600,17.10667
2001-11-30,25.309994,27.180001,25.309994,26.400001,268200,17.60
2001-11-29,24.400005,26.069999,24.379995,26.040001,120100,17.360001
2001-11-28,24.940006,25.249995,24.490005,24.529996,122500,16.353331
2001-11-27,24.469995,25.099995,24.169996,25.02,83800,16.68
2001-11-26,23.680005,24.63,23.52,24.550006,523900,16.366671
2001-11-23,23.849999,24.12,23.67,23.849999,24100,15.90
2001-11-21,22.11,24.00,22.099995,23.849999,219400,15.90
2001-11-20,22.249995,23.290006,22.009995,22.999995,633000,15.33333
2001-11-19,22.05,22.399994,21.850006,22.360004,990400,14.90667
2001-11-16,22.249995,22.249995,21.610004,22.129995,738900,14.75333
2001-11-15,21.910006,22.62,21.850006,22.38,398200,14.92
2001-11-14,22.900005,22.95,21.81,22.000005,864300,14.66667
2001-11-13,23.149994,23.149994,22.56,22.83,597000,15.22
2001-11-12,22.510005,23.050004,22.510005,22.89,160900,15.26
2001-11-09,22.26,23.200005,22.120005,22.849995,363100,15.23333
2001-11-08,22.999995,23.050004,21.610004,22.399994,960100,14.93333
2001-11-07,21.960001,23.299995,21.39,22.95,1074900,15.30
2001-11-06,24.700004,25.099995,22.210005,22.339994,880500,14.89333
2001-11-05,24.409996,25.199999,24.400005,24.700004,259900,16.466669
2001-11-02,24.87,24.900001,24.449999,24.499995,93100,16.33333
2001-11-01,24.979995,25.000005,24.010005,24.420001,99600,16.280001
2001-10-31,23.509995,25.069994,23.500005,24.430006,171300,16.286671
2001-10-30,24.449999,24.449999,23.460001,23.800004,141400,15.86667
2001-10-29,24.300001,24.730004,23.55,24.199994,379000,16.133329
2001-10-26,25.050001,25.099995,24.310006,24.499995,484500,16.33333
2001-10-25,25.000005,25.290001,24.569999,24.900001,661000,16.60
2001-10-24,25.000005,25.50,24.550006,24.959999,111600,16.639999
2001-10-23,23.800004,25.11,23.350006,24.51,260700,16.34
2001-10-22,23.55,23.88,23.219999,23.650005,940000,15.76667
2001-10-19,24.640005,24.75,22.999995,23.500005,1927800,15.66667
2001-10-18,23.67,24.810001,23.629995,23.899994,1486500,15.93333
2001-10-17,24.109995,24.499995,22.090005,23.099999,1106200,15.40
2001-10-16,25.669996,26.050006,24.019996,24.51,689700,16.34
2001-10-15,26.25,26.599995,25.750005,25.759995,342600,17.17333
2001-10-12,26.449994,26.560006,25.609995,26.160001,388300,17.440001
2001-10-11,26.800006,27.109995,25.759995,26.239995,638200,17.49333
2001-10-10,25.98,26.950004,25.98,26.410006,184200,17.60667
2001-10-09,26.050006,26.050006,25.300006,25.819994,28600,17.213329
2001-10-08,26.179994,26.200004,25.50,25.949999,153600,17.299999
2001-10-05,26.599995,26.599995,24.649996,26.49,206800,17.66
2001-10-04,26.989995,27.850004,26.110004,26.620005,248400,17.74667
2001-10-03,29.219999,29.230004,25.510005,26.88,814000,17.92
2001-10-02,27.959999,31.129995,27.36,28.800001,1480200,19.200001
2001-10-01,27.180001,27.420001,26.839994,27.36,366000,18.24
2001-09-28,27.379995,27.589994,26.849999,27.550006,283800,18.366671
2001-09-27,26.64,27.300001,26.37,27.019996,179500,18.01333
2001-09-26,24.599999,27.36,24.160006,26.779996,190000,17.853331
2001-09-25,24.209999,25.099995,23.849999,24.599999,105100,16.40
2001-09-24,25.690006,26.950004,24.39,24.400005,494200,16.26667
2001-09-21,26.569994,26.969999,25.009995,25.189994,465700,16.793329
2001-09-20,25.750005,27.100004,24.739995,27.060001,277300,18.040001
2001-09-19,25.090004,26.050006,24.739995,25.969995,294700,17.31333
2001-09-18,23.959994,25.090004,23.650005,24.739995,55500,16.49333
2001-09-17,24.259995,25.399996,23.25,23.659995,277000,15.77333
2001-09-10,25.450004,25.600004,24.910006,25.249995,225000,16.83333
2001-09-07,25.000005,25.699994,24.799996,25.50,193800,17.00
2001-09-06,24.719999,25.290001,24.499995,25.009995,127500,16.67333
2001-09-05,23.509995,25.099995,23.380005,24.75,173800,16.50
2001-09-04,23.050004,23.689995,22.990005,23.380005,239200,15.58667
2001-08-31,23.230004,23.230004,22.480004,23.029994,168900,15.35333
2001-08-30,23.350006,23.680005,21.910006,23.239995,453700,15.49333
2001-08-29,23.830005,23.899994,23.110004,23.440005,214600,15.62667
2001-08-28,24.150001,24.349995,23.64,23.849999,242800,15.90
2001-08-27,24.700004,24.790006,23.76,24.209999,266200,16.139999
2001-08-24,25.150005,25.150005,24.559994,25.050001,125500,16.700001
2001-08-23,24.349995,25.23,24.24,25.159996,274600,16.773331
2001-08-22,23.839994,24.540001,23.440005,24.300001,759700,16.200001
2001-08-21,24.250005,25.000005,23.299995,23.359995,712000,15.57333
2001-08-20,26.110004,26.269996,24.199994,24.48,164800,16.32
2001-08-17,26.509995,26.599995,26.059994,26.13,139000,17.42
2001-08-16,27.070006,27.070006,26.260005,26.680006,271800,17.786671
2001-08-15,27.420001,27.700004,27.079994,27.079994,169900,18.053329
2001-08-14,29.400001,29.650005,27.079994,27.420001,453900,18.280001
2001-08-13,28.000005,29.350004,28.000005,28.999995,217600,19.33333
2001-08-10,27.829994,28.23,27.63,27.649996,109600,18.433331
2001-08-09,27.75,28.309994,27.499995,27.499995,211900,18.33333
2001-08-08,28.150005,28.150005,27.799996,28.069994,93600,18.713329
2001-08-07,27.599999,28.079999,27.409996,28.060006,41200,18.706671
2001-08-06,27.449999,28.159996,27.180001,27.490005,69100,18.32667
2001-08-03,27.760005,27.769996,27.250005,27.449999,149400,18.299999
2001-08-02,28.38,28.390005,27.559994,27.780001,105700,18.52
2001-08-01,28.009995,28.699994,28.009995,28.399996,277600,18.933331
2001-07-31,27.250005,28.23,26.599995,27.99,274600,18.66
2001-07-30,26.710004,27.209999,25.349999,26.899996,187300,17.933331
2001-07-27,26.899996,27.089999,26.650005,26.809994,145000,17.873329
2001-07-26,27.180001,27.180001,26.539996,26.770005,109300,17.84667
2001-07-25,27.259995,27.520005,26.509995,26.849999,102400,17.90
2001-07-24,27.019996,27.700004,26.890005,27.420001,333100,18.280001
2001-07-23,26.350004,27.139996,25.999995,26.980004,482500,17.98667
2001-07-20,28.369995,28.369995,25.949999,25.949999,271900,17.299999
2001-07-19,27.649996,28.429994,26.849999,28.199999,681400,18.799999
2001-07-18,27.150001,28.89,27.00,28.150005,1097500,18.76667
2001-07-17,27.00,27.449999,26.699999,27.449999,66100,18.299999
2001-07-16,26.860004,27.329999,25.960004,27.220004,148200,18.146669
2001-07-13,28.050001,28.050001,25.999995,26.449994,53500,17.633329
2001-07-12,30.060001,30.060001,26.550001,27.24,609700,18.16
2001-07-11,28.560001,30.070006,28.300006,29.989995,672900,19.99333
2001-07-10,28.800001,28.800001,28.319999,28.469999,360100,18.98
2001-07-09,28.909996,29.029996,28.600004,28.800001,945400,19.200001
2001-07-06,28.900005,29.059994,28.849995,28.89,719700,19.26
2001-07-05,29.050006,29.099999,28.77,28.960004,710100,19.306669
2001-07-03,27.499995,29.160001,27.070006,28.999995,207100,19.33333
2001-07-02,28.750005,28.750005,27.619995,27.649996,717300,18.433331
2001-06-29,26.740005,30.199994,25.999995,29.550001,805000,19.700001
2001-06-28,25.969995,26.400001,25.549996,25.999995,185800,17.33333
2001-06-27,25.000005,25.949999,25.000005,25.870005,237300,17.24667
2001-06-26,24.580004,25.990005,24.520005,25.50,353800,17.00
2001-06-25,23.659995,25.02,23.650005,24.790006,212200,16.52667
2001-06-22,22.68,24.180001,22.56,23.809995,109200,15.87333
2001-06-21,22.249995,22.630005,22.099995,22.630005,327300,15.08667
2001-06-20,22.009995,22.300004,22.000005,22.150005,424900,14.76667
2001-06-19,22.05,22.590001,21.75,22.060005,552300,14.70667
2001-06-18,22.05,22.099995,21.87,22.099995,335100,14.73333
2001-06-15,22.150005,22.50,21.649994,22.000005,499300,14.66667
2001-06-14,23.719995,24.160006,22.210005,22.249995,255900,14.83333
2001-06-13,22.409999,24.649996,22.349999,24.049996,197100,16.033331
2001-06-12,23.299995,23.299995,22.039995,22.660006,249300,15.10667
2001-06-11,23.230004,24.030001,21.520005,23.509995,235500,15.67333
2001-06-08,24.490005,24.499995,23.029994,23.209994,138700,15.47333
2001-06-07,25.300006,25.300006,24.209999,24.449999,298300,16.299999
2001-06-06,25.450004,25.510005,25.11,25.300006,227700,16.866671
2001-06-05,24.810001,25.759995,24.810001,25.589999,213400,17.059999
2001-06-04,24.229995,25.079999,23.749995,24.799996,111900,16.533331
2001-06-01,22.630005,24.599999,22.000005,24.250005,126100,16.16667
2001-05-31,23.500005,23.839994,22.409999,22.699996,138100,15.13333
2001-05-30,21.049995,23.899994,21.030001,23.400001,396900,15.60
2001-05-29,26.629995,26.699999,21.250005,22.409999,888900,14.94
2001-05-25,26.099999,26.099999,25.750005,25.990005,70600,17.32667
2001-05-24,26.099999,26.149996,25.519996,26.050006,199800,17.366671
2001-05-23,26.299996,26.299996,22.999995,26.099999,1032300,17.40
2001-05-22,28.349999,28.399996,26.119995,26.119995,1118500,17.41333
2001-05-21,24.439994,28.489995,24.010005,28.199999,1686400,18.799999
2001-05-18,24.640005,24.640005,23.260005,24.449999,193000,16.299999
2001-05-17,23.70,25.189994,23.299995,24.520005,202800,16.34667
2001-05-16,22.969995,23.64,22.17,23.629995,104700,15.75333
2001-05-15,23.560005,24.48,22.489995,23.299995,292300,15.53333
2001-05-14,22.17,23.689995,22.030005,23.530005,287200,15.68667
2001-05-11,21.00,22.20,20.800004,21.979995,269400,14.65333
2001-05-10,19.969995,21.790006,19.870005,21.06,290800,14.04
2001-05-09,19.669995,19.930005,19.420004,19.930005,146800,13.28667
2001-05-08,19.939995,20.099999,19.50,19.669995,203200,13.11333
2001-05-07,19.369995,20.059995,19.369995,19.990005,409900,13.32667
2001-05-04,19.50,19.68,19.000005,19.369995,184000,12.91333
2001-05-03,19.11,19.650001,19.05,19.510005,234600,13.00667
2001-05-02,19.26,19.399994,19.000005,19.099995,144300,12.73333
2001-05-01,18.75,19.23,18.75,19.180005,598800,12.78667
2001-04-30,19.000005,19.000005,18.679995,18.850006,580200,12.56667
2001-04-27,18.979995,18.979995,18.649994,18.700005,198400,12.46667
2001-04-26,18.799995,18.940005,18.250005,18.940005,290200,12.62667
2001-04-25,18.550004,19.189995,18.400005,19.099995,123600,12.73333
2001-04-24,19.099995,19.459994,18.559995,18.559995,230400,12.37333
2001-04-23,19.249995,19.44,18.310005,19.000005,518800,12.66667
2001-04-20,20.219999,20.290006,19.789995,19.900005,150100,13.26667
2001-04-19,20.569995,20.929995,20.029994,20.239995,337300,13.49333
2001-04-18,22.099995,22.249995,20.509995,20.509995,412600,13.67333
2001-04-17,20.849999,21.45,20.839994,21.45,134400,14.30
2001-04-16,21.030001,21.079996,20.70,21.00,129600,14.00
2001-04-12,19.80,21.160006,19.600006,20.659995,213600,13.77333
2001-04-11,22.20,22.20,19.50,19.600006,441600,13.06667
2001-04-10,20.749995,22.26,20.710005,22.120005,591100,14.74667
2001-04-09,19.98,20.909999,19.349999,20.789999,325600,13.86
2001-04-06,18.687495,20.312505,18.625005,19.750005,3118900,13.16667
2001-04-05,18.75,18.75,17.749995,18.437505,643500,12.29167
2001-04-04,18.625005,18.75,18.250005,18.75,78000,12.50
2001-04-03,18.625005,19.000005,17.625,18.625005,143200,12.41667
2001-04-02,19.000005,19.3125,18.00,18.625005,146500,12.41667
2001-03-30,18.375,19.6875,18.250005,19.062495,135900,12.70833
2001-03-29,18.1875,18.5625,18.062505,18.375,107800,12.25
2001-03-28,17.4375,18.625005,17.25,18.1875,325500,12.125
2001-03-27,17.312505,17.562495,17.312505,17.4375,54000,11.625
2001-03-26,17.25,17.562495,16.999995,17.25,24100,11.50
2001-03-23,17.671875,17.687505,17.187495,17.500005,27900,11.66667
2001-03-22,17.312505,18.062505,17.187495,17.4375,217300,11.625
2001-03-21,17.4375,17.4375,17.312505,17.4375,106900,11.625
2001-03-20,17.25,17.625,17.187495,17.374995,89100,11.58333
2001-03-19,16.875,17.500005,16.875,17.374995,89100,11.58333
2001-03-16,17.64063,17.749995,16.812495,17.187495,89400,11.45833
2001-03-15,17.64063,18.124995,17.625,17.749995,105000,11.83333
2001-03-14,19.359375,19.437495,17.312505,17.8125,283600,11.875
2001-03-13,19.32813,19.875,19.3125,19.6875,55900,13.125
2001-03-12,19.50,19.999995,19.125,19.375005,61900,12.91667
2001-03-09,19.750005,19.76562,19.249995,19.50,116200,13.00
2001-03-08,20.562495,20.562495,19.937505,19.937505,21700,13.29167
2001-03-07,19.562505,21.375,19.50,20.625,135300,13.75
2001-03-06,19.453125,19.624995,19.000005,19.562505,68200,13.04167
2001-03-05,19.062495,19.875,19.062495,19.249995,47100,12.83333
2001-03-02,19.437495,19.624995,19.000005,19.3125,97300,12.875
2001-03-01,19.187505,19.437495,18.1875,19.437495,320700,12.95833
2001-02-28,19.50,19.6875,18.687495,19.249995,122100,12.83333
2001-02-27,21.234375,21.234375,19.000005,19.50,258000,13.00
2001-02-26,21.874995,21.874995,21.124995,21.124995,110500,14.08333
2001-02-23,21.75,22.062495,21.250005,21.9375,65700,14.625
2001-02-22,22.3125,22.3125,21.250005,21.687495,39700,14.45833
2001-02-21,23.656245,23.687505,22.3125,22.437495,77400,14.95833
2001-02-20,23.04687,24.1875,21.625005,23.625,165900,15.75
2001-02-16,21.499995,23.25,20.500005,22.937505,188100,15.29167
2001-02-15,22.750005,22.750005,21.124995,21.437505,63000,14.29167
2001-02-14,21.515625,22.875,21.499995,22.750005,154500,15.16667
2001-02-13,22.79688,23.25,21.312495,21.687495,280000,14.45833
2001-02-12,21.312495,22.999995,21.124995,22.875,161700,15.25
2001-02-09,22.6875,22.750005,21.312495,21.406245,150700,14.27083
2001-02-08,23.125005,23.25,22.624995,22.70313,162400,15.13542
2001-02-07,23.875005,23.875005,23.125005,23.281245,604500,15.52083
2001-02-06,23.749995,24.499995,23.687505,23.875005,159000,15.91667
2001-02-05,24.1875,24.312495,23.937495,24.062505,129100,16.04167
2001-02-02,24.874995,24.874995,23.749995,24.312495,600900,16.20833
2001-02-01,23.749995,25.000005,23.500005,24.874995,292200,16.58333
2001-01-31,22.999995,23.8125,22.375005,23.749995,422400,15.83333
2001-01-30,21.124995,22.937505,21.10938,22.750005,501400,15.16667
2001-01-29,20.187495,21.00,19.76562,20.937495,226900,13.95833
2001-01-26,20.0625,20.500005,19.750005,19.875,139300,13.25
2001-01-25,18.9375,20.125005,18.874995,20.125005,264100,13.41667
2001-01-24,19.999995,20.4375,18.9375,19.000005,215100,12.66667
2001-01-23,18.625005,20.25,18.57813,19.875,171900,13.25
2001-01-22,18.75,19.125,18.124995,18.124995,90900,12.08333
2001-01-19,18.75,18.75,18.1875,18.499995,70800,12.33333
2001-01-18,18.062505,18.874995,18.00,18.5625,52300,12.375
2001-01-17,17.89062,19.562505,17.875005,18.75,97000,12.50
2001-01-16,17.8125,18.75,17.749995,18.124995,195600,12.08333
2001-01-12,18.499995,18.5625,17.500005,18.124995,275200,12.08333
2001-01-11,19.453125,19.750005,18.124995,18.499995,181200,12.33333
2001-01-10,20.42187,22.50,19.50,19.624995,652600,13.08333
2001-01-09,19.437495,20.625,17.875005,20.625,248200,13.75
2001-01-08,19.000005,19.50,18.437505,19.3125,181000,12.875
2001-01-05,15.499995,19.000005,14.125005,18.499995,558000,12.33333
2001-01-04,17.781255,18.437505,14.937495,16.249995,413700,10.83333
2001-01-03,19.875,19.937505,17.25,18.250005,488500,12.16667
2001-01-02,23.625,24.625005,20.500005,20.749995,286500,13.83333
2000-12-29,24.687495,24.75,21.312495,24.375,358600,16.25
2000-12-28,22.999995,24.437505,22.750005,23.937495,522000,15.95833
2000-12-27,20.312505,22.624995,20.25,22.624995,350400,15.08333
2000-12-26,20.125005,20.98437,19.999995,20.500005,116500,13.66667
2000-12-22,21.00,21.124995,19.999995,20.125005,226200,13.41667
2000-12-21,20.687505,21.062505,20.4375,20.625,150300,13.75
2000-12-20,20.07813,20.937495,19.999995,20.749995,128100,13.83333
2000-12-19,19.750005,21.124995,19.50,21.062505,201000,14.04167
2000-12-18,20.937495,21.250005,19.624995,19.750005,426100,13.16667
2000-12-15,18.9375,19.875,18.75,19.875,243400,13.25
2000-12-14,20.89062,21.124995,17.625,19.50,417100,13.00
2000-12-13,22.125,22.875,20.500005,20.937495,701800,13.95833
2000-12-12,19.812495,21.250005,18.062505,21.124995,571000,14.08333
2000-12-11,21.00,21.00,18.75,19.875,889500,13.25
2000-12-08,16.50,18.124995,16.50,18.00,537100,12.00
2000-12-07,16.85937,16.875,16.375005,16.50,147400,11.00
2000-12-06,16.562505,16.812495,16.3125,16.812495,25800,11.20833
2000-12-05,16.57812,17.125005,16.3125,16.50,70800,11.00
2000-12-04,17.374995,17.500005,16.375005,16.50,220800,11.00
2000-12-01,16.437495,17.0625,15.9375,16.750005,101800,11.16667
2000-11-30,16.437495,17.0625,16.375005,16.50,278200,11.00
2000-11-29,15.625005,16.50,15.499995,16.437495,295500,10.95833
2000-11-28,14.562495,16.000005,14.562495,15.625005,384900,10.41667
2000-11-27,14.4375,14.687505,14.25,14.687505,61900,9.79167
2000-11-24,14.4375,14.687505,14.374995,14.687505,14500,9.79167
2000-11-22,14.374995,14.562495,14.374995,14.4375,21400,9.625
2000-11-21,14.73438,14.73438,14.500005,14.562495,53400,9.70833
2000-11-20,14.749995,14.749995,14.500005,14.749995,12000,9.83333
2000-11-17,14.8125,14.8125,14.374995,14.625,17100,9.75
2000-11-16,14.859375,14.937495,14.625,14.749995,98200,9.83333
2000-11-15,14.92188,15.00,14.625,14.875005,44500,9.91667
2000-11-14,14.82813,15.00,14.625,14.937495,39300,9.95833
2000-11-13,14.500005,14.749995,13.875,14.749995,60400,9.83333
2000-11-10,14.60937,14.625,14.0625,14.500005,32100,9.66667
2000-11-09,14.35938,14.749995,14.0625,14.687505,75600,9.79167
2000-11-08,14.125005,14.187495,14.0625,14.125005,54900,9.41667
2000-11-07,13.999995,14.187495,13.999995,14.187495,75900,9.45833
2000-11-06,14.0625,14.0625,13.937505,13.999995,58300,9.33333
2000-11-03,13.999995,14.125005,13.937505,13.999995,162700,9.33333
2000-11-02,13.999995,14.0625,13.937505,13.999995,119500,9.33333
2000-11-01,14.625,14.625,13.937505,13.999995,184600,9.33333
2000-10-31,13.750005,14.625,13.750005,14.625,706500,9.75
2000-10-30,13.875,13.875,13.624995,13.6875,53700,9.125
2000-10-27,13.750005,14.0625,13.249995,13.624995,119700,9.08333
2000-10-26,13.750005,13.999995,13.624995,13.6875,232000,9.125
2000-10-25,12.75,14.125005,12.75,13.999995,613300,9.33333
2000-10-24,11.578125,13.125,11.500005,12.9375,211800,8.625
2000-10-23,13.640625,13.640625,11.25,12.124995,285700,8.08333
2000-10-20,14.0625,14.125005,13.562505,13.750005,66600,9.16667
2000-10-19,14.0625,14.312505,13.999995,14.125005,68400,9.41667
2000-10-18,14.500005,14.625,13.812495,13.875,233500,9.25
2000-10-17,14.625,15.499995,14.500005,14.749995,21100,9.83333
2000-10-16,15.375,15.375,14.625,14.749995,44100,9.83333
2000-10-13,14.875005,15.375,14.875005,15.250005,55800,10.16667
2000-10-12,16.375005,16.875,14.125005,14.875005,137400,9.91667
2000-10-11,15.75,16.999995,15.375,16.000005,638200,10.66667
2000-10-10,15.10938,15.75,15.062505,15.687495,213700,10.45833
2000-10-09,14.64063,15.062505,14.500005,14.875005,191400,9.91667
2000-10-06,14.625,14.687505,14.4375,14.625,180700,9.75
2000-10-05,14.687505,14.687505,14.500005,14.625,466500,9.75
2000-10-04,14.687505,15.00,14.374995,14.625,321600,9.75
2000-10-03,15.124995,15.124995,14.25,14.8125,249700,9.875
2000-10-02,14.749995,16.624995,14.25,15.00,348000,10.00
2000-09-29,13.531245,14.749995,12.00,13.999995,862500,9.33333
2000-09-28,13.3125,13.875,13.062495,13.50,324400,9.00
2000-09-27,12.812505,13.624995,12.625005,13.50,792900,9.00
2000-09-26,11.500005,13.000005,10.999995,13.000005,435000,8.66667
2000-09-25,10.000005,12.250005,9.375,11.937495,601000,7.95833
2000-09-22,8.0625,10.000005,8.0625,9.874995,285600,6.58333
2000-09-21,8.125005,8.374995,7.937505,8.25,23500,5.50
2000-09-20,7.937505,8.25,7.937505,7.999995,197700,5.33333
2000-09-19,7.875,7.937505,7.812495,7.875,45000,5.25
2000-09-18,7.875,7.999995,7.875,7.999995,181000,5.33333
2000-09-15,7.50,7.875,7.50,7.875,59500,5.25
2000-09-14,7.375005,7.50,7.000005,7.000005,31600,4.66667
2000-09-13,6.874995,7.3125,6.75,7.062495,217000,4.70833
2000-09-12,6.75,6.75,6.75,6.75,100,4.50
2000-09-11,6.874995,6.874995,6.874995,6.874995,700,4.58333
2000-09-08,7.125,7.125,6.687495,6.874995,205800,4.58333
2000-09-07,7.125,7.125,7.000005,7.125,22500,4.75
2000-09-06,7.375005,7.375005,7.062495,7.062495,115500,4.70833
2000-09-05,7.125,7.125,7.125,7.125,1900,4.75
2000-09-01,7.375005,7.375005,7.375005,7.375005,900,4.91667
2000-08-31,7.249995,7.375005,7.062495,7.249995,29700,4.83333
2000-08-30,7.3125,7.50,7.249995,7.249995,65100,4.83333
2000-08-29,7.249995,7.249995,7.249995,7.249995,700,4.83333
2000-08-28,7.125,7.249995,7.125,7.125,11200,4.75
2000-08-25,7.000005,7.249995,7.000005,7.249995,155100,4.83333
2000-08-24,7.125,7.125,6.75,7.125,106600,4.75
2000-08-23,6.874995,7.000005,6.874995,7.000005,6300,4.66667
2000-08-22,7.000005,7.000005,6.874995,6.874995,1200,4.58333
2000-08-21,7.000005,7.125,7.000005,7.000005,94800,4.66667
2000-08-18,7.062495,7.249995,7.000005,7.000005,42300,4.66667
2000-08-17,7.062495,7.249995,7.062495,7.125,55500,4.75
2000-08-16,7.249995,7.249995,7.062495,7.062495,24300,4.70833
2000-08-15,7.375005,7.375005,7.125,7.249995,27400,4.83333
2000-08-14,7.85937,7.875,7.437495,7.50,60900,5.00
2000-08-11,7.6875,7.812495,7.6875,7.750005,34600,5.16667
2000-08-10,7.999995,7.999995,7.6875,7.750005,31600,5.16667
2000-08-09,7.875,8.25,7.875,7.999995,89800,5.33333
2000-08-08,7.375005,7.937505,7.375005,7.937505,62800,5.29167
2000-08-07,7.562505,7.624995,7.50,7.50,10900,5.00
2000-08-04,7.50,7.624995,7.50,7.624995,12300,5.08333
2000-08-03,7.750005,7.750005,7.249995,7.3125,5200,4.875
2000-08-02,7.187505,7.999995,6.874995,7.750005,63900,5.16667
2000-08-01,6.968745,7.624995,6.968745,7.562505,184000,5.04167
2000-07-31,6.968745,6.968745,6.968745,6.968745,700,4.64583
2000-07-28,6.375,6.968745,6.375,6.968745,14100,4.64583
2000-07-27,6.250005,7.000005,6.250005,6.874995,18900,4.58333
2000-07-26,6.250005,6.250005,6.250005,6.250005,100,4.16667
2000-07-25,6.250005,6.250005,6.250005,6.250005,1900,4.16667
2000-07-24,6.499995,6.499995,6.250005,6.250005,11800,4.16667
2000-07-21,6.499995,6.499995,6.499995,6.499995,000,4.33333
2000-07-20,6.75,6.75,6.250005,6.499995,15400,4.33333
2000-07-19,6.312495,6.75,6.312495,6.687495,12000,4.45833
2000-07-18,6.499995,6.499995,6.499995,6.499995,700,4.33333
2000-07-17,6.312495,6.312495,6.312495,6.312495,900,4.20833
2000-07-14,6.124995,6.312495,6.124995,6.250005,20100,4.16667
2000-07-13,6.062505,6.1875,6.062505,6.1875,42000,4.125
2000-07-12,6.00,6.124995,6.00,6.124995,36000,4.08333
2000-07-11,6.062505,6.062505,6.00,6.00,20800,4.00
2000-07-10,6.062505,6.062505,6.062505,6.062505,12700,4.04167
2000-07-07,6.00,6.062505,5.937495,6.062505,18000,4.04167
2000-07-06,6.00,6.00,5.937495,6.00,50400,4.00
2000-07-05,5.875005,5.875005,5.875005,5.875005,5200,3.91667
2000-07-03,5.500005,5.937495,5.25,5.937495,20400,3.95833
2000-06-30,6.00,6.00,5.374995,5.374995,54300,3.58333
2000-06-29,5.625,6.00,5.374995,5.875005,15000,3.91667
2000-06-28,5.625,5.687505,5.374995,5.4375,43300,3.625
2000-06-27,5.875005,6.00,5.500005,5.500005,9700,3.66667
2000-06-26,5.875005,5.875005,5.625,5.625,1200,3.75
2000-06-23,5.687505,5.687505,5.687505,5.687505,2500,3.79167
2000-06-22,5.687505,5.70312,5.687505,5.687505,4800,3.79167
2000-06-21,5.875005,6.00,5.687505,6.00,4300,4.00
2000-06-20,5.875005,5.937495,5.875005,5.875005,1300,3.91667
2000-06-19,6.00,6.00,5.937495,5.937495,1000,3.95833
2000-06-16,6.00,6.062505,6.00,6.062505,26100,4.04167
2000-06-15,6.00,6.062505,6.00,6.062505,2800,4.04167
2000-06-14,6.00,6.00,6.00,6.00,300,4.00
2000-06-13,6.124995,6.124995,6.124995,6.124995,000,4.08333
2000-06-12,6.124995,6.124995,6.124995,6.124995,300,4.08333
2000-06-09,6.00,6.00,6.00,6.00,6000,4.00
2000-06-08,6.062505,6.062505,6.062505,6.062505,3000,4.04167
2000-06-07,6.124995,6.124995,5.937495,5.937495,10500,3.95833
2000-06-06,6.062505,6.1875,6.062505,6.062505,71800,4.04167
2000-06-05,6.1875,6.1875,6.1875,6.1875,32700,4.125
2000-06-02,6.124995,6.124995,5.937495,5.937495,1600,3.95833
2000-06-01,6.124995,6.124995,6.124995,6.124995,8200,4.08333
2000-05-31,5.937495,5.937495,5.937495,5.937495,1900,3.95833
2000-05-30,5.937495,5.937495,5.937495,5.937495,000,3.95833
2000-05-26,5.937495,6.250005,5.937495,5.937495,10600,3.95833
2000-05-25,5.937495,5.937495,5.937495,5.937495,1500,3.95833
2000-05-24,5.937495,5.937495,5.937495,5.937495,24700,3.95833
2000-05-23,6.00,6.250005,6.00,6.250005,1600,4.16667
2000-05-22,5.937495,6.00,5.937495,5.937495,31900,3.95833
2000-05-19,5.937495,5.953125,5.937495,5.937495,6000,3.95833
2000-05-18,6.00,6.00,6.00,6.00,000,4.00
2000-05-17,6.124995,6.124995,5.937495,6.00,11200,4.00
2000-05-16,6.00,6.00,6.00,6.00,4000,4.00
2000-05-15,6.00,6.00,6.00,6.00,15100,4.00
2000-05-12,5.875005,6.00,5.875005,6.00,9400,4.00
2000-05-11,6.00,6.00,5.937495,5.937495,3600,3.95833
2000-05-10,5.968755,6.00,5.968755,6.00,8200,4.00
2000-05-09,5.937495,6.00,5.875005,6.00,26100,4.00
2000-05-08,5.875005,6.00,5.875005,6.00,83200,4.00
2000-05-05,5.875005,5.875005,5.875005,5.875005,4800,3.91667
2000-05-04,5.875005,6.00,5.875005,6.00,15100,4.00
2000-05-03,5.875005,5.875005,5.749995,5.749995,83700,3.83333
2000-05-02,5.749995,5.937495,5.749995,5.937495,90100,3.95833
2000-05-01,5.875005,5.875005,5.875005,5.875005,97200,3.91667
2000-04-28,5.749995,5.843745,5.749995,5.843745,4800,3.89583
2000-04-27,6.00,6.00,5.687505,5.749995,14800,3.83333
2000-04-26,6.124995,6.437505,6.00,6.312495,23500,4.20833
2000-04-25,6.09375,6.09375,5.875005,5.875005,20800,3.91667
2000-04-24,6.124995,6.124995,6.10938,6.124995,1000,4.08333
2000-04-20,6.062505,6.124995,6.062505,6.09375,13500,4.0625
2000-04-19,5.281245,6.124995,5.25,5.875005,30900,3.91667
2000-04-18,5.4375,5.4375,5.25,5.25,19200,3.50
2000-04-17,5.0625,5.500005,4.999995,5.25,16500,3.50
2000-04-14,5.374995,5.374995,4.750005,4.750005,37900,3.16667
2000-04-13,5.625,5.749995,5.500005,5.500005,17800,3.66667
2000-04-12,5.749995,5.749995,5.749995,5.749995,4000,3.83333
2000-04-11,5.749995,6.00,5.749995,5.937495,5200,3.95833
2000-04-10,5.968755,5.968755,5.749995,5.8125,26100,3.875
2000-04-07,6.00,6.00,5.937495,5.937495,6400,3.95833
2000-04-06,6.00,6.00,6.00,6.00,7900,4.00
2000-04-05,5.968755,5.968755,5.937495,5.937495,47400,3.95833
2000-04-04,5.937495,6.00,5.937495,5.937495,27700,3.95833
2000-04-03,6.00,6.00,5.937495,5.937495,37200,3.95833
2000-03-31,6.062505,6.124995,5.875005,5.875005,171000,3.91667
2000-03-30,6.124995,6.124995,6.00,6.00,28000,4.00
2000-03-29,6.031245,6.75,6.031245,6.437505,64800,4.29167
2000-03-28,6.00,6.124995,6.00,6.124995,91500,4.08333
2000-03-27,6.250005,6.375,6.00,6.250005,211800,4.16667
2000-03-24,6.250005,6.437505,6.250005,6.375,2100,4.25
2000-03-23,6.375,6.375,6.250005,6.250005,13000,4.16667
2000-03-22,6.375,6.375,6.250005,6.250005,28000,4.16667
2000-03-21,6.375,6.375,6.375,6.375,2200,4.25
2000-03-20,5.937495,6.499995,5.937495,6.250005,49900,4.16667
2000-03-17,5.937495,6.00,5.749995,5.749995,33900,3.83333
2000-03-16,6.20313,6.218745,5.875005,6.00,66900,4.00
2000-03-15,6.250005,6.375,6.1875,6.218745,103600,4.14583
2000-03-14,6.250005,6.250005,6.250005,6.250005,700,4.16667
2000-03-13,6.375,6.375,6.250005,6.250005,3100,4.16667
2000-03-10,6.375,6.375,6.250005,6.375,3100,4.25
2000-03-09,6.1875,6.312495,6.1875,6.312495,4300,4.20833
2000-03-08,6.312495,6.375,6.124995,6.124995,3400,4.08333
2000-03-07,6.375,6.375,6.250005,6.312495,7300,4.20833
2000-03-06,6.312495,6.499995,6.250005,6.375,21100,4.25
2000-03-03,6.250005,6.375,6.250005,6.375,14200,4.25
2000-03-02,6.343755,6.437505,6.250005,6.375,12900,4.25
2000-03-01,6.250005,6.499995,6.1875,6.375,117300,4.25
2000-02-29,6.531255,6.5625,6.250005,6.250005,18300,4.16667
2000-02-28,6.531255,6.5625,6.499995,6.499995,10900,4.33333
2000-02-25,6.625005,6.687495,6.312495,6.499995,42100,4.33333
2000-02-24,6.9375,6.9375,6.062505,6.375,181200,4.25
2000-02-23,6.812505,6.812505,6.625005,6.812505,148300,4.54167
2000-02-22,6.874995,7.125,6.375,6.812505,250300,4.54167
2000-02-18,5.625,5.625,5.625,5.625,000,3.75
2000-02-17,5.749995,5.875005,5.4375,5.625,99900,3.75
2000-02-16,5.562495,6.250005,5.562495,5.749995,19500,3.83333
2000-02-15,5.187495,5.562495,5.187495,5.500005,73500,3.66667
2000-02-14,6.124995,6.124995,4.999995,4.999995,59200,3.33333
2000-02-11,6.124995,6.1875,6.00,6.00,12100,4.00
2000-02-10,6.499995,6.499995,5.875005,6.437505,478600,4.29167
2000-02-09,6.75,6.75,6.625005,6.75,15900,4.50
2000-02-08,6.812505,6.812505,6.812505,6.812505,6000,4.54167
2000-02-07,6.874995,6.874995,6.874995,6.874995,10600,4.58333
2000-02-04,6.687495,6.687495,6.687495,6.687495,300,4.45833
2000-02-03,6.687495,6.687495,6.687495,6.687495,1500,4.45833
2000-02-02,6.75,6.75,6.687495,6.687495,2400,4.45833
2000-02-01,6.687495,6.9375,6.687495,6.812505,17200,4.54167
2000-01-31,6.625005,6.687495,6.625005,6.687495,3600,4.45833
2000-01-28,6.625005,6.625005,6.625005,6.625005,1200,4.41667
2000-01-27,6.75,6.75,6.75,6.75,3000,4.50
2000-01-26,6.75,6.75,6.75,6.75,5200,4.50
2000-01-25,6.625005,6.874995,6.625005,6.874995,4800,4.58333
2000-01-24,6.75,6.75,6.75,6.75,3000,4.50
2000-01-21,6.499995,6.499995,6.499995,6.499995,700,4.33333
2000-01-20,6.499995,6.499995,6.499995,6.499995,600,4.33333
2000-01-19,6.75,6.75,6.499995,6.499995,4000,4.33333
2000-01-18,6.874995,7.125,6.499995,6.499995,7200,4.33333
2000-01-14,6.874995,6.874995,6.874995,6.874995,000,4.58333
2000-01-13,6.874995,6.874995,6.874995,6.874995,3600,4.58333
2000-01-12,6.874995,6.968745,6.625005,6.75,16500,4.50
2000-01-11,7.03125,7.062495,7.03125,7.062495,1800,4.70833
2000-01-10,7.125,7.125,6.874995,6.874995,7500,4.58333
2000-01-07,6.437505,7.125,6.375,6.75,78300,4.50
2000-01-06,6.75,6.9375,6.75,6.9375,3900,4.625
2000-01-05,6.250005,6.250005,6.250005,6.250005,700,4.16667
2000-01-04,6.499995,6.499995,6.250005,6.250005,8400,4.16667
2000-01-03,6.250005,6.250005,6.250005,6.250005,100,4.16667
1999-12-31,6.499995,6.499995,6.499995,6.499995,100,4.33333
1999-12-30,6.00,6.375,6.00,6.375,6700,4.25
1999-12-29,6.687495,6.687495,5.625,6.00,9000,4.00
1999-12-28,6.687495,6.812505,6.687495,6.687495,15400,4.45833
1999-12-27,6.718755,6.75,6.687495,6.687495,9000,4.45833
1999-12-23,6.874995,6.874995,6.874995,6.874995,000,4.58333
1999-12-22,6.874995,6.874995,6.874995,6.874995,300,4.58333
1999-12-21,6.687495,6.687495,6.687495,6.687495,3600,4.45833
1999-12-20,6.687495,6.687495,6.5625,6.625005,9000,4.41667
1999-12-17,7.187505,7.187505,6.687495,6.75,8200,4.50
1999-12-16,7.249995,7.249995,7.187505,7.187505,2200,4.79167
1999-12-15,7.875,7.875,7.375005,7.375005,21400,4.91667
1999-12-14,7.562505,7.999995,7.562505,7.6875,28200,5.125
1999-12-13,7.999995,7.999995,7.562505,7.562505,28900,5.04167
1999-12-10,7.562505,7.999995,7.562505,7.875,19600,5.25
1999-12-09,7.50,7.624995,7.50,7.624995,26200,5.08333
1999-12-08,7.249995,7.750005,7.249995,7.50,16200,5.00
1999-12-07,6.9375,7.437495,6.9375,7.437495,33100,4.95833
1999-12-06,6.9375,6.9375,6.9375,6.9375,1500,4.625
1999-12-03,6.874995,7.125,6.874995,6.874995,9000,4.58333
1999-12-02,6.874995,8.125005,6.499995,7.000005,105600,4.66667
1999-12-01,6.75,6.874995,6.625005,6.625005,1900,4.41667
1999-11-30,6.062505,6.75,6.062505,6.75,43300,4.50
1999-11-29,5.8125,6.062505,5.8125,5.937495,9600,3.95833
1999-11-26,5.749995,5.749995,5.749995,5.749995,300,3.83333
1999-11-24,5.500005,5.500005,5.500005,5.500005,700,3.66667
1999-11-23,5.500005,5.500005,5.500005,5.500005,600,3.66667
1999-11-22,5.25,5.4375,5.25,5.374995,3000,3.58333
1999-11-19,5.4375,5.500005,5.25,5.25,6100,3.50
1999-11-18,5.312505,5.500005,5.25,5.25,5800,3.50
1999-11-17,5.187495,5.625,5.187495,5.374995,4900,3.58333
1999-11-16,5.374995,5.4375,5.125005,5.125005,26800,3.41667
1999-11-15,5.625,5.749995,5.625,5.749995,7500,3.83333
1999-11-12,5.312505,5.625,5.312505,5.625,6900,3.75
1999-11-11,5.500005,5.500005,5.312505,5.312505,1200,3.54167
1999-11-10,5.500005,5.500005,5.500005,5.500005,10200,3.66667
1999-11-09,6.124995,6.250005,5.625,6.124995,14400,4.08333
1999-11-08,5.749995,6.250005,5.749995,6.250005,8500,4.16667
1999-11-05,5.875005,6.00,5.374995,5.875005,25600,3.91667
1999-11-04,6.00,6.062505,5.687505,5.8125,19000,3.875
1999-11-03,6.00,6.00,6.00,6.00,7800,4.00
1999-11-02,6.00,6.00,6.00,6.00,300,4.00
1999-11-01,6.00,6.00,5.875005,5.875005,900,3.91667
1999-10-29,6.250005,6.250005,6.124995,6.124995,6000,4.08333
1999-10-28,6.375,6.375,6.375,6.375,000,4.25
1999-10-27,6.375,6.375,6.375,6.375,300,4.25
1999-10-26,6.437505,7.000005,6.437505,6.812505,12300,4.54167
1999-10-25,6.250005,6.437505,6.124995,6.437505,12400,4.29167
1999-10-22,5.687505,6.250005,5.687505,6.250005,17200,4.16667
1999-10-21,5.749995,5.749995,5.625,5.687505,38500,3.79167
1999-10-20,6.062505,6.062505,6.062505,6.062505,100,4.04167
1999-10-19,6.124995,6.375,6.00,6.00,14800,4.00
1999-10-18,5.25,6.375,5.25,6.375,24100,4.25
1999-10-15,5.937495,5.937495,5.125005,5.25,1900,3.50
1999-10-14,5.749995,5.8125,5.500005,5.562495,1800,3.70833
1999-10-13,6.1875,6.1875,6.00,6.00,2200,4.00
1999-10-12,6.250005,6.437505,6.124995,6.375,9400,4.25
1999-10-11,6.00,6.250005,6.00,6.250005,3100,4.16667
1999-10-08,6.00,6.00,6.00,6.00,900,4.00
1999-10-07,6.250005,6.250005,6.00,6.124995,28200,4.08333
1999-10-06,6.250005,6.250005,6.250005,6.250005,100,4.16667
1999-10-05,6.312495,6.312495,6.312495,6.312495,000,4.20833
1999-10-04,6.375,6.375,6.250005,6.312495,47500,4.20833
1999-10-01,6.250005,6.312495,6.250005,6.250005,18700,4.16667
1999-09-30,6.375,6.375,6.375,6.375,400,4.25
1999-09-29,6.437505,6.9375,6.375,6.375,284100,4.25
1999-09-28,6.499995,6.499995,6.499995,6.499995,15000,4.33333
1999-09-27,6.437505,6.499995,6.437505,6.499995,66400,4.33333
1999-09-24,6.437505,6.437505,6.437505,6.437505,600,4.29167
1999-09-23,6.625005,6.625005,6.625005,6.625005,000,4.41667
1999-09-22,6.75,6.812505,6.375,6.625005,18700,4.41667
1999-09-21,6.75,6.75,6.75,6.75,400,4.50
1999-09-20,6.625005,6.75,6.499995,6.499995,31000,4.33333
1999-09-17,6.75,6.75,6.75,6.75,000,4.50
1999-09-16,6.75,6.75,6.75,6.75,2200,4.50
1999-09-15,6.625005,7.062495,6.625005,7.062495,11700,4.70833
1999-09-14,6.75,6.75,6.75,6.75,000,4.50
1999-09-13,6.874995,7.000005,6.75,6.75,22800,4.50
1999-09-10,7.000005,7.000005,7.000005,7.000005,000,4.66667
1999-09-09,7.000005,7.000005,7.000005,7.000005,3000,4.66667
1999-09-08,6.75,6.874995,6.75,6.812505,13900,4.54167
1999-09-07,6.75,6.75,6.75,6.75,3000,4.50
1999-09-03,6.75,7.000005,6.75,7.000005,8500,4.66667
1999-09-02,7.000005,7.000005,6.75,6.75,6700,4.50
1999-09-01,6.874995,7.000005,6.874995,7.000005,3600,4.66667
1999-08-31,6.874995,7.375005,6.75,7.375005,57300,4.91667
1999-08-30,6.75,6.75,6.75,6.75,100,4.50
1999-08-27,6.874995,6.874995,6.75,6.75,6000,4.50
1999-08-26,6.75,6.812505,6.75,6.812505,25200,4.54167
1999-08-25,6.75,6.75,6.75,6.75,4000,4.50
1999-08-24,6.75,6.75,6.75,6.75,3000,4.50
1999-08-23,6.812505,6.874995,6.75,6.812505,27000,4.54167
1999-08-20,6.75,6.874995,6.75,6.874995,23800,4.58333
1999-08-19,6.75,6.75,6.75,6.75,1500,4.50
1999-08-18,6.75,6.75,6.75,6.75,700,4.50
1999-08-17,6.75,6.75,6.75,6.75,100,4.50
1999-08-16,6.75,6.812505,6.75,6.812505,29500,4.54167
1999-08-13,6.75,6.812505,6.75,6.812505,8500,4.54167
1999-08-12,6.75,6.75,6.75,6.75,3300,4.50
1999-08-11,6.75,6.75,6.75,6.75,700,4.50
1999-08-10,6.75,7.000005,6.75,6.75,64900,4.50
1999-08-09,6.75,6.812505,6.75,6.75,55500,4.50
1999-08-06,6.874995,6.874995,6.75,6.812505,39000,4.54167
1999-08-05,6.812505,6.812505,6.75,6.812505,2400,4.54167
1999-08-04,7.125,7.125,6.75,6.75,16500,4.50
1999-08-03,7.000005,7.249995,6.75,6.75,35200,4.50
1999-08-02,6.375,6.874995,6.375,6.812505,19900,4.54167
1999-07-30,6.312495,6.375,6.312495,6.375,6900,4.25
1999-07-29,6.437505,6.499995,6.250005,6.250005,49500,4.16667
1999-07-28,7.000005,7.000005,5.656245,6.00,183600,4.00
1999-07-27,7.062495,7.062495,7.062495,7.062495,000,4.70833
1999-07-26,7.062495,7.062495,7.062495,7.062495,2100,4.70833
1999-07-23,7.249995,7.3125,7.062495,7.062495,3400,4.70833
1999-07-22,7.125,7.624995,7.000005,7.3125,50100,4.875
1999-07-21,7.375005,7.624995,7.125,7.125,7000,4.75
1999-07-20,7.375005,7.6875,7.375005,7.375005,3700,4.91667
1999-07-19,7.50,7.562505,7.375005,7.375005,24300,4.91667
1999-07-16,7.375005,7.50,7.375005,7.50,13000,5.00
1999-07-15,7.50,7.50,7.375005,7.50,32400,5.00
1999-07-14,7.375005,7.50,7.375005,7.50,12000,5.00
1999-07-13,7.3125,7.50,7.3125,7.50,600,5.00
1999-07-12,7.3125,7.3125,7.3125,7.3125,100,4.875
1999-07-09,7.50,7.750005,7.50,7.50,16200,5.00
1999-07-08,7.50,7.50,7.249995,7.249995,23200,4.83333
1999-07-07,7.375005,7.624995,7.062495,7.624995,34500,5.08333
1999-07-06,7.249995,8.125005,7.249995,8.125005,40800,5.41667
1999-07-02,7.50,7.50,7.50,7.50,300,5.00
1999-07-01,7.562505,7.562505,7.562505,7.562505,1500,5.04167
1999-06-30,7.999995,7.999995,7.562505,7.562505,3600,5.04167
1999-06-29,7.624995,7.750005,7.562505,7.562505,10900,5.04167
1999-06-28,7.875,7.875,7.50,7.50,13600,5.00
1999-06-25,7.875,7.875,7.750005,7.750005,3900,5.16667
1999-06-24,8.25,8.25,7.875,7.875,7200,5.25
1999-06-23,8.25,8.374995,8.25,8.374995,1900,5.58333
1999-06-22,8.25,8.749995,7.999995,8.500005,77800,5.66667
1999-06-21,7.875,7.999995,7.875,7.875,9000,5.25
1999-06-18,7.50,7.999995,7.50,7.875,10200,5.25
1999-06-17,7.249995,7.50,7.249995,7.249995,1600,4.83333
1999-06-16,7.000005,7.50,7.000005,7.3125,9400,4.875
1999-06-15,6.124995,7.000005,6.124995,6.874995,47400,4.58333
1999-06-14,6.437505,6.5625,6.124995,6.5625,9700,4.375
1999-06-11,6.499995,6.499995,6.124995,6.499995,16300,4.33333
1999-06-10,6.499995,6.499995,6.124995,6.375,36600,4.25
1999-06-09,6.124995,6.124995,6.124995,6.124995,100,4.08333
1999-06-08,6.124995,6.124995,6.124995,6.124995,300,4.08333
1999-06-07,6.499995,6.499995,6.124995,6.499995,4300,4.33333
1999-06-04,6.124995,6.124995,6.124995,6.124995,300,4.08333
1999-06-03,6.00,6.250005,6.00,6.250005,7500,4.16667
1999-06-02,6.00,6.375,6.00,6.124995,7200,4.08333
1999-06-01,6.499995,6.499995,6.124995,6.250005,28000,4.16667
1999-05-28,6.75,6.75,6.625005,6.625005,600,4.41667
1999-05-27,6.812505,6.9375,6.75,6.75,8100,4.50
1999-05-26,6.9375,6.9375,6.9375,6.9375,000,4.625
1999-05-25,6.9375,6.9375,6.9375,6.9375,000,4.625
1999-05-24,6.9375,6.9375,6.9375,6.9375,1000,4.625
1999-05-21,6.874995,6.9375,6.874995,6.9375,1800,4.625
1999-05-20,6.874995,6.874995,6.874995,6.874995,1500,4.58333
1999-05-19,6.874995,6.9375,6.874995,6.874995,11700,4.58333
1999-05-18,6.874995,6.9375,6.874995,6.906255,11700,4.60417
1999-05-17,6.9375,6.9375,6.874995,6.874995,3700,4.58333
1999-05-14,6.874995,6.874995,6.874995,6.874995,3000,4.58333
1999-05-13,6.874995,6.874995,6.874995,6.874995,1500,4.58333
1999-05-12,6.874995,6.874995,6.874995,6.874995,000,4.58333
1999-05-11,6.874995,6.874995,6.874995,6.874995,400,4.58333
1999-05-10,6.812505,6.9375,6.812505,6.874995,27700,4.58333
1999-05-07,6.812505,6.9375,6.812505,6.812505,6600,4.54167
1999-05-06,6.874995,6.874995,6.812505,6.874995,10600,4.58333
1999-05-05,6.75,7.000005,6.75,6.75,29500,4.50
1999-05-04,6.75,6.75,6.75,6.75,9300,4.50
1999-05-03,6.75,6.874995,6.75,6.874995,6700,4.58333
1999-04-30,6.75,6.874995,6.75,6.874995,31300,4.58333
1999-04-29,6.75,6.75,6.75,6.75,15400,4.50
1999-04-28,6.75,6.75,6.75,6.75,3700,4.50
1999-04-27,6.75,6.874995,6.75,6.874995,20200,4.58333
1999-04-26,6.75,7.000005,6.75,6.75,10800,4.50
1999-04-23,6.687495,6.9375,6.687495,6.75,32200,4.50
1999-04-22,6.499995,6.75,6.499995,6.75,432000,4.50
1999-04-21,6.375,6.75,6.375,6.499995,83500,4.33333
1999-04-20,6.531255,6.54687,6.375,6.375,15100,4.25
1999-04-19,6.5625,6.5625,6.375,6.375,3700,4.25
1999-04-16,6.5625,6.75,6.5625,6.75,3400,4.50
1999-04-15,6.625005,6.625005,6.625005,6.625005,000,4.41667
1999-04-14,6.499995,6.625005,6.499995,6.625005,4900,4.41667
1999-04-13,6.687495,6.812505,6.499995,6.499995,67200,4.33333
1999-04-12,6.687495,6.687495,6.625005,6.625005,3600,4.41667
1999-04-09,6.75,6.75,6.625005,6.687495,5800,4.45833
1999-04-08,6.687495,6.75,6.625005,6.687495,68500,4.45833
1999-04-07,6.625005,6.625005,6.625005,6.625005,900,4.41667
1999-04-06,7.125,7.125,6.625005,6.687495,60000,4.45833
1999-04-05,7.000005,7.000005,7.000005,7.000005,3000,4.66667
1999-04-01,7.000005,7.125,6.874995,7.125,30900,4.75
1999-03-31,7.000005,7.000005,7.000005,7.000005,31000,4.66667
1999-03-30,7.249995,7.249995,7.000005,7.000005,6700,4.66667
1999-03-29,6.499995,7.375005,6.499995,7.000005,75400,4.66667
1999-03-26,6.499995,6.75,6.499995,6.499995,13500,4.33333
1999-03-25,6.625005,6.75,6.499995,6.75,38200,4.50
1999-03-24,7.000005,7.000005,6.625005,6.75,38700,4.50
1999-03-23,7.000005,7.375005,7.000005,7.000005,68200,4.66667
1999-03-22,7.125,7.125,7.000005,7.000005,5700,4.66667
1999-03-19,7.125,7.249995,7.125,7.249995,700,4.83333
1999-03-18,7.375005,7.375005,7.125,7.125,3100,4.75
1999-03-17,7.50,7.50,7.249995,7.249995,3100,4.83333
1999-03-16,7.375005,7.50,7.375005,7.50,14800,5.00
1999-03-15,7.562505,7.6875,7.562505,7.6875,6300,5.125
1999-03-12,7.125,7.624995,7.125,7.624995,29400,5.08333
1999-03-11,7.062495,7.062495,7.062495,7.062495,68400,4.70833
1999-03-10,7.562505,7.562505,7.125,7.249995,6300,4.83333
1999-03-09,7.812495,7.875,7.624995,7.624995,82800,5.08333
1999-03-08,7.999995,8.0625,7.875,7.875,77700,5.25
1999-03-05,7.999995,7.999995,7.999995,7.999995,700,5.33333
1999-03-04,8.125005,8.312505,7.999995,7.999995,9400,5.33333
1999-03-03,8.25,8.374995,8.125005,8.25,82600,5.50
1999-03-02,8.749995,8.749995,8.374995,8.374995,16500,5.58333
1999-03-01,8.749995,8.875005,8.749995,8.875005,7500,5.91667
1999-02-26,8.749995,8.937495,8.749995,8.749995,253500,5.83333
1999-02-25,9.00,9.00,8.749995,8.749995,327000,5.83333
1999-02-24,9.124995,9.124995,9.00,9.00,75900,6.00
1999-02-23,9.1875,9.250005,9.00,9.250005,32200,6.16667
1999-02-22,9.250005,9.375,9.1875,9.343755,25800,6.22917
1999-02-19,9.124995,9.250005,9.124995,9.250005,11400,6.16667
1999-02-18,9.1875,9.1875,9.062505,9.124995,106000,6.08333
1999-02-17,9.250005,9.375,9.062505,9.062505,18100,6.04167
1999-02-16,9.062505,9.124995,9.062505,9.124995,4800,6.08333
1999-02-12,9.124995,9.124995,9.00,9.09375,40900,6.0625
1999-02-11,9.062505,9.156255,9.062505,9.156255,8700,6.10417
1999-02-10,9.124995,9.124995,8.937495,9.09375,55600,6.0625
1999-02-09,8.875005,9.124995,8.875005,8.937495,5500,5.95833
1999-02-08,8.500005,9.250005,8.374995,9.124995,41500,6.08333
1999-02-05,8.500005,9.499995,8.25,8.749995,39000,5.83333
1999-02-04,8.125005,8.500005,8.0625,8.500005,59200,5.66667
1999-02-03,8.0625,8.187495,8.0625,8.0625,26700,5.375
1999-02-02,8.0625,8.125005,8.0625,8.125005,22900,5.41667
1999-02-01,8.0625,8.187495,8.0625,8.187495,15100,5.45833
1999-01-29,7.999995,8.187495,7.999995,8.125005,137200,5.41667
1999-01-28,8.25,8.25,8.25,8.25,15400,5.50
1999-01-27,7.624995,7.999995,7.624995,7.999995,14100,5.33333
1999-01-26,7.624995,7.875,7.624995,7.624995,1800,5.08333
1999-01-25,7.624995,7.875,7.624995,7.875,5200,5.25
1999-01-22,7.624995,7.750005,7.624995,7.624995,17700,5.08333
1999-01-21,7.750005,7.999995,7.624995,7.624995,6400,5.08333
1999-01-20,7.375005,7.750005,7.249995,7.624995,75900,5.08333
1999-01-19,7.125,7.375005,7.125,7.3125,78400,4.875
1999-01-15,7.125,7.125,7.125,7.125,5200,4.75
1999-01-14,7.50,7.50,7.125,7.249995,30700,4.83333
1999-01-13,7.125,7.50,7.125,7.50,80400,5.00
1999-01-12,7.375005,7.50,7.249995,7.437495,150700,4.95833
1999-01-11,7.375005,7.437495,7.249995,7.375005,19600,4.91667
1999-01-08,7.249995,7.249995,7.249995,7.249995,4800,4.83333
1999-01-07,7.437495,7.437495,7.062495,7.062495,19000,4.70833
1999-01-06,7.062495,7.187505,7.062495,7.062495,11100,4.70833
1999-01-05,7.000005,7.187505,7.000005,7.187505,4000,4.79167
1999-01-04,7.000005,7.187505,7.000005,7.187505,4600,4.79167
1998-12-31,7.375005,7.375005,7.187505,7.375005,3400,4.91667
1998-12-30,7.000005,7.249995,7.000005,7.125,19000,4.75
1998-12-29,7.062495,7.125,7.062495,7.125,12900,4.75
1998-12-28,7.000005,7.125,7.000005,7.125,6100,4.75
1998-12-24,7.125,7.249995,7.125,7.249995,5700,4.83333
1998-12-23,7.125,7.125,7.125,7.125,9400,4.75
1998-12-22,7.125,7.249995,7.000005,7.249995,43300,4.83333
1998-12-21,7.249995,7.249995,7.125,7.125,6600,4.75
1998-12-18,7.125,7.249995,7.062495,7.125,115900,4.75
1998-12-17,7.125,7.249995,7.125,7.187505,7300,4.79167
1998-12-16,7.249995,7.375005,7.125,7.281255,149800,4.85417
1998-12-15,7.249995,7.3125,7.249995,7.3125,18300,4.875
1998-12-14,7.375005,7.375005,7.375005,7.375005,000,4.91667
1998-12-11,7.249995,7.375005,7.249995,7.375005,18400,4.91667
1998-12-10,7.249995,7.437495,7.249995,7.249995,21600,4.83333
1998-12-09,7.437495,7.50,7.249995,7.249995,69000,4.83333
1998-12-08,7.249995,7.249995,7.249995,7.249995,3000,4.83333
1998-12-07,7.375005,7.437495,7.249995,7.437495,8500,4.95833
1998-12-04,7.249995,7.375005,7.249995,7.375005,300,4.91667
1998-12-03,7.3125,7.3125,7.249995,7.249995,5400,4.83333
1998-12-02,7.249995,7.50,7.249995,7.375005,11800,4.91667
1998-12-01,7.3125,7.375005,7.3125,7.375005,44200,4.91667
1998-11-30,7.3125,7.437495,7.3125,7.437495,6600,4.95833
1998-11-27,7.3125,7.50,7.3125,7.50,11500,5.00
1998-11-25,7.375005,7.375005,7.3125,7.375005,4600,4.91667
1998-11-24,7.3125,7.437495,7.3125,7.375005,34200,4.91667
1998-11-23,7.50,7.50,7.249995,7.375005,26100,4.91667
1998-11-20,7.375005,7.50,7.125,7.50,19900,5.00
1998-11-19,7.062495,7.125,7.062495,7.125,32800,4.75
1998-11-18,7.000005,7.125,7.000005,7.125,5400,4.75
1998-11-17,7.125,7.125,7.125,7.125,000,4.75
1998-11-16,7.000005,7.125,6.874995,7.125,25300,4.75
1998-11-13,6.874995,6.874995,6.874995,6.874995,4500,4.58333
1998-11-12,6.687495,6.9375,6.687495,6.75,78600,4.50
1998-11-11,6.75,6.812505,6.75,6.812505,7300,4.54167
1998-11-10,6.75,6.75,6.687495,6.687495,7200,4.45833
1998-11-09,6.687495,6.75,6.687495,6.687495,15700,4.45833
1998-11-06,6.812505,6.812505,6.625005,6.625005,44700,4.41667
1998-11-05,6.874995,7.000005,6.812505,6.812505,4500,4.54167
1998-11-04,6.499995,6.75,6.499995,6.75,11400,4.50
1998-11-03,6.499995,6.75,6.499995,6.625005,18400,4.41667
1998-11-02,6.75,6.75,6.75,6.75,1500,4.50
1998-10-30,6.499995,6.499995,6.499995,6.499995,000,4.33333
1998-10-29,6.499995,6.499995,6.499995,6.499995,6000,4.33333
1998-10-28,6.687495,6.75,6.499995,6.75,100800,4.50
1998-10-27,6.75,6.75,6.625005,6.75,39300,4.50
1998-10-26,7.249995,7.249995,6.75,6.75,74400,4.50
1998-10-23,7.125,7.125,7.125,7.125,100,4.75
1998-10-22,7.125,7.249995,7.125,7.249995,8400,4.83333
1998-10-21,7.50,7.50,7.125,7.125,9400,4.75
1998-10-20,7.249995,7.50,7.249995,7.249995,15400,4.83333
1998-10-19,7.50,7.50,7.000005,7.50,22500,5.00
1998-10-16,7.125,7.50,7.000005,7.000005,11400,4.66667
1998-10-15,7.000005,7.50,6.75,7.50,20100,5.00
1998-10-14,7.000005,7.000005,6.75,6.75,1800,4.50
1998-10-13,7.000005,7.125,6.75,6.75,4500,4.50
1998-10-12,7.000005,7.062495,7.000005,7.062495,7000,4.70833
1998-10-09,7.375005,7.375005,7.000005,7.062495,26500,4.70833
1998-10-08,7.50,7.50,7.125,7.125,21700,4.75
1998-10-07,7.624995,7.875,7.624995,7.812495,79200,5.20833
1998-10-06,7.750005,7.750005,7.375005,7.50,18000,5.00
1998-10-05,7.000005,7.624995,7.000005,7.624995,12100,5.08333
1998-10-02,7.000005,7.249995,7.000005,7.249995,9000,4.83333
1998-10-01,7.000005,7.187505,7.000005,7.125,27400,4.75
1998-09-30,6.75,6.874995,6.75,6.874995,33000,4.58333
1998-09-29,6.499995,6.499995,6.499995,6.499995,1500,4.33333
1998-09-28,6.75,6.874995,6.75,6.874995,8100,4.58333
1998-09-25,6.625005,6.625005,6.499995,6.499995,4500,4.33333
1998-09-24,6.499995,6.5625,6.499995,6.5625,6700,4.375
1998-09-23,6.499995,6.75,6.375,6.75,18400,4.50
1998-09-22,6.375,6.499995,6.375,6.375,6100,4.25
1998-09-21,6.499995,6.5625,6.375,6.375,25600,4.25
1998-09-18,6.499995,6.499995,6.499995,6.499995,3400,4.33333
1998-09-17,6.499995,6.499995,6.499995,6.499995,4500,4.33333
1998-09-16,6.375,6.75,6.375,6.499995,23100,4.33333
1998-09-15,6.375,6.75,6.375,6.75,3700,4.50
1998-09-14,6.250005,6.499995,6.250005,6.499995,12400,4.33333
1998-09-11,6.124995,6.250005,6.124995,6.124995,9000,4.08333
1998-09-10,6.250005,6.499995,6.124995,6.124995,21600,4.08333
1998-09-09,6.499995,6.499995,6.499995,6.499995,000,4.33333
1998-09-08,6.499995,6.499995,6.250005,6.499995,38800,4.33333
1998-09-04,6.250005,6.250005,6.250005,6.250005,5400,4.16667
1998-09-03,6.00,6.00,6.00,6.00,900,4.00
1998-09-02,6.250005,6.250005,6.124995,6.250005,20500,4.16667
1998-09-01,6.375,6.375,6.250005,6.250005,198600,4.16667
1998-08-31,6.75,7.000005,6.499995,6.499995,40000,4.33333
1998-08-28,6.75,7.000005,6.75,6.75,11500,4.50
1998-08-27,6.874995,6.874995,6.75,6.75,5400,4.50
1998-08-26,6.75,7.000005,6.75,6.75,13600,4.50
1998-08-25,7.000005,7.000005,6.75,7.000005,3700,4.66667
1998-08-24,7.000005,7.000005,7.000005,7.000005,5500,4.66667
1998-08-21,6.75,7.000005,6.75,6.874995,33100,4.58333
1998-08-20,6.874995,6.9375,6.874995,6.9375,1900,4.625
1998-08-19,7.000005,7.000005,7.000005,7.000005,000,4.66667
1998-08-18,7.000005,7.125,6.874995,7.000005,59700,4.66667
1998-08-17,7.125,7.125,7.000005,7.000005,3900,4.66667
1998-08-14,7.000005,7.125,7.000005,7.125,15100,4.75
1998-08-13,7.000005,7.125,7.000005,7.000005,11500,4.66667
1998-08-12,7.000005,7.062495,7.000005,7.000005,33300,4.66667
1998-08-11,7.249995,7.249995,6.812505,7.000005,24700,4.66667
1998-08-10,7.249995,7.50,7.187505,7.50,7800,5.00
1998-08-07,7.375005,7.375005,7.000005,7.249995,43500,4.83333
1998-08-06,7.375005,7.50,7.375005,7.375005,16000,4.91667
1998-08-05,7.375005,7.375005,7.375005,7.375005,8400,4.91667
1998-08-04,7.375005,7.437495,7.375005,7.437495,31900,4.95833
1998-08-03,7.375005,7.50,7.375005,7.437495,25200,4.95833
1998-07-31,7.50,7.50,7.062495,7.375005,7900,4.91667
1998-07-30,7.375005,7.50,7.3125,7.50,39700,5.00
1998-07-29,7.50,7.50,7.375005,7.50,17700,5.00
1998-07-28,7.50,7.624995,7.249995,7.249995,17400,4.83333
1998-07-27,7.624995,7.750005,7.375005,7.50,26400,5.00
1998-07-24,7.6875,7.750005,7.562505,7.750005,30000,5.16667
1998-07-23,7.750005,7.750005,7.624995,7.6875,67800,5.125
1998-07-22,7.6875,7.812495,7.624995,7.750005,30300,5.16667
1998-07-21,7.624995,7.750005,7.624995,7.6875,10900,5.125
1998-07-20,7.750005,7.812495,7.6875,7.750005,31500,5.16667
1998-07-17,7.750005,7.750005,7.6875,7.750005,30300,5.16667
1998-07-16,7.6875,7.750005,7.6875,7.6875,37200,5.125
1998-07-15,7.624995,7.750005,7.624995,7.6875,138000,5.125
1998-07-14,7.562505,7.6875,7.562505,7.624995,30300,5.08333
1998-07-13,7.50,7.624995,7.50,7.562505,27300,5.04167
1998-07-10,7.6875,7.6875,7.50,7.6875,121800,5.125
1998-07-09,7.562505,7.6875,7.562505,7.624995,67900,5.08333
1998-07-08,7.6875,7.6875,7.562505,7.6875,45600,5.125
1998-07-07,7.562505,7.6875,7.562505,7.6875,25500,5.125
1998-07-06,7.562505,7.656255,7.562505,7.656255,23500,5.10417
1998-07-02,7.562505,7.750005,7.562505,7.624995,28500,5.08333
1998-07-01,7.50,7.656255,7.50,7.656255,60900,5.10417
1998-06-30,7.750005,7.750005,7.50,7.624995,57700,5.08333
1998-06-29,7.6875,7.812495,7.624995,7.750005,175600,5.16667
1998-06-26,7.6875,7.812495,7.6875,7.6875,44800,5.125
1998-06-25,7.624995,7.750005,7.624995,7.750005,22900,5.16667
1998-06-24,7.750005,7.750005,7.624995,7.6875,49600,5.125
1998-06-23,7.6875,7.750005,7.624995,7.624995,98200,5.08333
1998-06-22,7.50,7.6875,7.50,7.6875,92400,5.125
1998-06-19,7.50,7.562505,7.3125,7.437495,40500,4.95833
1998-06-18,7.249995,7.562505,7.249995,7.375005,31900,4.91667
1998-06-17,7.249995,7.437495,7.249995,7.3125,35200,4.875
1998-06-16,7.750005,7.750005,7.249995,7.249995,76000,4.83333
1998-06-15,7.999995,7.999995,7.50,7.50,1156300,5.00
1998-06-12,7.999995,8.187495,7.999995,8.125005,1867800,5.41667
1998-06-11,9.00,9.00,8.500005,8.500005,3700,5.66667
1998-06-10,9.00,9.00,9.00,9.00,000,6.00
1998-06-09,9.00,9.00,9.00,9.00,000,6.00
1998-06-08,9.124995,9.124995,9.00,9.00,7900,6.00
1998-06-05,9.062505,9.124995,9.062505,9.062505,4800,6.04167
1998-06-04,8.875005,8.875005,8.875005,8.875005,000,5.91667
1998-06-03,9.250005,9.250005,8.875005,8.875005,4000,5.91667
1998-06-02,9.124995,9.124995,8.749995,8.749995,2700,5.83333
1998-06-01,9.250005,9.250005,8.500005,9.00,17800,6.00
1998-05-29,9.375,9.499995,9.375,9.375,19800,6.25
1998-05-28,9.375,9.375,9.375,9.375,900,6.25
1998-05-27,9.75,9.75,9.375,9.375,5500,6.25
1998-05-26,9.75,9.75,9.75,9.75,3100,6.50
1998-05-22,9.874995,9.874995,9.874995,9.874995,000,6.58333
1998-05-21,10.000005,10.000005,9.874995,9.874995,700,6.58333
1998-05-20,10.125,10.125,10.125,10.125,2800,6.75
1998-05-19,10.000005,10.187505,10.000005,10.187505,1900,6.79167
1998-05-18,10.249995,10.249995,10.125,10.125,2200,6.75
1998-05-15,10.125,10.125,10.125,10.125,700,6.75
1998-05-14,10.375005,10.375005,10.125,10.249995,8800,6.83333
1998-05-13,10.50,10.50,10.000005,10.125,21700,6.75
1998-05-12,10.50,10.562505,10.50,10.50,6100,7.00
1998-05-11,10.50,10.875,10.50,10.875,33700,7.25
1998-05-08,10.624995,10.750005,10.624995,10.750005,400,7.16667
1998-05-07,10.875,10.999995,10.875,10.999995,1600,7.33333
1998-05-06,10.624995,10.999995,10.624995,10.750005,44100,7.16667
1998-05-05,10.750005,10.750005,10.375005,10.375005,8200,6.91667
1998-05-04,10.875,10.875,10.750005,10.750005,17200,7.16667
1998-05-01,11.125005,11.25,10.999995,11.0625,28600,7.375
1998-04-30,10.624995,11.25,10.624995,11.25,16300,7.50
1998-04-29,10.750005,10.750005,10.50,10.750005,2800,7.16667
1998-04-28,10.249995,10.750005,10.249995,10.750005,16200,7.16667
1998-04-27,10.249995,10.249995,9.625005,10.000005,24000,6.66667
1998-04-24,10.624995,10.750005,10.50,10.50,35200,7.00
1998-04-23,10.750005,11.187495,10.624995,11.125005,28900,7.41667
1998-04-22,10.624995,10.750005,10.375005,10.624995,44500,7.08333
1998-04-21,10.375005,10.750005,9.625005,10.375005,98100,6.91667
1998-04-20,9.687495,10.125,9.499995,10.125,35700,6.75
1998-04-17,9.375,9.75,9.375,9.75,4800,6.50
1998-04-16,9.499995,9.75,9.375,9.75,32700,6.50
1998-04-15,9.499995,9.687495,9.250005,9.499995,74500,6.33333
1998-04-14,9.375,9.625005,9.250005,9.625005,8700,6.41667
1998-04-13,9.00,9.1875,9.00,9.062505,64500,6.04167
1998-04-09,9.00,9.375,9.00,9.124995,39000,6.08333
1998-04-08,9.124995,9.28125,9.00,9.28125,21600,6.1875
1998-04-07,9.124995,9.124995,8.8125,8.8125,8200,5.875
1998-04-06,8.749995,9.124995,8.749995,9.124995,4300,6.08333
1998-04-03,8.749995,9.00,8.749995,9.00,4300,6.00
1998-04-02,8.875005,8.875005,8.749995,8.749995,8800,5.83333
1998-04-01,9.00,9.124995,9.00,9.00,12900,6.00
1998-03-31,8.625,8.875005,8.625,8.875005,38400,5.91667
1998-03-30,8.500005,8.500005,8.500005,8.500005,1500,5.66667
1998-03-27,8.500005,8.500005,8.500005,8.500005,100,5.66667
1998-03-26,9.00,9.00,8.500005,8.500005,3700,5.66667
1998-03-25,9.124995,9.124995,9.00,9.00,9400,6.00
1998-03-24,9.124995,9.250005,9.124995,9.250005,2100,6.16667
1998-03-23,9.375,9.375,9.124995,9.250005,54300,6.16667
1998-03-20,9.499995,9.499995,9.250005,9.250005,22900,6.16667
1998-03-19,9.250005,9.437505,9.250005,9.437505,4200,6.29167
1998-03-18,9.499995,9.499995,9.250005,9.250005,74700,6.16667
1998-03-17,9.250005,9.499995,9.250005,9.499995,56800,6.33333
1998-03-16,9.00,9.250005,9.00,9.1875,14500,6.125
1998-03-13,9.00,9.124995,8.749995,9.124995,30100,6.08333
1998-03-12,9.00,9.00,8.749995,9.00,6000,6.00
1998-03-11,8.875005,9.00,8.749995,8.749995,33900,5.83333
1998-03-10,8.749995,8.875005,8.749995,8.875005,49800,5.91667
1998-03-09,8.875005,9.00,8.749995,8.749995,13800,5.83333
1998-03-06,8.875005,9.00,8.875005,9.00,6900,6.00
1998-03-05,9.375,9.375,8.875005,8.875005,15600,5.91667
1998-03-04,9.124995,9.375,9.124995,9.124995,55900,6.08333
1998-03-03,9.250005,9.437505,9.250005,9.437505,31600,6.29167
1998-03-02,9.437505,9.437505,9.250005,9.437505,6000,6.29167
1998-02-27,9.75,9.75,9.312495,9.312495,31200,6.20833
1998-02-26,9.75,9.75,9.499995,9.499995,9100,6.33333
1998-02-25,9.499995,9.625005,9.499995,9.499995,18600,6.33333
1998-02-24,9.375,9.499995,9.00,9.499995,87900,6.33333
1998-02-23,9.499995,9.499995,9.124995,9.124995,11800,6.08333
1998-02-20,9.499995,9.499995,9.250005,9.437505,21700,6.29167
1998-02-19,9.499995,9.499995,9.375,9.375,3300,6.25
1998-02-18,8.875005,9.124995,8.875005,9.124995,28800,6.08333
1998-02-17,8.875005,8.875005,8.25,8.625,29700,5.75
1998-02-13,9.499995,9.499995,9.00,9.062505,9900,6.04167
1998-02-12,9.499995,9.625005,9.375,9.375,17400,6.25
1998-02-11,9.75,9.75,9.499995,9.75,24000,6.50
1998-02-10,8.749995,10.249995,8.625,9.75,37300,6.50
1998-02-09,8.374995,8.749995,8.374995,8.749995,34900,5.83333
1998-02-06,8.125005,8.374995,8.125005,8.374995,34500,5.58333
1998-02-05,8.125005,8.125005,8.125005,8.125005,10800,5.41667
1998-02-04,8.187495,8.25,8.125005,8.25,142200,5.50
1998-02-03,7.999995,8.25,7.999995,8.187495,134500,5.45833
1998-02-02,7.750005,7.999995,7.750005,7.999995,1300,5.33333
1998-01-30,7.999995,7.999995,7.750005,7.999995,5800,5.33333
1998-01-29,7.750005,7.750005,7.750005,7.750005,300,5.16667
1998-01-28,7.999995,7.999995,7.999995,7.999995,12000,5.33333
1998-01-27,7.50,7.999995,7.50,7.750005,13000,5.16667
1998-01-26,7.999995,7.999995,7.999995,7.999995,700,5.33333
1998-01-23,7.750005,7.999995,7.50,7.50,12400,5.00
1998-01-22,7.999995,8.125005,7.750005,7.750005,2700,5.16667
1998-01-21,7.999995,8.0625,7.999995,7.999995,19800,5.33333
1998-01-20,7.999995,8.25,7.999995,7.999995,11500,5.33333
1998-01-16,7.999995,7.999995,7.999995,7.999995,6900,5.33333
1998-01-15,7.999995,8.25,7.750005,8.25,5100,5.50
1998-01-14,7.875,7.875,7.750005,7.750005,10200,5.16667
1998-01-13,7.999995,7.999995,7.875,7.999995,6000,5.33333
1998-01-12,8.125005,8.25,7.50,7.999995,53100,5.33333
1998-01-09,8.15625,8.15625,7.999995,8.125005,9700,5.41667
1998-01-08,7.999995,8.25,7.999995,8.25,12700,5.50
1998-01-07,8.125005,8.187495,7.999995,8.125005,35700,5.41667
1998-01-06,7.999995,7.999995,7.750005,7.875,15900,5.25
1998-01-05,7.000005,7.875,6.874995,7.875,199900,5.25
1998-01-02,7.000005,7.249995,6.75,6.874995,102100,4.58333
1997-12-31,7.999995,7.999995,7.50,7.50,12700,5.00
1997-12-30,8.25,8.25,8.125005,8.125005,1600,5.41667
1997-12-29,8.125005,8.125005,7.875,8.0625,8800,5.375
1997-12-26,8.374995,8.374995,8.374995,8.374995,000,5.58333
1997-12-24,8.374995,8.374995,8.374995,8.374995,400,5.58333
1997-12-23,8.374995,8.374995,8.25,8.312505,3700,5.54167
1997-12-22,8.374995,8.374995,8.374995,8.374995,000,5.58333
1997-12-19,8.374995,8.374995,8.374995,8.374995,1500,5.58333
1997-12-18,8.500005,8.500005,8.25,8.25,11400,5.50
1997-12-17,8.25,8.500005,8.25,8.500005,19500,5.66667
1997-12-16,7.999995,7.999995,7.999995,7.999995,1800,5.33333
1997-12-15,7.999995,7.999995,7.999995,7.999995,000,5.33333
1997-12-12,7.999995,7.999995,7.999995,7.999995,700,5.33333
1997-12-11,8.500005,8.500005,8.500005,8.500005,100,5.66667
1997-12-10,8.500005,8.500005,7.999995,7.999995,19300,5.33333
1997-12-09,8.500005,8.749995,8.500005,8.749995,4200,5.83333
1997-12-08,9.00,9.00,8.500005,8.562495,4800,5.70833
1997-12-05,9.00,9.00,8.500005,9.00,85600,6.00
1997-12-04,8.500005,9.499995,8.500005,8.749995,298300,5.83333
