Date,Open,High,Low,Close,Volume,Adj Close
2016-10-21,73.82,75.099998,73.699997,74.889999,3941900,74.889999
2016-10-20,73.760002,75.239998,73.360001,74.510002,4502800,74.510002
2016-10-19,72.099998,73.75,72.059998,73.620003,3347600,73.620003
2016-10-18,72.650002,72.769997,71.660004,71.989998,3121000,71.989998
2016-10-17,71.910004,72.360001,71.739998,71.779999,3899900,71.779999
2016-10-14,71.709999,72.199997,71.230003,71.529999,2872600,71.529999
2016-10-13,71.339996,71.690002,70.50,71.07,4824400,71.07
2016-10-12,71.800003,72.43,71.739998,72.059998,2231700,72.059998
2016-10-11,73.25,73.440002,71.849998,72.160004,2254700,72.160004
2016-10-10,73.599998,73.889999,73.239998,73.330002,1760100,73.330002
2016-10-07,73.139999,73.709999,72.690002,73.050003,2695100,73.050003
2016-10-06,73.629997,73.75,72.389999,73.040001,3262300,73.040001
2016-10-05,73.010002,74.07,73.010002,73.699997,3126200,73.699997
2016-10-04,72.459999,73.230003,72.260002,72.760002,4098400,72.760002
2016-10-03,71.599998,72.68,71.559998,72.129997,3557400,72.129997
2016-09-30,70.870003,72.190002,70.629997,71.830002,3198800,71.830002
2016-09-29,71.620003,72.00,69.489998,70.360001,3169000,70.360001
2016-09-28,71.779999,72.089996,70.809998,71.75,2498600,71.75
2016-09-27,70.480003,71.830002,70.150002,71.800003,2405500,71.800003
2016-09-26,71.230003,71.650002,70.599998,70.809998,3075300,70.809998
2016-09-23,71.739998,72.25,71.25,71.279999,3099400,71.279999
2016-09-22,71.769997,72.220001,71.660004,72.139999,3290800,72.139999
2016-09-21,70.769997,71.779999,70.57,71.68,4076400,71.68
2016-09-20,71.449997,71.699997,70.379997,70.559998,2514900,70.559998
2016-09-19,70.559998,71.330002,70.419998,70.980003,3156000,70.980003
2016-09-16,70.540001,70.610001,69.779999,70.209999,3214900,70.209999
2016-09-15,70.480003,71.110001,69.690002,70.989998,3086100,70.989998
2016-09-14,71.099998,71.309998,70.279999,70.589996,2776600,70.589996
2016-09-13,71.510002,71.959999,70.540001,71.220001,3504000,71.220001
2016-09-12,71.120003,72.769997,70.440002,72.50,3288800,72.50
2016-09-09,72.019997,72.349998,71.610001,71.650002,4064000,71.650002
2016-09-08,71.629997,72.43,71.489998,72.279999,2686100,72.279999
2016-09-07,70.610001,71.800003,70.440002,71.769997,2523100,71.769997
2016-09-06,71.610001,71.660004,70.540001,70.989998,2561400,70.989998
2016-09-02,71.239998,71.919998,70.870003,71.639999,2448200,71.639999
2016-09-01,71.599998,72.089996,70.18,71.080002,5574100,71.080002
2016-08-31,70.389999,71.720001,70.389999,71.599998,6129400,71.599998
2016-08-30,69.629997,70.610001,69.629997,70.330002,3091200,70.330002
2016-08-29,69.129997,70.059998,68.889999,69.629997,3015200,69.629997
2016-08-26,69.00,69.639999,68.75,69.160004,2191900,69.160004
2016-08-25,68.349998,69.099998,68.269997,68.769997,1732500,68.769997
2016-08-24,68.860001,69.330002,68.470001,68.620003,2025600,68.620003
2016-08-23,68.93,69.32,68.790001,68.790001,1867800,68.790001
2016-08-22,68.529999,68.809998,68.080002,68.68,1878200,68.68
2016-08-19,68.040001,68.68,67.989998,68.559998,2473500,68.559998
2016-08-18,68.290001,68.580002,68.110001,68.209999,2443600,68.209999
2016-08-17,68.50,68.660004,67.970001,68.290001,2810200,68.290001
2016-08-16,68.269997,68.959999,68.199997,68.620003,2657300,68.620003
2016-08-15,68.019997,68.910004,68.019997,68.610001,2741700,68.610001
2016-08-12,67.470001,68.059998,67.18,68.00,2098800,68.00
2016-08-11,67.040001,68.019997,66.809998,67.940002,2660200,67.940002
2016-08-10,67.739998,67.830002,66.610001,66.849998,2348300,66.849998
2016-08-09,68.129997,68.199997,67.559998,67.779999,1793500,67.779999
2016-08-08,68.230003,68.830002,67.949997,68.169998,1749800,68.169998
2016-08-05,67.099998,68.349998,67.099998,68.099998,3695900,68.099998
2016-08-04,66.220001,66.650002,66.080002,66.199997,2197400,66.199997
2016-08-03,66.150002,66.980003,66.00,66.550003,3965400,66.150002
2016-08-02,66.900002,67.089996,66.00,66.300003,4409200,65.901505
2016-08-01,67.279999,67.529999,66.68,67.029999,3418500,66.627113
2016-07-29,67.190002,67.720001,67.040001,67.080002,3632600,66.676815
2016-07-28,67.489998,67.75,66.779999,67.480003,3079700,67.074413
2016-07-27,67.529999,68.489998,67.370003,67.910004,3110100,67.501828
2016-07-26,67.300003,67.980003,66.919998,67.690002,2997700,67.283149
2016-07-25,66.860001,67.870003,66.75,67.339996,4373700,66.935247
2016-07-22,66.50,67.330002,65.00,67.029999,8632900,66.627113
2016-07-21,67.440002,68.470001,67.239998,67.989998,3503100,67.581342
2016-07-20,68.040001,68.169998,67.160004,67.610001,2895300,67.203629
2016-07-19,67.970001,68.110001,67.510002,67.730003,2136000,67.32291
2016-07-18,68.449997,68.540001,67.82,68.120003,2240300,67.710565
2016-07-15,69.089996,69.18,67.720001,68.150002,5763900,67.740384
2016-07-14,69.309998,69.50,68.129997,68.849998,3284800,68.436173
2016-07-13,67.739998,68.230003,66.949997,67.940002,3611400,67.531647
2016-07-12,67.029999,68.110001,66.989998,67.849998,4975400,67.442184
2016-07-11,65.18,66.379997,65.059998,66.260002,4910200,65.861744
2016-07-08,63.549999,64.940002,63.130001,64.709999,4949000,64.321058
2016-07-07,61.200001,62.549999,61.200001,61.889999,4644900,61.518008
2016-07-06,60.25,61.299999,59.66,61.279999,2840200,60.911673
2016-07-05,62.139999,62.360001,60.650002,60.860001,3331300,60.4942
2016-07-01,63.48,63.560001,62.73,62.959999,3152500,62.581576
2016-06-30,62.419998,63.529999,61.419998,63.509998,6389700,63.128269
2016-06-29,60.57,61.970001,60.209999,61.919998,4470700,61.547826
2016-06-28,59.25,59.77,58.66,59.66,6530600,59.301411
2016-06-27,60.84,60.84,58.029999,58.150002,8924600,57.800489
2016-06-24,62.549999,64.279999,61.75,61.880001,8115300,61.508069
2016-06-23,64.769997,65.650002,64.559998,65.599998,2948300,65.205708
2016-06-22,64.300003,64.839996,63.889999,63.93,2670200,63.545747
2016-06-21,64.919998,64.989998,63.549999,64.25,4496000,63.863823
2016-06-20,65.790001,65.949997,64.169998,64.279999,5160200,63.893642
2016-06-17,64.290001,64.800003,63.810001,64.190002,6191200,63.804186
2016-06-16,64.099998,64.449997,62.73,64.25,5296300,63.863823
2016-06-15,65.43,66.230003,64.470001,64.639999,9490900,64.251479
2016-06-14,68.519997,68.519997,63.759998,64.43,14942400,64.042742
2016-06-13,69.459999,70.419998,68.959999,69.00,2494300,68.585273
2016-06-10,70.300003,70.550003,69.790001,70.040001,2506000,69.619023
2016-06-09,71.449997,71.459999,70.139999,70.870003,2749900,70.444036
2016-06-08,71.75,72.559998,71.43,72.099998,3190400,71.666639
2016-06-07,73.00,73.059998,72.32,72.349998,2249700,71.915136
2016-06-06,71.660004,73.330002,71.389999,72.849998,2422700,72.412131
2016-06-03,72.279999,72.379997,70.470001,71.599998,3478300,71.169644
2016-06-02,73.190002,73.379997,72.620003,73.379997,1495800,72.938944
2016-06-01,72.510002,73.32,71.839996,73.220001,1594400,72.77991
2016-05-31,74.190002,74.349998,72.830002,73.239998,2363400,72.799786
2016-05-27,72.879997,73.830002,72.330002,73.830002,2811300,73.386244
2016-05-26,73.029999,73.160004,72.269997,72.559998,1642400,72.123873
2016-05-25,72.040001,73.529999,71.849998,73.269997,2767100,72.829605
2016-05-24,70.910004,71.849998,69.599998,71.620003,2046000,71.189528
2016-05-23,70.82,71.489998,70.419998,70.650002,1889900,70.225357
2016-05-20,70.760002,71.57,70.459999,70.93,2052300,70.503673
2016-05-19,70.379997,71.790001,69.879997,70.529999,3460700,70.106076
2016-05-18,68.830002,71.010002,68.660004,70.980003,4339200,70.553376
2016-05-17,68.879997,69.669998,68.410004,68.830002,2679000,68.416297
2016-05-16,68.529999,69.660004,68.379997,69.279999,2678700,68.863589
2016-05-13,69.150002,69.959999,68.330002,68.709999,2459700,68.297015
2016-05-12,70.169998,70.730003,68.839996,69.360001,2109900,68.94311
2016-05-11,70.830002,71.449997,70.349998,70.349998,2411900,69.529564
2016-05-10,70.010002,71.279999,69.959999,71.139999,2650200,70.310352
2016-05-09,70.309998,70.370003,69.25,69.599998,2788900,68.78831
2016-05-06,68.800003,69.43,68.43,69.389999,3442600,68.58076
2016-05-05,69.93,70.330002,68.610001,69.120003,5345400,68.313912
2016-05-04,71.160004,71.169998,69.269997,69.68,4057500,68.867379
2016-05-03,72.559998,72.709999,71.440002,71.970001,2184500,71.130674
2016-05-02,72.870003,73.730003,72.00,73.580002,2721000,72.721898
2016-04-29,72.989998,73.290001,71.870003,72.389999,2966500,71.545774
2016-04-28,73.559998,74.260002,72.989998,73.370003,2641800,72.514348
2016-04-27,73.129997,74.50,72.82,74.309998,6388700,73.443381
2016-04-26,75.029999,76.00,74.629997,75.959999,2686100,75.07414
2016-04-25,75.080002,75.470001,74.480003,74.989998,2478000,74.115451
2016-04-22,74.50,75.730003,74.480003,75.559998,1783000,74.678803
2016-04-21,75.25,76.300003,74.690002,74.730003,2962000,73.858488
2016-04-20,73.349998,75.550003,73.309998,75.43,4921500,74.550322
2016-04-19,71.959999,72.889999,71.459999,72.800003,2349100,71.950996
2016-04-18,70.889999,71.900002,70.550003,71.660004,1765400,70.824291
2016-04-15,71.720001,72.239998,71.050003,71.339996,2862500,70.508016
2016-04-14,70.660004,72.18,70.480003,71.470001,2871400,70.636505
2016-04-13,69.00,70.870003,68.980003,70.839996,3366100,70.013847
2016-04-12,67.550003,68.459999,67.410004,68.309998,2862000,67.513354
2016-04-11,66.830002,67.699997,66.730003,67.199997,3626200,66.416298
2016-04-08,67.029999,67.720001,66.410004,66.669998,2259300,65.89248
2016-04-07,67.660004,67.980003,66.099998,66.580002,2842900,65.803534
2016-04-06,68.010002,68.419998,67.199997,68.269997,3215900,67.473819
2016-04-05,68.099998,68.949997,67.790001,68.529999,3455200,67.730789
2016-04-04,70.589996,70.889999,69.720001,69.830002,1617400,69.015631
2016-04-01,69.730003,70.970001,69.260002,70.800003,2894900,69.97432
2016-03-31,69.150002,69.790001,68.980003,69.309998,3222700,68.501692
2016-03-30,69.300003,70.00,69.040001,69.150002,2050000,68.343561
2016-03-29,68.830002,68.959999,67.580002,68.849998,4411700,68.047057
2016-03-28,69.809998,69.970001,68.959999,69.199997,1884400,68.392974
2016-03-24,69.440002,69.779999,68.879997,69.760002,2090100,68.946448
2016-03-23,70.519997,70.769997,70.00,70.209999,2603800,69.391197
2016-03-22,70.279999,70.779999,69.949997,70.459999,1904900,69.638282
2016-03-21,70.309998,71.389999,70.080002,70.809998,2381000,69.984198
2016-03-18,69.82,71.120003,69.529999,70.57,5089800,69.746999
2016-03-17,69.050003,70.059998,68.589996,69.50,4067500,68.689478
2016-03-16,69.209999,70.080002,68.849998,69.379997,3274100,68.570875
2016-03-15,69.290001,69.32,68.309998,69.32,3395800,68.511577
2016-03-14,70.779999,71.010002,69.730003,69.93,2550400,69.114464
2016-03-11,70.190002,71.120003,70.010002,71.029999,2358000,70.201634
2016-03-10,69.18,70.00,68.120003,69.230003,2155600,68.42263
2016-03-09,69.040001,69.300003,68.25,68.699997,2508100,67.898805
2016-03-08,68.849998,69.169998,68.010002,68.489998,2713800,67.691255
2016-03-07,68.940002,69.620003,68.779999,69.519997,2002700,68.709242
2016-03-04,69.809998,70.389999,68.959999,69.589996,2939300,68.778425
2016-03-03,68.970001,69.660004,68.690002,69.660004,2444600,68.847616
2016-03-02,68.019997,69.139999,67.739998,69.139999,2397500,68.333676
2016-03-01,66.669998,68.00,66.150002,67.989998,4131800,67.197086
2016-02-29,66.93,67.18,65.699997,65.730003,3404300,64.963448
2016-02-26,66.730003,68.190002,66.639999,67.199997,3105800,66.416298
2016-02-25,65.760002,66.419998,64.870003,66.419998,2642200,65.645396
2016-02-24,64.769997,65.639999,63.450001,65.410004,2894800,64.64718
2016-02-23,67.610001,67.610001,65.32,65.720001,3487000,64.953562
2016-02-22,66.440002,67.790001,66.400002,67.760002,3007600,66.969772
2016-02-19,65.50,65.879997,64.760002,65.730003,2456700,64.963448
2016-02-18,65.480003,66.68,65.18,65.93,4272100,65.161112
2016-02-17,64.959999,66.050003,64.870003,65.18,3806000,64.419859
2016-02-16,63.709999,65.129997,63.080002,64.209999,4309000,63.46117
2016-02-12,61.209999,62.84,60.619999,62.540001,5528000,61.810648
2016-02-11,59.709999,60.880001,58.740002,60.150002,4823200,59.448521
2016-02-10,62.919998,64.120003,62.18,62.240002,3186400,61.118809
2016-02-09,60.040001,62.93,59.75,62.419998,4424000,61.295563
2016-02-08,62.330002,62.450001,60.099998,60.889999,3878300,59.793126
2016-02-05,63.919998,64.629997,62.639999,63.360001,3507800,62.218633
2016-02-04,63.00,64.360001,62.84,63.73,4308500,62.581966
2016-02-03,63.66,64.010002,59.860001,63.150002,6036600,62.012417
2016-02-02,63.830002,63.860001,62.82,63.209999,5195700,62.071333
2016-02-01,65.00,65.449997,63.790001,65.010002,4319500,63.838911
2016-01-29,63.490002,65.699997,63.279999,65.620003,6380200,64.437923
2016-01-28,63.790001,63.790001,62.119999,62.990002,6491500,61.855299
2016-01-27,61.299999,64.589996,61.259998,63.299999,8544900,62.159712
2016-01-26,59.099998,60.50,59.099998,60.380001,5619900,59.292315
2016-01-25,60.689999,61.009998,58.490002,58.66,5711500,57.603298
2016-01-22,62.150002,62.599998,60.52,61.099998,4148100,59.999342
2016-01-21,60.849998,62.299999,60.509998,61.18,3747300,60.077903
2016-01-20,60.799999,61.369999,58.919998,60.759998,5328000,59.665467
2016-01-19,63.689999,63.700001,61.509998,62.189999,3464500,61.069707
2016-01-15,62.00,63.459999,61.84,62.849998,4827300,61.717818
2016-01-14,64.010002,65.110001,62.509998,64.599998,4573000,63.436293
2016-01-13,66.279999,66.660004,63.41,63.639999,5406000,62.493588
2016-01-12,65.559998,65.970001,64.68,65.800003,3680300,64.614681
2016-01-11,64.82,65.540001,64.00,64.760002,3416800,63.593415
2016-01-08,65.75,65.889999,64.07,64.230003,4731700,63.072963
2016-01-07,66.339996,67.00,64.849998,65.080002,5638300,63.90765
2016-01-06,68.550003,69.690002,67.980003,68.550003,4223300,67.315142
2016-01-05,69.43,70.550003,68.699997,69.459999,5216200,68.208746
2016-01-04,70.769997,70.910004,69.860001,70.739998,3636200,69.465687
2015-12-31,72.709999,73.260002,72.160004,72.18,1722100,70.879749
2015-12-30,73.620003,73.800003,73.160004,73.209999,1414600,71.891193
2015-12-29,73.599998,73.989998,73.190002,73.790001,1506200,72.460747
2015-12-28,73.150002,73.419998,72.279999,73.150002,1569800,71.832276
2015-12-24,73.68,73.900002,73.260002,73.519997,810700,72.195606
2015-12-23,73.169998,73.919998,72.959999,73.690002,2361100,72.36255
2015-12-22,72.620003,73.010002,71.099998,72.769997,3367300,71.459117
2015-12-21,73.040001,73.50,71.949997,72.580002,2503300,71.272545
2015-12-18,73.919998,73.919998,72.32,72.470001,5097500,71.164526
2015-12-17,76.550003,76.739998,74.279999,74.379997,2890000,73.040115
2015-12-16,76.190002,76.550003,74.400002,76.360001,4175800,74.984451
2015-12-15,74.269997,75.519997,74.080002,75.370003,3039200,74.012286
2015-12-14,73.809998,74.68,72.489998,73.309998,3448600,71.98939
2015-12-11,74.290001,74.550003,73.300003,73.68,2915400,72.352728
2015-12-10,75.389999,76.449997,75.18,75.610001,2428700,74.247961
2015-12-09,76.370003,77.239998,74.879997,75.419998,3517600,74.061381
2015-12-08,77.449997,77.730003,76.540001,76.860001,2630500,75.475444
2015-12-07,78.730003,79.059998,77.82,78.330002,2262500,76.918964
2015-12-04,77.910004,79.559998,77.400002,79.370003,2665500,77.94023
2015-12-03,79.099998,79.099998,77.050003,77.330002,3035700,75.936978
2015-12-02,79.610001,79.959999,78.650002,78.769997,2570600,77.351033
2015-12-01,79.040001,79.860001,78.760002,79.82,2204900,78.382121
2015-11-30,79.080002,79.50,78.370003,78.510002,2999700,77.095722
2015-11-27,78.980003,79.25,78.269997,79.00,907800,77.576893
2015-11-25,78.849998,79.160004,78.400002,79.040001,1774900,77.616173
2015-11-24,78.099998,79.019997,77.610001,78.629997,2570300,77.213555
2015-11-23,79.550003,79.550003,78.790001,78.82,1969900,77.400135
2015-11-20,80.07,80.169998,78.879997,79.459999,3013600,78.028606
2015-11-19,78.529999,79.980003,78.529999,79.580002,3751800,78.146447
2015-11-18,76.949997,78.309998,76.599998,78.290001,3698500,76.879684
2015-11-17,77.800003,77.849998,76.32,76.370003,3353500,74.994272
2015-11-16,76.949997,77.900002,76.68,77.900002,2654000,76.49671
2015-11-13,77.139999,77.860001,76.709999,76.970001,2817700,75.583463
2015-11-12,78.330002,78.330002,77.190002,77.379997,3473100,75.986073
2015-11-11,79.760002,79.93,78.690002,78.870003,2420500,77.449237
2015-11-10,80.279999,80.769997,79.370003,79.379997,2801000,77.950045
2015-11-09,81.339996,81.589996,80.110001,80.449997,2590200,79.00077
2015-11-06,81.230003,81.620003,80.400002,81.419998,3579200,79.953297
2015-11-05,80.82,80.82,79.540001,79.550003,3377200,78.116988
2015-11-04,80.830002,81.190002,80.389999,80.550003,2290700,78.706182
2015-11-03,79.760002,81.370003,79.75,80.879997,1950900,79.028623
2015-11-02,79.370003,80.50,79.220001,80.220001,2281600,78.383734
2015-10-30,80.550003,80.730003,78.82,78.900002,2707000,77.09395
2015-10-29,80.879997,81.410004,79.93,80.199997,2011900,78.364188
2015-10-28,79.339996,81.190002,79.199997,81.139999,2264200,79.282673
2015-10-27,79.080002,79.589996,78.940002,79.330002,1954300,77.514107
2015-10-26,80.510002,80.93,79.470001,79.650002,3081900,77.826782
2015-10-23,77.360001,81.410004,77.18,81.120003,6560700,79.263134
2015-10-22,73.779999,76.379997,73.779999,74.940002,4234100,73.224597
2015-10-21,75.010002,75.300003,73.610001,73.68,3235800,71.993436
2015-10-20,74.540001,75.160004,74.419998,74.580002,2173500,72.872837
2015-10-19,74.139999,74.879997,73.970001,74.639999,2429300,72.931461
2015-10-16,74.949997,75.080002,74.160004,74.669998,2714200,72.960773
2015-10-15,73.18,74.540001,72.629997,74.519997,2593300,72.814205
2015-10-14,74.00,74.050003,72.330002,72.559998,3287400,70.899071
2015-10-13,74.07,74.57,73.629997,73.940002,2340900,72.247487
2015-10-12,74.650002,74.879997,74.010002,74.25,1729900,72.550389
2015-10-09,75.349998,75.709999,74.239998,74.449997,2209500,72.745808
2015-10-08,74.550003,75.260002,73.870003,75.050003,2422000,73.332079
2015-10-07,75.68,76.169998,74.660004,74.959999,2338200,73.244136
2015-10-06,74.900002,75.690002,74.669998,75.220001,2336700,73.498186
2015-10-05,73.360001,75.639999,73.360001,75.300003,2538700,73.576357
2015-10-02,71.209999,72.870003,70.169998,72.870003,3122500,71.20198
2015-10-01,72.629997,73.019997,71.760002,72.940002,4221000,71.270377
2015-09-30,72.720001,72.860001,71.760002,72.519997,2689600,70.859986
2015-09-29,72.120003,72.489998,71.040001,71.550003,2837800,69.912196
2015-09-28,73.580002,73.949997,72.099998,72.169998,1993200,70.517999
2015-09-25,74.220001,74.730003,73.839996,74.050003,2522200,72.35497
2015-09-24,72.599998,73.239998,72.18,73.120003,3693200,71.446257
2015-09-23,74.080002,74.080002,73.190002,73.50,2097300,71.817556
2015-09-22,73.519997,73.779999,72.949997,73.68,2188000,71.993436
2015-09-21,74.209999,75.019997,74.080002,74.580002,2219900,72.872837
2015-09-18,74.839996,74.879997,73.339996,73.559998,4956100,71.876181
2015-09-17,77.290001,77.699997,75.559998,75.889999,2744500,74.152848
2015-09-16,76.580002,77.410004,76.190002,77.279999,2869600,75.51103
2015-09-15,76.00,76.800003,75.919998,76.360001,3328300,74.61209
2015-09-14,75.809998,76.339996,75.290001,75.760002,2658200,74.025826
2015-09-11,75.589996,75.889999,74.910004,75.650002,2324400,73.918344
2015-09-10,75.459999,76.43,75.389999,75.870003,2530900,74.133309
2015-09-09,77.519997,77.980003,75.690002,75.860001,2254200,74.123536
2015-09-08,76.00,76.800003,75.709999,76.790001,2613000,75.032248
2015-09-04,74.949997,75.32,74.169998,74.830002,2249800,73.117114
2015-09-03,75.989998,77.349998,75.690002,76.160004,2940000,74.416672
2015-09-02,75.540001,75.940002,74.18,75.300003,2580200,73.576357
2015-09-01,75.68,76.07,73.860001,74.32,2813000,72.618786
2015-08-31,77.019997,78.110001,76.669998,77.75,2673000,75.970272
2015-08-28,77.07,77.519997,76.75,77.32,2262200,75.550115
2015-08-27,75.809998,77.629997,75.550003,77.360001,4724900,75.5892
2015-08-26,73.620003,74.910004,72.449997,74.75,3699900,73.038943
2015-08-25,75.790001,75.849998,72.199997,72.25,3577000,70.596169
2015-08-24,71.790001,75.870003,67.730003,73.529999,4382600,71.846869
2015-08-21,78.290001,78.82,76.620003,76.620003,4220400,74.866141
2015-08-20,79.300003,79.769997,79.010002,79.040001,2895600,77.230745
2015-08-19,80.660004,80.870003,79.739998,80.120003,4639000,78.286025
2015-08-18,81.610001,82.080002,80.889999,81.260002,2414600,79.399929
2015-08-17,80.690002,81.779999,80.50,81.650002,2020200,79.781001
2015-08-14,80.330002,81.360001,80.300003,81.269997,1967000,79.409695
2015-08-13,80.980003,81.419998,80.379997,80.760002,2448700,78.911374
2015-08-12,80.440002,80.889999,79.129997,80.620003,3122100,78.77458
2015-08-11,81.709999,81.919998,80.43,80.870003,2543800,79.018857
2015-08-10,81.470001,82.669998,81.300003,82.489998,2303100,80.60177
2015-08-07,81.00,81.629997,80.269997,80.82,2879000,78.969998
2015-08-06,81.540001,81.830002,80.860001,81.139999,3196300,79.282673
2015-08-05,81.949997,82.220001,81.330002,81.860001,3937500,79.595347
2015-08-04,81.629997,81.919998,81.260002,81.379997,2088400,79.128623
2015-08-03,81.459999,81.699997,80.790001,81.629997,3392900,79.371707
2015-07-31,81.580002,81.599998,80.900002,81.300003,3677200,79.050842
2015-07-30,80.220001,81.580002,80.110001,81.50,4276500,79.245306
2015-07-29,78.940002,79.739998,78.889999,79.620003,4626500,77.417319
2015-07-28,79.25,79.25,77.800003,78.650002,7524100,76.474152
2015-07-27,78.040001,79.379997,77.949997,78.610001,7195600,76.435258
2015-07-24,83.540001,83.900002,78.230003,78.860001,16800000,76.678342
2015-07-23,91.620003,91.800003,90.599998,90.769997,2646200,88.258848
2015-07-22,91.620003,92.099998,91.279999,91.650002,2484000,89.114508
2015-07-21,91.419998,92.059998,91.199997,91.709999,2522000,89.172846
2015-07-20,91.080002,91.849998,90.580002,91.440002,2377100,88.910318
2015-07-17,90.629997,91.019997,90.269997,90.989998,2401100,88.472763
2015-07-16,90.650002,91.080002,90.510002,90.959999,2067300,88.443594
2015-07-15,89.739998,90.559998,89.040001,90.099998,2211300,87.607386
2015-07-14,88.730003,89.220001,88.580002,89.019997,1783800,86.557262
2015-07-13,88.529999,89.089996,88.110001,89.029999,2058800,86.566987
2015-07-10,87.82,88.080002,87.099998,87.669998,1723600,85.244611
2015-07-09,87.220001,87.610001,86.699997,86.730003,2025700,84.330621
2015-07-08,87.389999,87.540001,86.120003,86.209999,2361700,83.825003
2015-07-07,87.669998,87.959999,86.349998,87.889999,2581300,85.458526
2015-07-06,87.410004,88.00,87.25,87.75,1999400,85.3224
2015-07-02,88.720001,89.07,88.019997,88.32,1903700,85.87663
2015-07-01,89.010002,89.010002,88.190002,88.599998,2728800,86.148883
2015-06-30,88.519997,88.75,87.709999,87.970001,2827500,85.536315
2015-06-29,87.870003,88.550003,87.660004,87.75,3131100,85.3224
2015-06-26,89.160004,89.32,88.790001,89.059998,3244000,86.596156
2015-06-25,89.480003,90.099998,88.519997,88.849998,2431700,86.391967
2015-06-24,89.309998,89.650002,89.07,89.089996,2153800,86.625325
2015-06-23,89.93,89.989998,89.169998,89.379997,1881000,86.907303
2015-06-22,89.00,89.50,88.959999,89.32,2140900,86.848966
2015-06-19,88.150002,88.760002,88.019997,88.419998,3614800,85.973863
2015-06-18,88.160004,88.650002,87.709999,88.519997,2655700,86.071095
2015-06-17,88.489998,88.489998,87.709999,87.839996,2870300,85.409906
2015-06-16,87.370003,88.120003,87.18,88.07,2250500,85.633547
2015-06-15,86.779999,87.589996,86.779999,87.489998,2810100,85.069591
2015-06-12,87.470001,87.779999,87.120003,87.57,2627500,85.147379
2015-06-11,86.989998,87.940002,86.739998,87.660004,2939100,85.234893
2015-06-10,85.800003,86.989998,85.400002,86.93,4359300,84.525085
2015-06-09,84.739998,85.720001,84.589996,85.57,2361700,83.202709
2015-06-08,85.080002,85.370003,84.690002,84.940002,3476700,82.590141
2015-06-05,83.889999,85.010002,83.730003,84.940002,3965400,82.590141
2015-06-04,83.550003,84.279999,83.050003,83.190002,3164000,80.888554
2015-06-03,84.00,84.910004,83.980003,84.300003,2221400,81.967847
2015-06-02,83.440002,84.300003,83.269997,83.949997,2427900,81.627524
2015-06-01,83.800003,84.040001,83.129997,83.389999,2129300,81.083018
2015-05-29,84.379997,84.519997,83.32,83.559998,2473600,81.248314
2015-05-28,84.480003,84.720001,83.879997,84.300003,1847900,81.967847
2015-05-27,84.449997,85.050003,84.110001,84.629997,2131700,82.288712
2015-05-26,84.980003,84.980003,83.480003,83.949997,2833600,81.627524
2015-05-22,84.900002,85.360001,84.610001,85.019997,1740500,82.667922
2015-05-21,85.269997,85.440002,84.800003,85.110001,2156300,82.755436
2015-05-20,85.25,85.68,84.919998,85.349998,2119300,82.988794
2015-05-19,84.910004,85.550003,84.690002,85.410004,2615600,83.047139
2015-05-18,84.239998,84.720001,84.00,84.559998,1665600,82.220649
2015-05-15,84.629997,84.739998,83.589996,84.029999,3146200,81.705312
2015-05-14,84.120003,84.50,83.75,84.470001,2390800,82.133142
2015-05-13,82.980003,83.709999,82.720001,83.650002,2172300,81.335828
2015-05-12,82.889999,83.160004,82.239998,82.910004,2438900,80.616302
2015-05-11,83.139999,83.660004,83.00,83.309998,2109500,81.00523
2015-05-08,82.589996,83.360001,82.160004,83.160004,2767400,80.859386
2015-05-07,82.160004,82.32,81.400002,82.019997,3150900,79.750917
2015-05-06,82.739998,82.989998,82.00,82.639999,3283900,79.964837
2015-05-05,82.00,83.040001,81.940002,82.269997,2760800,79.606811
2015-05-04,82.00,82.43,81.809998,82.260002,1934200,79.59714
2015-05-01,81.239998,81.989998,80.970001,81.93,2840000,79.277821
2015-04-30,80.230003,80.849998,79.82,80.849998,4201200,78.23278
2015-04-29,80.599998,80.989998,79.839996,80.360001,1899900,77.758644
2015-04-28,80.519997,80.919998,80.059998,80.730003,1783500,78.11667
2015-04-27,80.580002,81.07,80.300003,80.360001,2815700,77.758644
2015-04-24,80.089996,81.059998,79.360001,80.440002,3780700,77.836056
2015-04-23,81.68,82.339996,81.550003,81.860001,2361500,79.210087
2015-04-22,81.550003,81.889999,81.040001,81.760002,2543200,79.113326
2015-04-21,82.50,82.610001,81.50,81.529999,2294900,78.890768
2015-04-20,82.360001,82.639999,82.050003,82.190002,1699900,79.529407
2015-04-17,82.400002,82.620003,81.82,82.00,2752600,79.345555
2015-04-16,82.620003,83.209999,82.519997,83.010002,2373400,80.322862
2015-04-15,81.550003,82.959999,81.360001,82.82,3696200,80.13901
2015-04-14,81.089996,81.470001,80.769997,81.349998,2773800,78.716595
2015-04-13,80.610001,81.330002,80.43,81.089996,1644200,78.465009
2015-04-10,80.230003,80.660004,80.010002,80.610001,2233400,78.000552
2015-04-09,80.040001,80.410004,79.620003,80.360001,1856800,77.758644
2015-04-08,79.660004,81.040001,79.650002,80.190002,2564200,77.594149
2015-04-07,79.860001,80.279999,79.669998,79.669998,2301100,77.090978
2015-04-06,79.43,80.839996,79.139999,80.32,2099300,77.719938
2015-04-02,79.639999,80.440002,79.459999,80.309998,1968500,77.71026
2015-04-01,78.830002,80.040001,78.57,79.870003,3607600,77.284508
2015-03-31,78.580002,79.190002,78.449997,78.82,2666700,76.268495
2015-03-30,79.190002,79.610001,79.059998,79.199997,1962700,76.636191
2015-03-27,78.470001,79.019997,78.050003,78.650002,2636300,76.104
2015-03-26,78.800003,78.900002,77.889999,78.510002,2291100,75.968533
2015-03-25,80.18,80.18,78.839996,78.839996,1918300,76.287845
2015-03-24,80.940002,80.959999,80.129997,80.139999,2118100,77.545765
2015-03-23,81.269997,81.989998,81.18,81.25,1731500,78.619833
2015-03-20,80.970001,81.449997,80.760002,81.129997,3649600,78.503715
2015-03-19,81.480003,81.589996,80.529999,80.620003,2653800,78.01023
2015-03-18,80.970001,81.910004,80.510002,81.620003,2175900,78.977859
2015-03-17,81.00,81.650002,80.669998,81.50,2201300,78.86174
2015-03-16,80.639999,81.769997,80.529999,81.470001,2888900,78.832713
2015-03-13,81.400002,81.400002,79.269997,80.00,2770500,77.410297
2015-03-12,79.040001,81.519997,79.040001,81.449997,4562500,78.813356
2015-03-11,78.050003,78.529999,77.720001,78.230003,2259600,75.697598
2015-03-10,79.019997,79.110001,77.699997,77.720001,2864700,75.204105
2015-03-09,78.870003,80.019997,78.620003,79.839996,3048100,77.255473
2015-03-06,79.550003,80.709999,78.760002,78.980003,3088700,76.423319
2015-03-05,78.650002,78.970001,78.199997,78.889999,2042100,76.336229
2015-03-04,78.949997,78.980003,78.25,78.650002,2340500,76.104
2015-03-03,79.150002,79.419998,78.779999,79.139999,2257000,76.578136
2015-03-02,78.709999,79.279999,78.269997,79.150002,3486400,76.587814
2015-02-27,78.860001,79.410004,78.709999,78.709999,3329200,76.162055
2015-02-26,79.480003,79.970001,78.720001,79.150002,2731700,76.587814
2015-02-25,80.18,80.419998,79.550003,79.660004,3103800,77.081307
2015-02-24,79.839996,80.82,79.620003,80.50,2225300,77.894112
2015-02-23,80.389999,80.389999,79.379997,80.059998,2397500,77.468353
2015-02-20,79.199997,80.419998,78.57,80.389999,2590500,77.787672
2015-02-19,79.389999,79.75,79.089996,79.419998,2190700,76.849071
2015-02-18,79.730003,79.989998,79.269997,79.339996,2535300,76.771659
2015-02-17,78.790001,80.279999,78.769997,80.00,3468600,77.410297
2015-02-13,79.389999,79.709999,78.650002,78.879997,3216000,76.326551
2015-02-12,78.029999,79.639999,77.889999,79.290001,3961500,76.723282
2015-02-11,77.099998,77.580002,76.900002,77.32,1923300,74.817052
2015-02-10,77.419998,77.599998,76.75,77.059998,2063000,74.565467
2015-02-09,75.690002,77.040001,75.290001,76.720001,2441500,74.236476
2015-02-06,76.32,77.510002,76.07,76.220001,3786500,73.752662
2015-02-05,75.449997,75.959999,75.410004,75.779999,3303500,73.326903
2015-02-04,75.739998,76.080002,75.080002,75.300003,3317900,72.572156
2015-02-03,74.690002,75.599998,74.540001,75.510002,2830800,72.774547
2015-02-02,73.699997,74.519997,72.769997,74.419998,3552000,71.72403
2015-01-30,74.50,74.910004,73.110001,73.209999,4937800,70.557865
2015-01-29,74.199997,75.25,73.900002,74.959999,4577700,72.244469
2015-01-28,76.660004,76.839996,74.43,74.449997,4404900,71.752942
2015-01-27,77.279999,77.580002,76.699997,76.769997,3205600,73.988897
2015-01-26,77.230003,78.300003,76.50,78.190002,4297900,75.357461
2015-01-23,76.629997,78.720001,76.629997,77.599998,4822800,74.788831
2015-01-22,76.959999,77.160004,74.75,76.199997,7580300,73.439546
2015-01-21,77.080002,77.599998,76.599998,77.209999,2486600,74.412959
2015-01-20,76.629997,77.620003,76.440002,77.389999,3296000,74.586439
2015-01-16,76.639999,77.209999,75.550003,76.650002,4689900,73.873249
2015-01-15,76.75,78.379997,76.639999,76.949997,3913300,74.162376
2015-01-14,77.440002,77.440002,75.510002,76.75,4149400,73.969624
2015-01-13,79.75,80.040001,77.629997,78.389999,3944700,75.550213
2015-01-12,79.790001,80.00,78.650002,79.059998,2372100,76.195939
2015-01-09,80.900002,81.029999,79.360001,79.370003,2741300,76.494714
2015-01-08,80.709999,81.389999,80.580002,80.769997,2008200,77.843991
2015-01-07,80.160004,80.459999,79.709999,79.989998,2434100,77.092249
2015-01-06,80.730003,80.769997,78.860001,79.089996,2929500,76.224851
2015-01-05,81.57,82.160004,80.199997,80.589996,2678200,77.670512
2015-01-02,82.790001,83.239998,81.730003,82.489998,1483200,79.501683
2014-12-31,83.830002,83.949997,82.529999,82.550003,1523200,79.559514
2014-12-30,83.089996,83.720001,82.900002,83.309998,2069000,80.291977
2014-12-29,82.959999,83.959999,82.830002,83.300003,1601200,80.282345
2014-12-26,83.379997,83.779999,83.18,83.209999,957600,80.195601
2014-12-24,83.57,83.57,83.190002,83.230003,1040600,80.214881
2014-12-23,83.389999,83.769997,83.209999,83.279999,1685200,80.263065
2014-12-22,82.400002,82.93,82.080002,82.889999,2040800,79.887194
2014-12-19,82.459999,82.940002,81.720001,82.43,4057100,79.443859
2014-12-18,80.339996,82.169998,80.330002,82.160004,4340300,79.183643
2014-12-17,78.419998,79.620003,78.150002,79.610001,5072400,76.726018
2014-12-16,78.870003,79.940002,77.720001,78.230003,3887600,75.396013
2014-12-15,80.510002,80.510002,78.580002,79.610001,4607400,76.726018
2014-12-12,81.800003,82.230003,80.150002,80.169998,3028100,77.265728
2014-12-11,82.580002,83.110001,82.190002,82.379997,2138300,79.395667
2014-12-10,83.279999,83.599998,82.300003,82.389999,4792900,79.405307
2014-12-09,82.089996,83.519997,82.089996,83.269997,3188700,80.253425
2014-12-08,83.169998,83.260002,82.480003,83.199997,3581200,80.185961
2014-12-05,82.699997,83.260002,82.43,82.940002,2853200,79.935385
2014-12-04,81.00,82.190002,81.00,82.089996,2924000,79.116172
2014-12-03,82.050003,82.57,81.830002,82.18,2333500,79.202915
2014-12-02,82.139999,82.800003,81.970001,82.339996,1962200,79.357115
2014-12-01,82.540001,82.800003,82.169998,82.309998,2161000,79.328203
2014-11-28,82.620003,83.690002,82.589996,83.199997,1161900,80.185961
2014-11-26,82.910004,83.00,82.410004,82.75,1470000,79.752266
2014-11-25,82.099998,82.860001,81.989998,82.660004,2393700,79.66553
2014-11-24,81.580002,82.230003,81.510002,82.099998,1767900,79.125812
2014-11-21,81.75,81.910004,80.93,81.209999,2461900,78.268054
2014-11-20,80.449997,81.529999,80.220001,81.089996,2968000,78.152398
2014-11-19,81.400002,81.459999,80.480003,80.639999,2173200,77.718703
2014-11-18,81.50,82.029999,81.25,81.290001,2596100,78.345157
2014-11-17,81.730003,81.730003,80.370003,81.139999,2931000,78.20059
2014-11-14,81.410004,81.959999,81.410004,81.760002,2458300,78.798132
2014-11-13,82.010002,82.330002,81.199997,81.599998,2632200,78.643925
2014-11-12,81.949997,82.010002,81.260002,81.57,2408300,78.615013
2014-11-11,82.230003,83.209999,81.830002,82.18,3543900,79.202915
2014-11-10,82.599998,83.300003,82.540001,83.239998,2207100,80.224513
2014-11-07,82.220001,83.139999,82.00,82.599998,2065100,79.607699
2014-11-06,81.599998,82.309998,81.239998,82.080002,2413200,79.10654
2014-11-05,82.690002,82.790001,81.32,81.599998,3954700,78.354795
2014-11-04,82.769997,82.839996,81.839996,82.470001,2199400,79.190198
2014-11-03,83.00,83.32,82.510002,82.669998,2061000,79.382241
2014-10-31,82.870003,83.07,82.43,82.769997,2666600,79.478263
2014-10-30,81.400002,82.360001,81.209999,81.730003,2227400,78.47963
2014-10-29,80.830002,81.800003,80.580002,81.290001,2509500,78.057126
2014-10-28,79.610001,80.800003,79.550003,80.690002,2251700,77.480989
2014-10-27,79.25,79.68,78.860001,79.040001,2675700,75.896608
2014-10-24,78.650002,79.349998,78.440002,79.269997,2289700,76.117457
2014-10-23,78.68,78.919998,78.209999,78.389999,2306300,75.272457
2014-10-22,78.510002,78.769997,77.800003,77.849998,3531500,74.753931
2014-10-21,77.290001,78.739998,76.690002,78.699997,4667400,75.570126
2014-10-20,76.230003,76.730003,76.00,76.50,4578800,73.457622
2014-10-17,75.989998,76.769997,75.080002,76.43,9753000,73.390406
2014-10-16,77.849998,79.459999,77.260002,78.529999,5980200,75.406888
2014-10-15,79.050003,80.190002,77.830002,79.209999,7118000,76.059845
2014-10-14,79.610001,80.480003,79.540001,80.029999,2889600,76.847234
2014-10-13,80.230003,80.809998,79.410004,79.480003,2987200,76.319111
2014-10-10,81.440002,82.139999,80.339996,80.360001,2738900,77.164112
2014-10-09,82.610001,83.099998,81.330002,81.440002,2954700,78.201162
2014-10-08,81.110001,82.940002,80.709999,82.760002,3370700,79.468666
2014-10-07,81.540001,81.809998,80.82,80.82,3123900,77.605817
2014-10-06,82.809998,82.989998,81.82,82.220001,1952600,78.950141
2014-10-03,82.080002,82.660004,82.029999,82.279999,3397200,79.007752
2014-10-02,80.68,81.50,80.139999,81.129997,2721800,77.903486
2014-10-01,81.75,81.910004,80.57,80.610001,3336100,77.404169
2014-09-30,81.940002,82.400002,81.559998,81.620003,3460900,78.374004
2014-09-29,80.790001,82.029999,80.75,81.830002,3133600,78.575651
2014-09-26,81.050003,81.809998,80.879997,81.610001,2292000,78.364399
2014-09-25,82.269997,82.510002,81.010002,81.010002,3232300,77.788263
2014-09-24,82.209999,82.519997,81.660004,82.419998,2158900,79.142184
2014-09-23,82.809998,83.199997,82.040001,82.050003,2805900,78.786903
2014-09-22,83.93,84.349998,83.25,83.290001,2112500,79.977587
2014-09-19,84.419998,84.660004,83.889999,84.07,4328500,80.726565
2014-09-18,83.160004,83.989998,82.970001,83.669998,4199200,80.342472
2014-09-17,82.480003,83.269997,82.129997,82.879997,4075000,79.583889
2014-09-16,81.550003,82.489998,81.25,82.18,2891500,78.91173
2014-09-15,81.120003,81.779999,80.919998,81.50,3621100,78.258774
2014-09-12,81.120003,81.220001,80.660004,80.940002,2949600,77.721047
2014-09-11,81.040001,81.339996,80.93,81.230003,2129800,77.999515
2014-09-10,81.610001,82.230003,81.199997,81.230003,3078700,77.999515
2014-09-09,81.989998,82.059998,81.480003,81.519997,1945700,78.277975
2014-09-08,82.419998,82.779999,81.849998,82.080002,1906600,78.815709
2014-09-05,82.50,82.849998,82.139999,82.690002,1620600,79.40145
2014-09-04,82.68,83.099998,82.18,82.50,1892600,79.219004
2014-09-03,82.809998,82.93,82.440002,82.529999,2207400,79.24781
2014-09-02,82.339996,82.690002,81.870003,82.580002,2808900,79.295824
2014-08-29,82.050003,82.419998,81.790001,82.059998,1897900,78.7965
2014-08-28,81.50,81.790001,81.209999,81.589996,1200600,78.345191
2014-08-27,81.989998,82.019997,81.690002,81.959999,1556800,78.700479
2014-08-26,82.129997,82.25,81.739998,81.800003,1458000,78.546846
2014-08-25,81.870003,82.660004,81.82,82.059998,2188200,78.7965
2014-08-22,81.650002,82.00,81.199997,81.300003,1458800,78.06673
2014-08-21,81.209999,81.82,80.970001,81.690002,2863900,78.44122
2014-08-20,80.449997,81.019997,80.260002,80.919998,2159600,77.701838
2014-08-19,80.629997,80.68,80.419998,80.480003,1687500,77.279342
2014-08-18,79.870003,80.419998,79.769997,80.419998,3003500,77.221723
2014-08-15,80.169998,80.239998,78.739998,79.300003,2364900,76.14627
2014-08-14,79.910004,80.150002,79.629997,79.790001,1611100,76.616781
2014-08-13,79.639999,79.959999,79.389999,79.879997,2594000,76.703198
2014-08-12,78.389999,79.419998,78.389999,79.339996,2927200,76.184672
2014-08-11,79.029999,79.339996,78.589996,78.709999,1745100,75.57973
2014-08-08,78.120003,78.900002,77.699997,78.879997,2279600,75.742967
2014-08-07,78.849998,78.919998,77.879997,78.040001,2346400,74.936377
2014-08-06,78.379997,79.080002,78.25,78.760002,2820900,75.339673
2014-08-05,79.709999,79.919998,78.650002,78.790001,3695200,75.36837
2014-08-04,79.800003,80.220001,79.400002,80.220001,5056900,76.736269
2014-08-01,79.040001,80.019997,78.870003,79.489998,4016700,76.037968
2014-07-31,81.110001,81.18,79.540001,79.540001,3243200,76.085799
2014-07-30,81.480003,81.800003,81.019997,81.559998,2806300,78.018073
2014-07-29,81.529999,81.910004,81.18,81.190002,2139100,77.664146
2014-07-28,83.110001,83.519997,81.160004,81.529999,2386600,77.989377
2014-07-25,82.110001,82.519997,81.57,81.650002,2929600,78.104168
2014-07-24,82.540001,82.610001,82.169998,82.400002,3620000,78.821598
2014-07-23,82.330002,82.389999,81.949997,81.989998,2851400,78.429399
2014-07-22,81.910004,82.389999,81.889999,82.120003,3966300,78.553759
2014-07-21,82.32,82.419998,81.779999,81.919998,3595400,78.36244
2014-07-18,83.68,83.900002,82.059998,82.290001,6368300,78.716374
2014-07-17,84.07,84.279999,82.410004,82.489998,4083900,78.907686
2014-07-16,85.050003,85.160004,84.059998,84.379997,3356700,80.715608
2014-07-15,84.389999,85.389999,84.339996,84.900002,3029200,81.21303
2014-07-14,84.639999,84.900002,83.889999,84.010002,2608500,80.361681
2014-07-11,83.769997,84.080002,83.32,83.959999,1934500,80.313849
2014-07-10,83.040001,84.080002,82.989998,83.690002,2401700,80.055578
2014-07-09,84.150002,84.949997,83.68,84.389999,2773000,80.725176
2014-07-08,83.290001,83.610001,82.889999,83.230003,2640700,79.615555
2014-07-07,84.309998,84.599998,83.290001,83.57,2501800,79.940786
2014-07-03,84.199997,84.980003,83.910004,84.949997,2811500,81.260854
2014-07-02,83.290001,83.68,83.150002,83.599998,2830400,79.969482
2014-07-01,83.120003,83.529999,82.879997,83.019997,3252600,79.414668
2014-06-30,83.00,83.080002,82.480003,82.599998,2349100,79.012909
2014-06-27,81.059998,83.190002,81.059998,83.010002,2723100,79.405108
2014-06-26,82.25,82.519997,81.540001,82.489998,1977300,78.907686
2014-06-25,82.139999,82.589996,81.940002,82.330002,2554600,78.754638
2014-06-24,83.349998,83.720001,82.419998,82.449997,3538400,78.869422
2014-06-23,83.18,83.57,82.75,83.489998,3117500,79.864259
2014-06-20,82.400002,83.889999,82.379997,83.43,6220000,79.806867
2014-06-19,81.970001,82.220001,81.339996,82.00,3867100,78.438967
2014-06-18,80.82,81.739998,80.199997,81.650002,5820200,78.104168
2014-06-17,80.82,81.550003,80.769997,80.900002,5594400,77.386739
2014-06-16,80.379997,81.400002,80.150002,81.040001,3273000,77.520658
2014-06-13,80.910004,81.040001,80.129997,80.470001,3259900,76.975412
2014-06-12,80.610001,81.260002,80.610001,80.93,2920700,77.415435
2014-06-11,81.57,81.57,80.300003,80.830002,3373700,77.319779
2014-06-10,81.809998,81.959999,81.480003,81.709999,2537600,78.16156
2014-06-09,81.00,82.32,80.959999,81.989998,3341000,78.429399
2014-06-06,79.910004,80.970001,79.779999,80.800003,2650900,77.291083
2014-06-05,78.900002,79.970001,78.809998,79.82,2088300,76.353638
2014-06-04,78.690002,79.279999,78.599998,79.18,2094400,75.741432
2014-06-03,78.470001,79.07,78.110001,78.779999,2410700,75.358802
2014-06-02,78.919998,79.029999,78.199997,78.629997,2454500,75.215314
2014-05-30,78.650002,79.239998,78.610001,78.889999,2424900,75.464025
2014-05-29,78.589996,78.900002,78.169998,78.720001,2464100,75.30141
2014-05-28,77.980003,78.879997,77.93,78.550003,2939400,75.138794
2014-05-27,77.190002,78.199997,77.160004,77.75,2028500,74.373533
2014-05-23,76.43,77.279999,76.43,77.190002,1702000,73.837855
2014-05-22,76.50,77.080002,76.50,76.650002,1936300,73.321304
2014-05-21,75.800003,76.790001,75.699997,76.669998,1830300,73.340433
2014-05-20,76.089996,76.25,75.330002,75.480003,1928600,72.202116
2014-05-19,75.699997,76.160004,75.599998,76.099998,2264100,72.795186
2014-05-16,76.209999,76.279999,75.169998,75.769997,3325100,72.479516
2014-05-15,75.989998,76.43,75.349998,76.419998,3354500,73.101289
2014-05-14,77.279999,77.540001,76.059998,76.169998,2620700,72.862146
2014-05-13,77.760002,77.970001,77.18,77.510002,2476800,74.143958
2014-05-12,76.879997,77.779999,76.879997,77.730003,2566500,74.354405
2014-05-09,76.209999,76.650002,76.019997,76.43,2750600,73.110857
2014-05-08,76.010002,76.900002,75.870003,76.169998,3275200,72.862146
2014-05-07,75.169998,76.489998,75.169998,76.419998,2835900,72.814316
2014-05-06,75.330002,75.82,74.760002,74.980003,3497800,71.442264
2014-05-05,75.800003,75.860001,75.199997,75.809998,3188900,72.233097
2014-05-02,74.760002,75.980003,74.449997,75.82,5635000,72.242627
2014-05-01,73.900002,74.540001,73.389999,74.529999,4774400,71.013492
2014-04-30,73.519997,74.019997,73.230003,73.900002,4251700,70.413219
2014-04-29,73.440002,73.660004,73.209999,73.510002,4016100,70.041621
2014-04-28,73.809998,74.080002,72.629997,72.949997,6126400,69.508038
2014-04-25,74.540001,74.739998,73.199997,73.339996,3946900,69.879636
2014-04-24,75.309998,75.410004,74.550003,74.739998,2729400,71.213582
2014-04-23,75.059998,75.419998,74.779999,74.919998,3376400,71.38509
2014-04-22,75.07,75.739998,74.839996,75.110001,4021800,71.566127
2014-04-21,75.459999,75.940002,74.93,75.050003,4336400,71.508961
2014-04-17,75.589996,75.889999,74.720001,74.889999,4794000,71.356506
2014-04-16,75.269997,75.550003,74.629997,75.160004,3643600,71.613771
2014-04-15,74.389999,75.330002,73.559998,74.519997,3107700,71.003961
2014-04-14,74.870003,74.940002,73.209999,74.059998,2979800,70.565666
2014-04-11,73.400002,74.830002,73.059998,74.040001,2741300,70.546613
2014-04-10,76.400002,76.510002,74.07,74.07,4814300,70.575196
2014-04-09,75.839996,76.440002,75.220001,76.339996,3582300,72.738089
2014-04-08,75.489998,76.099998,74.989998,75.68,3051300,72.109233
2014-04-07,76.519997,76.540001,75.040001,75.550003,3864000,71.98537
2014-04-04,77.760002,77.910004,76.540001,76.699997,3008700,73.081104
2014-04-03,77.279999,77.68,77.00,77.470001,2392200,73.814777
2014-04-02,76.860001,77.370003,76.550003,77.150002,2521100,73.509876
2014-04-01,77.330002,77.449997,76.559998,76.779999,2171700,73.157331
2014-03-31,76.699997,77.550003,76.589996,77.160004,2549700,73.519406
2014-03-28,76.019997,76.610001,75.660004,76.089996,2024000,72.499885
2014-03-27,75.580002,76.400002,75.07,75.879997,3924500,72.299794
2014-03-26,75.639999,76.089996,74.919998,74.959999,2836400,71.423203
2014-03-25,75.510002,75.970001,75.099998,75.32,2884100,71.766218
2014-03-24,75.510002,75.860001,74.879997,75.199997,2245600,71.651878
2014-03-21,75.139999,76.93,74.690002,75.400002,6870100,71.842445
2014-03-20,72.879997,74.349998,72.830002,74.279999,2724800,70.775287
2014-03-19,73.639999,74.25,72.830002,73.110001,2864800,69.660492
2014-03-18,73.970001,74.029999,73.339996,73.550003,1796900,70.079734
2014-03-17,73.910004,73.949997,72.839996,73.830002,1911100,70.346522
2014-03-14,72.529999,73.309998,72.059998,72.190002,2321200,68.783902
2014-03-13,74.639999,74.769997,72.540001,72.730003,2876700,69.298424
2014-03-12,73.870003,74.360001,73.739998,74.190002,1936400,70.689537
2014-03-11,75.519997,75.519997,74.160004,74.360001,2075200,70.851514
2014-03-10,74.760002,75.290001,74.480003,75.150002,1939100,71.604241
2014-03-07,75.330002,75.860001,74.730003,75.010002,2487000,71.470847
2014-03-06,74.510002,75.230003,74.260002,75.029999,2879600,71.4899
2014-03-05,73.650002,74.599998,73.309998,74.360001,2438900,70.851514
2014-03-04,73.080002,73.790001,72.639999,73.669998,2573000,70.194068
2014-03-03,72.690002,72.809998,71.970001,72.239998,2040100,68.831538
2014-02-28,72.830002,74.07,72.82,73.43,2753900,69.965394
2014-02-27,71.360001,72.730003,71.220001,72.620003,2609400,69.193614
2014-02-26,71.18,71.620003,70.790001,71.330002,2298700,67.964478
2014-02-25,71.809998,71.860001,70.720001,71.040001,3350700,67.68816
2014-02-24,70.970001,72.099998,70.970001,71.730003,2823400,68.345607
2014-02-21,70.839996,71.540001,70.580002,70.970001,2969900,67.621463
2014-02-20,70.889999,70.989998,70.209999,70.839996,2789400,67.497592
2014-02-19,72.139999,72.589996,70.900002,70.949997,2275300,67.602403
2014-02-18,72.68,73.099998,72.230003,72.419998,1850100,69.003046
2014-02-14,72.199997,72.540001,72.080002,72.400002,1587100,68.983993
2014-02-13,70.809998,72.419998,70.809998,72.370003,2839800,68.955409
2014-02-12,71.400002,72.099998,71.279999,71.660004,2378700,68.27891
2014-02-11,71.32,71.879997,71.040001,71.260002,3026200,67.897781
2014-02-10,71.400002,71.970001,70.910004,71.370003,2091900,68.002592
2014-02-07,70.120003,71.419998,70.120003,71.400002,3471600,68.031175
2014-02-06,68.660004,69.980003,68.559998,69.919998,2295900,66.621002
2014-02-05,68.610001,68.839996,67.860001,68.660004,2667900,65.134611
2014-02-04,69.120003,69.660004,68.360001,68.720001,3110800,65.191528
2014-02-03,70.519997,70.610001,68.589996,68.870003,3856900,65.333828
2014-01-31,69.940002,70.989998,69.720001,70.610001,3228800,66.984484
2014-01-30,70.610001,71.309998,70.290001,70.959999,2205800,67.316512
2014-01-29,70.080002,70.919998,69.779999,69.870003,2906200,66.282482
2014-01-28,69.970001,71.110001,69.93,70.870003,2293300,67.231137
2014-01-27,70.550003,70.75,69.720001,69.949997,3277800,66.358369
2014-01-24,71.239998,71.779999,70.57,70.57,3768800,66.946537
2014-01-23,72.360001,72.360001,71.059998,71.540001,4323900,67.866733
2014-01-22,72.690002,72.970001,72.459999,72.650002,4125300,68.91974
2014-01-21,72.800003,73.139999,72.410004,72.610001,6158300,68.881793
2014-01-17,73.879997,73.910004,72.290001,72.389999,10411300,68.673088
2014-01-16,77.099998,77.230003,76.309998,76.440002,3130300,72.515141
2014-01-15,77.25,77.519997,76.809998,77.029999,3054300,73.074844
2014-01-14,77.279999,77.720001,76.82,77.360001,2530900,73.387901
2014-01-13,77.620003,77.910004,76.139999,76.370003,2639600,72.448736
2014-01-10,77.980003,78.239998,77.400002,78.019997,2324500,74.014009
2014-01-09,78.059998,78.339996,77.739998,77.849998,3648000,73.85274
2014-01-08,77.220001,77.919998,77.18,77.849998,3035100,73.85274
2014-01-07,78.309998,78.489998,77.129997,77.279999,5041100,73.312007
2014-01-06,77.550003,78.07,76.57,76.589996,3489200,72.657433
2014-01-03,77.239998,77.599998,76.910004,77.339996,1940000,73.368924
2014-01-02,76.610001,77.730003,76.599998,77.25,3070300,73.283549
2013-12-31,76.00,76.709999,75.849998,76.610001,1935400,72.676411
2013-12-30,75.970001,76.160004,75.540001,75.82,1429300,71.926973
2013-12-27,75.870003,75.959999,75.510002,75.779999,693500,71.889026
2013-12-26,75.620003,76.00,75.400002,75.879997,1615100,71.98389
2013-12-24,75.07,75.470001,74.970001,75.379997,666700,71.509563
2013-12-23,74.949997,75.330002,74.50,75.010002,1908700,71.158565
2013-12-20,73.940002,74.809998,73.610001,74.730003,4705200,70.892943
2013-12-19,73.360001,73.779999,72.769997,73.639999,2984300,69.858906
2013-12-18,71.879997,73.510002,71.220001,73.449997,3311900,69.678659
2013-12-17,72.720001,72.949997,71.470001,71.790001,2010800,68.103897
2013-12-16,71.760002,72.510002,71.550003,72.18,2232700,68.473872
2013-12-13,71.690002,71.809998,71.089996,71.470001,1837800,67.800328
2013-12-12,71.690002,71.889999,71.019997,71.480003,2558500,67.809816
2013-12-11,73.00,73.220001,71.690002,71.860001,3254600,68.170302
2013-12-10,72.709999,73.220001,72.360001,72.82,1858000,69.08101
2013-12-09,73.019997,73.330002,72.800003,73.00,2612400,69.251768
2013-12-06,72.769997,73.190002,72.330002,72.599998,4134500,68.872305
2013-12-05,72.25,72.419998,71.599998,71.940002,3508500,68.246197
2013-12-04,71.279999,72.639999,71.150002,72.349998,3459500,68.635141
2013-12-03,71.919998,72.150002,71.349998,71.629997,4238700,67.952109
2013-12-02,72.650002,73.00,71.860001,72.099998,3869000,68.397977
2013-11-29,71.690002,72.18,71.32,71.629997,1699700,67.952109
2013-11-27,71.089996,71.599998,70.839996,71.510002,1967300,67.838275
2013-11-26,70.540001,71.120003,70.389999,70.809998,2322700,67.174212
2013-11-25,69.730003,70.779999,69.599998,70.410004,2474500,66.794757
2013-11-22,69.959999,69.959999,69.040001,69.610001,3018400,66.03583
2013-11-21,69.25,69.849998,69.059998,69.629997,2755000,66.0548
2013-11-20,69.889999,69.910004,68.739998,68.800003,2884700,65.267422
2013-11-19,69.419998,69.589996,69.019997,69.25,2335700,65.694314
2013-11-18,70.440002,70.580002,69.32,69.419998,3286800,65.855583
2013-11-15,70.400002,70.93,70.239998,70.370003,2738800,66.756809
2013-11-14,70.129997,70.879997,70.110001,70.690002,2641000,67.060379
2013-11-13,69.279999,70.07,68.800003,70.059998,3378900,66.462722
2013-11-12,69.660004,69.879997,69.32,69.510002,2515300,65.940966
2013-11-11,69.629997,69.949997,69.459999,69.68,2086100,66.102236
2013-11-08,68.900002,70.00,68.849998,69.589996,3932300,66.016853
2013-11-07,69.589996,69.900002,68.82,68.849998,2946500,65.314851
2013-11-06,70.480003,70.480003,68.919998,69.290001,3264700,65.732261
2013-11-05,69.50,70.150002,69.120003,69.959999,2748500,66.083263
2013-11-04,69.519997,69.690002,69.160004,69.610001,2578600,65.75266
2013-11-01,68.790001,69.449997,68.629997,69.389999,2470600,65.544849
2013-10-31,69.580002,69.669998,68.669998,68.669998,4563300,64.864746
2013-10-30,70.82,71.00,69.68,69.800003,3201700,65.932133
2013-10-29,70.870003,71.379997,70.839996,70.93,2659100,66.999513
2013-10-28,70.370003,71.129997,70.019997,70.769997,2322300,66.848376
2013-10-25,70.589996,70.82,70.07,70.379997,3311200,66.479988
2013-10-24,70.82,70.849998,70.120003,70.650002,3095400,66.73503
2013-10-23,70.860001,70.860001,70.150002,70.540001,3294000,66.631125
2013-10-22,71.449997,71.620003,70.519997,71.00,4767400,67.065634
2013-10-21,71.800003,71.949997,71.160004,71.269997,3603300,67.320669
2013-10-18,72.800003,72.989998,70.949997,71.599998,6241700,67.632385
2013-10-17,72.099998,72.540001,71.629997,72.150002,4603700,68.15191
2013-10-16,71.889999,72.650002,71.830002,72.25,3925300,68.246367
2013-10-15,71.93,72.169998,71.290001,71.589996,4403000,67.622937
2013-10-14,71.620003,72.349998,71.080002,72.099998,3674400,68.104678
2013-10-11,70.75,71.940002,70.620003,71.910004,2294900,67.925211
2013-10-10,69.099998,70.910004,69.080002,70.760002,3158600,66.838935
2013-10-09,67.900002,68.379997,67.360001,68.099998,2626300,64.326332
2013-10-08,68.879997,69.139999,67.599998,67.830002,3565700,64.071297
2013-10-07,69.629997,69.650002,68.82,68.879997,2587000,65.063108
2013-10-04,68.879997,70.489998,68.730003,70.32,3046400,66.423315
2013-10-03,69.160004,69.699997,68.379997,68.779999,2289200,64.968651
2013-10-02,69.440002,69.550003,68.879997,69.550003,2480500,65.695987
2013-10-01,69.040001,70.00,68.949997,69.790001,2768700,65.922685
2013-09-30,68.480003,69.050003,68.07,68.739998,2940500,64.930867
2013-09-27,68.739998,69.110001,68.599998,68.919998,2162800,65.100893
2013-09-26,69.07,69.839996,68.879997,69.120003,1821800,65.289814
2013-09-25,68.720001,69.699997,68.370003,69.190002,3168000,65.355935
2013-09-24,68.339996,69.379997,67.849998,68.489998,3254500,64.69472
2013-09-23,68.75,68.839996,67.970001,68.449997,2590800,64.656936
2013-09-20,69.089996,69.559998,68.949997,69.099998,3306600,65.270919
2013-09-19,69.550003,69.760002,68.849998,69.040001,1911700,65.214246
2013-09-18,68.959999,69.650002,68.690002,69.279999,2644900,65.440944
2013-09-17,67.910004,69.239998,67.839996,69.120003,3308800,65.289814
2013-09-16,68.190002,68.699997,67.470001,67.650002,3057500,63.901271
2013-09-13,67.959999,68.18,67.32,67.489998,1950400,63.750134
2013-09-12,67.57,68.190002,67.550003,67.949997,2912000,64.184643
2013-09-11,67.889999,68.099998,67.330002,67.620003,2218400,63.872935
2013-09-10,67.00,68.019997,66.809998,67.849998,2572900,64.090186
2013-09-09,65.489998,66.480003,65.339996,66.459999,1883500,62.777211
2013-09-06,65.639999,65.730003,64.339996,65.379997,1699700,61.757056
2013-09-05,65.00,65.980003,64.919998,65.580002,1815000,61.945978
2013-09-04,64.339996,65.199997,64.209999,65.029999,1782400,61.426452
2013-09-03,65.309998,65.599998,63.990002,64.400002,1834000,60.831365
2013-08-30,64.459999,64.699997,64.239998,64.550003,2026100,60.973055
2013-08-29,63.91,64.839996,63.689999,64.379997,1685500,60.81247
2013-08-28,64.349998,64.57,63.650002,64.040001,3039300,60.491314
2013-08-27,65.389999,65.629997,64.150002,64.309998,2850300,60.746349
2013-08-26,66.580002,66.809998,66.00,66.00,1352500,62.342702
2013-08-23,67.059998,67.059998,66.099998,66.669998,1145800,62.975573
2013-08-22,66.580002,67.029999,66.190002,66.68,1462700,62.985021
2013-08-21,66.379997,66.82,65.849998,66.160004,1853200,62.493839
2013-08-20,65.959999,67.040001,65.669998,66.589996,1981500,62.900005
2013-08-19,66.870003,67.220001,65.889999,65.910004,2155300,62.257693
2013-08-16,66.889999,67.690002,66.839996,67.160004,2403800,63.438426
2013-08-15,68.080002,68.25,66.82,67.010002,2639900,63.296736
2013-08-14,68.449997,68.760002,68.339996,68.360001,1487900,64.571927
2013-08-13,68.379997,68.879997,67.910004,68.559998,1386300,64.760841
2013-08-12,68.00,68.50,67.739998,68.419998,1890200,64.628599
2013-08-09,68.410004,68.830002,68.169998,68.230003,2402000,64.449133
2013-08-08,68.480003,68.809998,68.169998,68.419998,2734200,64.628599
2013-08-07,69.029999,69.029999,67.870003,67.93,3996100,64.165754
2013-08-06,69.440002,69.529999,68.839996,69.290001,2698100,65.450392
2013-08-05,69.370003,69.639999,69.129997,69.50,1998300,65.648755
2013-08-02,69.459999,69.720001,69.349998,69.589996,2535200,65.733764
2013-08-01,69.480003,69.790001,68.879997,69.699997,3170400,65.837669
2013-07-31,69.129997,69.519997,68.50,69.019997,5287900,64.911975
2013-07-30,68.970001,69.220001,68.260002,69.169998,3325100,65.053049
2013-07-29,68.419998,68.540001,68.18,68.449997,1942100,64.375902
2013-07-26,68.50,68.779999,67.860001,68.760002,2549300,64.667456
2013-07-25,68.059998,68.760002,67.25,68.720001,3715200,64.629835
2013-07-24,69.139999,69.489998,68.669998,68.720001,2191000,64.629835
2013-07-23,69.239998,69.379997,68.739998,69.010002,2417700,64.902576
2013-07-22,69.269997,69.400002,68.800003,69.190002,3198300,65.071863
2013-07-19,69.059998,70.00,68.220001,69.139999,5275800,65.024836
2013-07-18,66.900002,67.519997,66.419998,67.050003,3839800,63.059234
2013-07-17,66.769997,67.059998,65.970001,66.900002,3077500,62.918161
2013-07-16,66.760002,67.080002,65.940002,66.68,1973900,62.711254
2013-07-15,67.629997,67.699997,66.169998,66.849998,2027500,62.871134
2013-07-12,65.989998,66.959999,65.82,66.809998,2192500,62.833514
2013-07-11,65.709999,65.93,65.099998,65.809998,2801100,61.893033
2013-07-10,65.529999,65.529999,64.599998,64.910004,3139700,61.046606
2013-07-09,65.93,66.139999,65.379997,65.529999,2890200,61.6297
2013-07-08,66.07,66.330002,65.279999,65.540001,3291200,61.639107
2013-07-05,64.529999,65.660004,64.290001,65.660004,2449100,61.751967
2013-07-03,63.82,64.139999,63.330002,63.919998,1510700,60.115525
2013-07-02,63.639999,64.720001,63.59,64.239998,4959500,60.416479
2013-07-01,63.169998,63.990002,63.09,63.59,2924300,59.805168
2013-06-28,62.41,63.119999,61.77,62.810001,3694400,59.071595
2013-06-27,62.00,63.00,61.84,62.689999,2650400,58.958734
2013-06-26,61.599998,61.880001,61.150002,61.57,2749400,57.905397
2013-06-25,60.509998,61.419998,60.419998,61.110001,2926000,57.472777
2013-06-24,60.93,61.00,59.810001,59.970001,3147200,56.400629
2013-06-21,62.09,62.16,60.709999,61.360001,4593700,57.707897
2013-06-20,61.720001,62.50,61.389999,61.619999,5222200,57.95242
2013-06-19,62.25,62.389999,61.619999,61.810001,3641500,58.131114
2013-06-18,61.93,62.279999,61.790001,62.099998,3661900,58.403851
2013-06-17,61.419998,62.040001,60.869999,62.00,3936700,58.309804
2013-06-14,62.200001,62.220001,60.580002,61.009998,3501800,57.378726
2013-06-13,61.43,62.490002,61.16,62.349998,2414700,58.638971
2013-06-12,61.860001,62.110001,61.119999,61.380001,2058200,57.726707
2013-06-11,61.900002,62.169998,61.27,61.459999,2624200,57.801944
2013-06-10,62.34,62.939999,62.18,62.540001,2270900,58.817664
2013-06-07,61.310001,62.389999,61.25,62.330002,3684100,58.620164
2013-06-06,60.130001,60.790001,59.669998,60.77,2939900,57.153013
2013-06-05,61.07,61.360001,59.889999,60.189999,3487200,56.607533
2013-06-04,61.880001,62.259998,61.110001,61.259998,2851700,57.613847
2013-06-03,61.18,62.00,60.810001,61.91,3295800,58.225161
2013-05-31,62.07,62.119999,60.93,60.93,5334500,57.30349
2013-05-30,61.73,62.98,61.540001,62.43,5352900,58.714211
2013-05-29,61.32,62.02,61.07,61.599998,3918300,57.93361
2013-05-28,62.00,62.540001,61.740002,61.810001,5252100,58.131114
2013-05-24,60.810001,61.220001,60.50,61.130001,3903000,57.491587
2013-05-23,60.98,61.66,60.50,61.240002,3538700,57.59504
2013-05-22,62.130001,63.630001,61.23,61.540001,5850000,57.877184
2013-05-21,61.860001,62.41,61.59,62.110001,3339300,58.413257
2013-05-20,60.720001,62.060001,60.720001,61.810001,3618500,58.131114
2013-05-17,59.509998,60.950001,59.380001,60.830002,4108000,57.209443
2013-05-16,59.919998,60.00,58.970001,59.150002,3575800,55.629435
2013-05-15,59.59,60.279999,59.330002,60.110001,3206900,56.532296
2013-05-14,58.959999,59.799999,58.889999,59.599998,3259900,56.052649
2013-05-13,59.380001,59.52,58.50,58.810001,2380700,55.309672
2013-05-10,59.290001,59.509998,58.84,59.509998,2723300,55.968005
2013-05-09,59.689999,59.689999,58.84,59.150002,2567000,55.629435
2013-05-08,58.84,59.849998,58.470001,59.84,3885300,55.996219
2013-05-07,59.099998,59.400002,58.889999,59.080002,3236200,55.285038
2013-05-06,58.470001,59.27,58.259998,59.049999,3410600,55.256963
2013-05-03,58.700001,59.639999,58.400002,58.52,4101300,54.761008
2013-05-02,57.330002,58.32,57.049999,58.18,3555700,54.442848
2013-05-01,57.779999,57.849998,57.16,57.349998,2752100,53.666161
2013-04-30,57.490002,57.93,57.330002,57.779999,3219100,54.06854
2013-04-29,57.299999,57.57,57.200001,57.509998,4659300,53.815883
2013-04-26,57.169998,57.389999,56.669998,57.150002,3426000,53.47901
2013-04-25,57.049999,57.549999,56.779999,57.029999,4302900,53.366716
2013-04-24,56.25,57.110001,56.189999,57.060001,5587100,53.394791
2013-04-23,56.029999,56.580002,55.490002,56.34,5034500,52.721039
2013-04-22,56.290001,56.34,55.130001,55.360001,4598000,51.803989
2013-04-19,54.970001,56.490002,54.400002,56.169998,13367200,52.561957
2013-04-18,52.849998,53.27,52.34,52.790001,5486700,49.399071
2013-04-17,52.830002,53.119999,52.450001,52.759998,5379800,49.370996
2013-04-16,53.549999,53.709999,52.75,53.330002,4768800,49.904386
2013-04-15,54.360001,54.389999,53.060001,53.099998,5634700,49.689156
2013-04-12,54.59,54.799999,53.91,54.66,4026000,51.148952
2013-04-11,55.77,55.82,54.790001,54.82,4461400,51.298674
2013-04-10,55.959999,56.50,55.740002,55.759998,3652000,52.178293
2013-04-09,55.50,56.16,55.400002,55.810001,4490700,52.225084
2013-04-08,54.529999,55.470001,54.32,55.41,2752500,51.850776
2013-04-05,54.360001,54.84,53.82,54.709999,3679700,51.19574
2013-04-04,54.150002,55.130001,54.080002,55.07,4848600,51.532616
2013-04-03,54.630001,54.709999,53.939999,54.16,4133600,50.681069
2013-04-02,53.849998,54.68,53.849998,54.630001,4061500,51.12088
2013-04-01,55.060001,55.060001,53.439999,53.68,3320900,50.231902
2013-03-28,54.75,55.00,54.650002,54.950001,2644600,51.420325
2013-03-27,54.650002,55.209999,54.57,54.82,2530900,51.298674
2013-03-26,54.900002,55.52,54.849998,55.060001,4867400,51.52326
2013-03-25,54.400002,54.709999,53.900002,54.59,4540100,51.083449
2013-03-22,53.689999,54.16,53.580002,54.099998,2431800,50.624922
2013-03-21,53.48,54.07,53.48,53.709999,3292700,50.259974
2013-03-20,53.970001,54.099998,53.540001,53.91,4943900,50.447128
2013-03-19,54.939999,54.939999,53.169998,53.639999,6083000,50.194471
2013-03-18,54.529999,54.98,54.25,54.66,3219200,51.148952
2013-03-15,54.66,55.259998,54.369999,55.189999,8652100,51.644907
2013-03-14,54.82,55.040001,54.220001,54.509998,3733800,51.008586
2013-03-13,54.619999,55.119999,54.529999,54.630001,3115700,51.12088
2013-03-12,55.00,55.23,54.439999,54.599998,5322000,51.092805
2013-03-11,54.259998,55.02,53.84,54.98,3983100,51.448397
2013-03-08,54.799999,54.84,53.59,54.200001,4184600,50.718501
2013-03-07,54.360001,54.709999,54.029999,54.419998,4861300,50.924367
2013-03-06,54.290001,54.599998,53.950001,54.310001,6279400,50.821436
2013-03-05,53.610001,54.849998,53.43,53.950001,10804300,50.484559
2013-03-04,51.740002,53.23,51.73,53.119999,9440900,49.707872
2013-03-01,50.209999,51.950001,50.209999,51.869999,11378200,48.538165
2013-02-28,51.400002,51.630001,50.740002,51.029999,6471200,47.752122
2013-02-27,51.34,51.73,50.919998,51.59,6580800,48.276152
2013-02-26,51.279999,51.610001,50.689999,51.470001,6155400,48.163861
2013-02-25,52.450001,52.57,50.799999,50.799999,6376800,47.536896
2013-02-22,52.610001,52.66,51.919998,52.279999,5695700,48.921829
2013-02-21,52.139999,52.419998,51.830002,52.209999,6306300,48.856325
2013-02-20,52.25,52.990002,51.900002,52.27,12105900,48.912473
2013-02-19,53.990002,54.00,52.950001,53.119999,9927100,49.707872
2013-02-15,56.09,56.09,53.68,54.029999,9782600,50.559419
2013-02-14,54.959999,55.619999,54.740002,55.59,6629400,52.019214
2013-02-13,55.799999,56.099998,55.049999,55.07,7385400,51.532616
2013-02-12,56.419998,56.529999,55.330002,55.779999,8458900,52.197009
2013-02-11,57.02,57.080002,56.330002,56.549999,3865900,52.917549
2013-02-08,57.380001,57.560001,56.889999,57.27,3733100,53.591301
2013-02-07,57.75,57.84,56.790001,57.189999,5030000,53.516438
2013-02-06,56.790001,57.91,56.709999,57.470001,4668200,53.731666
2013-02-05,56.740002,57.369999,56.470001,57.130001,4832800,53.413783
2013-02-04,56.110001,56.68,56.009998,56.389999,4016800,52.721917
2013-02-01,56.779999,57.049999,56.32,56.50,6329900,52.824762
2013-01-31,56.41,56.75,56.18,56.32,4628900,52.656471
2013-01-30,55.459999,56.720001,55.450001,56.560001,5605300,52.880861
2013-01-29,55.669998,56.009998,55.130001,55.619999,6769000,52.002004
2013-01-28,56.580002,56.59,55.900002,56.00,5616300,52.357286
2013-01-25,56.98,57.330002,56.02,56.32,6656200,52.656471
2013-01-24,56.240002,56.93,56.200001,56.860001,5489000,53.161345
2013-01-23,56.32,56.759998,56.080002,56.240002,4814900,52.581676
2013-01-22,56.860001,56.900002,56.080002,56.16,8788900,52.506879
2013-01-18,56.59,57.50,56.209999,56.990002,27136300,53.28289
2013-01-17,61.880001,62.139999,61.240002,61.59,6044700,57.583666
2013-01-16,61.41,61.779999,61.060001,61.75,4057700,57.733258
2013-01-15,61.09,61.849998,61.09,61.700001,2781200,57.686511
2013-01-14,62.779999,62.900002,60.880001,61.279999,4904700,57.293829
2013-01-11,62.490002,62.790001,61.84,61.990002,3377400,57.957648
2013-01-10,62.73,62.869999,62.130001,62.869999,4569400,58.780403
2013-01-09,62.369999,62.669998,62.18,62.310001,2894900,58.256832
2013-01-08,62.490002,62.610001,61.580002,62.16,3826700,58.116588
2013-01-07,61.799999,62.919998,61.599998,62.880001,6413400,58.789754
2013-01-04,60.779999,61.959999,60.630001,61.959999,4273700,57.929597
2013-01-03,60.889999,61.32,60.360001,60.549999,5730000,56.611315
2013-01-02,59.529999,61.25,59.299999,61.23,6661100,57.247083
2012-12-31,56.77,57.950001,56.470001,57.93,2733500,54.161743
2012-12-28,56.93,57.400002,56.73,57.099998,2073200,53.385732
2012-12-27,57.889999,57.970001,56.450001,57.349998,2365400,53.61947
2012-12-26,58.610001,58.779999,57.639999,57.790001,1674500,54.030851
2012-12-24,58.860001,58.860001,58.389999,58.549999,578100,54.741412
2012-12-21,58.790001,59.380001,58.310001,58.889999,4359300,55.059296
2012-12-20,58.68,59.169998,58.290001,59.150002,6657400,55.302385
2012-12-19,59.849998,59.900002,58.709999,58.720001,3513900,54.900356
2012-12-18,58.240002,59.939999,58.240002,59.860001,5200100,55.9662
2012-12-17,57.09,58.27,57.049999,58.009998,3700000,54.236537
2012-12-14,57.82,57.93,56.669998,56.830002,3363600,53.133298
2012-12-13,58.400002,58.529999,57.73,58.00,3087700,54.22719
2012-12-12,58.389999,58.91,57.82,58.419998,3744900,54.619867
2012-12-11,57.66,58.700001,57.610001,58.259998,4002200,54.470275
2012-12-10,56.91,57.799999,56.779999,57.50,2931400,53.759714
2012-12-07,57.639999,57.98,56.82,57.07,3205800,53.357684
2012-12-06,57.93,57.93,56.330002,57.27,2946000,53.544675
2012-12-05,57.240002,57.790001,56.450001,57.049999,3125600,53.338985
2012-12-04,57.369999,57.400002,56.630001,57.02,2391400,53.310937
2012-12-03,57.84,58.110001,57.27,57.330002,2889600,53.600774
2012-11-30,58.099998,58.349998,57.43,57.599998,3338700,53.853207
2012-11-29,58.470001,58.549999,57.639999,58.259998,2341200,54.470275
2012-11-28,57.220001,58.139999,56.970001,58.080002,2422800,54.301987
2012-11-27,57.91,58.16,57.200001,57.610001,3778500,53.862559
2012-11-26,58.470001,58.82,58.299999,58.669998,2210400,54.853605
2012-11-23,58.66,58.970001,58.50,58.970001,882800,55.134094
2012-11-21,58.75,58.82,57.990002,58.310001,1434700,54.517026
2012-11-20,58.049999,58.689999,57.700001,58.48,2975500,54.675966
2012-11-19,56.25,58.139999,56.130001,58.139999,4620200,54.358082
2012-11-16,54.810001,56.099998,54.810001,55.700001,5202800,52.076802
2012-11-15,55.689999,55.799999,54.450001,54.77,7143400,51.207296
2012-11-14,57.52,57.610001,55.98,56.139999,3208600,52.488179
2012-11-13,57.509998,58.09,57.029999,57.310001,2871300,53.582074
2012-11-12,58.470001,58.490002,57.529999,57.82,2252300,54.058898
2012-11-09,58.040001,59.049999,57.810001,58.369999,2984700,54.573121
2012-11-08,59.41,59.84,57.549999,58.290001,6017600,54.498326
2012-11-07,60.369999,60.369999,58.900002,59.419998,4927900,55.554819
2012-11-06,60.73,61.450001,60.57,61.07,2885000,57.050745
2012-11-05,61.18,61.389999,60.299999,60.68,2567400,56.686413
2012-11-02,61.50,61.830002,61.080002,61.400002,4685100,57.359028
2012-11-01,60.349998,61.41,60.150002,61.400002,4408800,57.359028
2012-10-31,60.330002,60.330002,59.48,60.169998,3082500,56.209976
2012-10-26,59.16,60.34,59.119999,60.00,2968700,56.051166
2012-10-25,60.290001,60.470001,59.700001,59.970001,3048100,56.023142
2012-10-24,60.200001,60.389999,59.57,59.669998,3622800,55.742883
2012-10-23,59.349998,60.330002,59.040001,60.02,5923500,56.06985
2012-10-22,61.139999,61.330002,59.810001,60.00,6039400,56.051166
2012-10-19,59.099998,60.889999,58.919998,60.75,11775500,56.751806
2012-10-18,57.779999,57.869999,57.130001,57.299999,5300600,53.528863
2012-10-17,58.450001,58.540001,57.619999,58.029999,3480700,54.210818
2012-10-16,58.029999,58.50,57.639999,58.009998,3572000,54.192134
2012-10-15,56.759998,57.900002,56.75,57.599998,7499500,53.809118
2012-10-12,58.700001,59.110001,57.759998,58.209999,4418800,54.378972
2012-10-11,58.799999,59.189999,58.279999,58.889999,2689300,55.014219
2012-10-10,58.779999,58.779999,58.060001,58.23,2567500,54.397656
2012-10-09,58.889999,59.150002,58.360001,58.66,2837900,54.799357
2012-10-08,58.77,59.099998,58.50,59.049999,1959600,55.163689
2012-10-05,60.049999,60.049999,58.740002,59.00,3266600,55.11698
2012-10-04,58.990002,59.639999,58.68,59.529999,4218600,55.612097
2012-10-03,58.389999,58.73,57.889999,58.630001,2971500,54.771332
2012-10-02,58.259998,58.50,57.799999,58.310001,3165000,54.472393
2012-10-01,57.490002,58.73,57.490002,58.060001,3947700,54.238846
2012-09-28,56.630001,57.209999,56.18,57.009998,4945800,53.257948
2012-09-27,55.77,57.099998,55.73,56.959999,5858800,53.211239
2012-09-26,55.93,55.959999,55.139999,55.279999,3984600,51.641807
2012-09-25,57.560001,57.810001,55.869999,55.900002,6048500,52.221004
2012-09-24,56.82,58.040001,56.619999,57.349998,3948800,53.575571
2012-09-21,58.529999,58.540001,57.23,57.259998,5362300,53.491495
2012-09-20,57.73,58.18,57.549999,58.049999,3530900,54.229502
2012-09-19,57.84,58.169998,57.619999,57.970001,4433100,54.154769
2012-09-18,58.509998,58.509998,57.50,57.880001,3824400,54.070693
2012-09-17,59.18,59.290001,58.610001,58.759998,4088900,54.892774
2012-09-14,58.889999,59.740002,58.709999,59.369999,5748700,55.462628
2012-09-13,57.810001,59.389999,57.32,58.98,5245800,55.098296
2012-09-12,56.77,58.099998,56.77,57.919998,7650500,54.108057
2012-09-11,56.970001,56.970001,56.00,56.470001,7757100,52.75349
2012-09-10,57.549999,57.959999,56.959999,57.040001,4441800,53.285976
2012-09-07,57.299999,57.59,56.470001,57.41,4794800,53.631624
2012-09-06,56.75,57.299999,56.43,57.16,10024400,53.398077
2012-09-05,55.810001,56.200001,55.400002,56.169998,35629000,52.473232
2012-09-04,56.50,56.830002,56.139999,56.490002,2768300,52.772174
2012-08-31,56.360001,56.98,55.990002,56.529999,3856700,52.809539
2012-08-30,56.130001,56.330002,55.619999,56.02,2480400,52.333106
2012-08-29,56.790001,56.93,56.330002,56.470001,2263600,52.75349
2012-08-28,56.509998,56.98,56.200001,56.669998,2036200,52.940325
2012-08-27,56.919998,57.060001,56.32,56.830002,2071100,53.089798
2012-08-24,55.490002,57.07,55.490002,56.869999,4428700,53.127163
2012-08-23,55.77,56.099998,55.48,55.630001,2499800,51.968774
2012-08-22,56.259998,56.57,55.68,55.880001,3104000,52.20232
2012-08-21,56.560001,57.419998,56.330002,56.470001,3558400,52.75349
2012-08-20,56.48,56.880001,56.200001,56.490002,2442400,52.772174
2012-08-17,56.580002,56.830002,55.970001,56.790001,2507400,53.05243
2012-08-16,55.139999,56.599998,55.09,56.23,3796300,52.529284
2012-08-15,55.130001,55.34,54.790001,55.040001,2924600,51.417604
2012-08-14,55.900002,56.189999,54.959999,55.130001,3148500,51.501681
2012-08-13,56.25,56.279999,55.389999,55.59,2598500,51.931405
2012-08-10,56.23,56.41,55.50,56.099998,3220700,52.407839
2012-08-09,56.490002,56.720001,55.93,56.549999,2439900,52.828223
2012-08-08,56.139999,56.650002,55.689999,56.560001,3498700,52.837567
2012-08-07,56.900002,57.400002,56.450001,56.580002,3592900,52.809543
2012-08-06,57.639999,57.779999,56.650002,56.689999,2808800,52.91221
2012-08-03,56.130001,57.939999,56.09,57.580002,4622000,53.742904
2012-08-02,54.93,55.59,54.18,55.169998,3686900,51.493501
2012-08-01,56.709999,56.82,55.59,55.639999,3025400,51.932182
2012-07-31,56.84,56.849998,55.98,56.490002,2419800,52.725541
2012-07-30,57.50,57.560001,56.57,56.900002,2618100,53.108218
2012-07-27,56.810001,57.98,56.200001,57.599998,3368300,53.761568
2012-07-26,55.77,56.50,55.470001,56.360001,3540300,52.604203
2012-07-25,55.330002,55.709999,54.400002,54.869999,3534700,51.213494
2012-07-24,55.369999,55.950001,54.560001,55.00,3576900,51.334832
2012-07-23,54.889999,55.540001,54.16,55.299999,3546900,51.614839
2012-07-20,56.130001,56.709999,55.43,55.880001,4140700,52.15619
2012-07-19,55.700001,58.689999,55.610001,56.369999,11291500,52.613535
2012-07-18,55.619999,55.709999,54.419998,54.889999,4196800,51.232161
2012-07-17,55.650002,55.990002,54.650002,55.830002,2692700,52.109523
2012-07-16,54.040001,55.799999,54.040001,55.09,4669100,51.418834
2012-07-13,53.470001,54.580002,53.290001,54.419998,2323100,50.793481
2012-07-12,53.529999,53.689999,52.880001,53.360001,2489200,49.804121
2012-07-11,53.599998,54.380001,53.23,54.040001,3051100,50.438806
2012-07-10,53.799999,54.84,53.310001,53.549999,2101000,49.981458
2012-07-09,53.889999,54.279999,53.459999,54.23,1683800,50.616144
2012-07-06,53.860001,54.169998,53.709999,54.02,1874100,50.420139
2012-07-05,54.740002,54.98,54.080002,54.529999,1870600,50.896151
2012-07-03,54.59,55.34,54.540001,55.099998,1309500,51.428166
2012-07-02,54.869999,54.900002,53.82,54.75,2516100,51.101492
2012-06-29,54.790001,54.91,54.00,54.66,3741000,51.017489
2012-06-28,52.619999,53.50,52.27,53.459999,2883700,49.897456
2012-06-27,53.16,53.41,52.560001,53.169998,3162900,49.62678
2012-06-26,52.299999,53.450001,52.16,53.139999,3399300,49.59878
2012-06-25,51.740002,52.650002,51.639999,52.189999,3150100,48.712087
2012-06-22,53.43,53.610001,52.75,52.93,7725500,49.402776
2012-06-21,54.849998,54.93,52.93,53.029999,4282100,49.49611
2012-06-20,55.16,55.400002,54.040001,54.43,4547000,50.802816
2012-06-19,54.419998,55.290001,54.389999,55.049999,4147000,51.381499
2012-06-18,53.599998,54.349998,53.330002,54.110001,3457200,50.504141
2012-06-15,53.52,54.009998,53.09,53.810001,9432200,50.224134
2012-06-14,52.32,53.360001,51.959999,53.009998,4395100,49.477443
2012-06-13,52.740002,53.060001,51.75,52.07,5487800,48.600085
2012-06-12,52.169998,53.330002,51.459999,53.080002,4605700,49.542781
2012-06-11,53.25,53.310001,51.73,51.779999,4417900,48.32941
2012-06-08,50.84,52.610001,50.77,52.59,4203100,49.085433
2012-06-07,51.48,51.950001,50.82,51.169998,5182400,47.760059
2012-06-06,50.82,51.200001,50.360001,50.610001,5408900,47.237379
2012-06-05,48.599998,50.34,48.540001,50.27,5720100,46.920037
2012-06-04,48.529999,49.259998,47.990002,48.68,5048300,45.435993
2012-06-01,50.130001,50.189999,48.029999,48.400002,7070100,45.174653
2012-05-31,50.919998,51.810001,50.150002,51.369999,3733200,47.946732
2012-05-30,51.43,51.43,50.450001,50.98,3987900,47.582722
2012-05-29,51.450001,52.00,50.919998,51.880001,2918000,48.422748
2012-05-25,51.490002,51.919998,50.959999,51.130001,2822300,47.722727
2012-05-24,50.98,51.720001,50.720001,51.720001,4834200,48.27341
2012-05-23,49.68,50.459999,49.009998,50.34,4677000,46.985372
2012-05-22,50.060001,51.48,49.889999,50.290001,4537000,46.938704
2012-05-21,49.139999,50.130001,48.860001,49.880001,4339100,46.556027
2012-05-18,49.919998,50.060001,48.900002,49.130001,5198500,45.856006
2012-05-17,50.150002,50.689999,49.720001,49.799999,5340500,46.481356
2012-05-16,51.580002,52.009998,50.279999,50.299999,6592600,46.948036
2012-05-15,51.93,52.48,51.16,51.279999,7022500,47.816059
2012-05-14,53.650002,53.869999,52.310001,52.310001,4206300,48.776486
2012-05-11,53.75,54.73,53.59,54.369999,4464400,50.697331
2012-05-10,54.099998,54.939999,54.09,54.310001,4575600,50.641386
2012-05-09,53.560001,53.919998,52.720001,53.529999,5448800,49.914073
2012-05-08,54.619999,55.040001,53.279999,54.07,5595600,50.417597
2012-05-07,54.080002,55.049999,54.080002,54.650002,3069000,50.95842
2012-05-04,54.91,55.220001,53.82,54.52,4732500,50.8372
2012-05-03,56.290001,56.34,55.369999,55.560001,3398000,51.80695
2012-05-02,55.849998,56.310001,55.220001,56.080002,3783700,52.291824
2012-05-01,55.279999,56.900002,55.279999,56.02,3137000,52.235876
2012-04-30,55.849998,56.099998,55.099998,55.48,2518200,51.732352
2012-04-27,55.099998,56.279999,55.049999,56.060001,4707400,52.273175
2012-04-26,54.790001,55.48,54.299999,54.84,4388000,51.135584
2012-04-25,54.830002,55.09,54.139999,54.919998,4368300,51.210178
2012-04-24,54.16,55.189999,54.040001,54.360001,5737200,50.688008
2012-04-23,53.77,54.23,53.34,54.080002,5286700,50.426923
2012-04-20,54.779999,54.990002,53.82,53.849998,6847800,50.212457
2012-04-19,54.189999,54.450001,53.490002,53.93,4612400,50.287054
2012-04-18,53.669998,54.98,53.380001,54.259998,3687200,50.594761
2012-04-17,53.720001,54.34,53.209999,54.02,3897800,50.370975
2012-04-16,53.860001,54.330002,52.860001,53.279999,4481500,49.68096
2012-04-13,54.529999,54.549999,53.389999,53.470001,3474200,49.858128
2012-04-12,53.720001,54.73,53.450001,54.650002,3357500,50.95842
2012-04-11,53.25,53.91,53.110001,53.73,5549500,50.100564
2012-04-10,54.07,54.419998,52.509998,52.689999,6763000,49.130814
2012-04-09,54.740002,54.779999,53.950001,54.240002,4577900,50.576115
2012-04-05,55.110001,56.220001,55.07,55.650002,4385200,51.89087
2012-04-04,55.450001,56.099998,55.009998,55.389999,4819400,51.648431
2012-04-03,56.34,56.540001,55.779999,56.34,3520700,52.53426
2012-04-02,55.889999,56.950001,55.459999,56.360001,4845500,52.552909
2012-03-30,56.77,56.900002,55.509998,55.740002,7329900,51.974791
2012-03-29,56.310001,56.73,55.810001,56.43,4566000,52.61818
2012-03-28,56.990002,57.299999,56.009998,56.98,4815700,53.131028
2012-03-27,57.32,57.490002,56.720001,56.880001,6781300,53.037784
2012-03-26,56.220001,57.189999,55.720001,57.150002,7381700,53.289546
2012-03-23,54.439999,55.860001,54.43,55.740002,5961400,51.974791
2012-03-22,54.799999,55.240002,54.07,54.419998,5154000,50.743953
2012-03-21,55.77,56.110001,55.130001,55.380001,5416900,51.639108
2012-03-20,54.84,55.349998,54.360001,55.130001,6386700,51.405996
2012-03-19,54.939999,56.189999,54.599998,55.099998,7638200,51.37802
2012-03-16,54.150002,55.00,53.990002,54.50,8569900,50.818551
2012-03-15,51.880001,54.200001,51.869999,53.630001,23152000,50.00732
2012-03-14,50.860001,53.00,50.709999,52.330002,9349800,48.795135
2012-03-13,49.380001,51.09,49.349998,50.950001,4705300,47.508352
2012-03-12,49.799999,49.82,48.669998,48.98,3295800,45.671424
2012-03-09,49.580002,50.380001,49.209999,49.82,4252600,46.454682
2012-03-08,49.029999,49.50,48.459999,49.43,2970500,46.091027
2012-03-07,48.23,48.84,48.09,48.59,3932800,45.307769
2012-03-06,48.799999,49.00,48.189999,48.27,3384000,45.009385
2012-03-05,49.860001,49.919998,49.07,49.380001,3265000,46.044405
2012-03-02,50.32,50.43,49.669998,49.889999,3820800,46.519954
2012-03-01,50.509998,50.849998,49.950001,50.240002,6382300,46.846313
2012-02-29,50.34,51.32,50.209999,50.599998,28885100,47.181993
2012-02-28,49.869999,50.619999,49.759998,50.369999,6558300,46.967529
2012-02-27,49.060001,49.970001,48.860001,49.740002,4558700,46.380088
2012-02-24,49.290001,49.50,49.049999,49.290001,4601500,45.960485
2012-02-23,48.73,49.50,48.310001,49.299999,6867000,45.969808
2012-02-22,48.459999,48.91,48.110001,48.25,3633300,44.990735
2012-02-21,49.00,49.009998,48.330002,48.66,5206200,45.37304
2012-02-17,49.330002,49.59,48.799999,48.830002,4397100,45.531558
2012-02-16,49.00,49.549999,48.66,49.290001,5861500,45.960485
2012-02-15,49.209999,50.02,49.009998,49.18,9346600,45.857915
2012-02-14,48.169998,48.169998,47.490002,47.98,3352000,44.738973
2012-02-13,48.619999,48.990002,48.00,48.490002,4409400,45.214525
2012-02-10,48.509998,48.650002,48.00,48.279999,3411700,45.018708
2012-02-09,48.490002,49.25,47.939999,49.099998,5408300,45.783317
2012-02-08,47.18,48.50,47.18,48.380001,7091200,45.111955
2012-02-07,47.830002,48.009998,47.139999,47.290001,7334800,44.048962
2012-02-06,48.860001,48.93,47.73,47.900002,5285700,44.617156
2012-02-03,47.740002,49.93,47.740002,49.299999,8144400,45.921205
2012-02-02,46.849998,47.57,46.529999,46.990002,4440500,43.769524
2012-02-01,46.02,47.040001,46.009998,46.650002,6047800,43.452826
2012-01-31,45.09,46.040001,44.91,45.75,7679000,42.614506
2012-01-30,45.369999,45.389999,44.299999,44.799999,6571700,41.729614
2012-01-27,45.16,46.209999,45.099998,46.049999,4680900,42.893945
2012-01-26,45.75,46.330002,45.009998,45.610001,7281600,42.484102
2012-01-25,44.880001,45.75,44.650002,45.610001,6115300,42.484102
2012-01-24,45.639999,45.720001,44.799999,45.040001,7190300,41.953167
2012-01-23,45.91,46.200001,45.540001,46.09,5497900,42.931204
2012-01-20,45.150002,46.299999,44.75,46.029999,17119600,42.875315
2012-01-19,49.389999,49.630001,48.540001,48.77,6797900,45.42753
2012-01-18,48.68,49.439999,48.369999,49.119999,4479800,45.753541
2012-01-17,49.189999,49.599998,48.700001,48.799999,5362100,45.455472
2012-01-13,47.810001,48.970001,47.439999,48.889999,5043200,45.539304
2012-01-12,48.07,48.48,47.400002,48.400002,6007500,45.082889
2012-01-11,47.450001,48.169998,47.099998,47.709999,4069600,44.440176
2012-01-10,46.91,48.00,46.52,47.68,8358200,44.412233
2012-01-09,45.310001,46.34,45.18,46.25,5580600,43.080238
2012-01-06,45.299999,45.900002,44.93,45.16,3345400,42.064942
2012-01-05,44.200001,46.220001,44.049999,45.18,6687400,42.083571
2012-01-04,43.50,44.75,43.119999,44.50,6322500,41.450175
2012-01-03,43.389999,44.139999,43.360001,43.75,5752700,40.751577
2011-12-30,42.700001,42.77,42.290001,42.290001,2795800,39.391639
2011-12-29,41.98,42.68,41.82,42.639999,4079000,39.717651
2011-12-28,42.400002,42.650002,41.68,41.720001,2604400,38.860705
2011-12-27,42.779999,43.25,42.48,42.490002,1888400,39.577933
2011-12-23,43.00,43.130001,42.459999,43.099998,2598700,40.146123
2011-12-22,42.130001,42.939999,41.900002,42.639999,5339000,39.717651
2011-12-21,41.630001,41.98,41.27,41.939999,8169700,39.065625
2011-12-20,42.50,43.200001,41.740002,41.75,8392100,38.888648
2011-12-19,43.509998,43.560001,41.43,41.560001,5679600,38.711671
2011-12-16,43.290001,43.860001,43.139999,43.389999,5886700,40.416249
2011-12-15,44.939999,45.130001,42.82,43.049999,9205400,40.099551
2011-12-14,44.360001,44.93,44.130001,44.330002,4573300,41.291828
2011-12-13,45.580002,46.00,44.130001,44.599998,4962400,41.54332
2011-12-12,45.450001,45.52,44.799999,45.150002,3140300,42.055629
2011-12-09,45.279999,46.200001,45.209999,46.07,3790700,42.912574
2011-12-08,45.810001,45.900002,44.619999,44.720001,4375100,41.655099
2011-12-07,45.25,46.52,44.830002,46.259998,3037500,43.089551
2011-12-06,46.59,46.66,45.330002,45.68,5149300,42.549304
2011-12-05,46.240002,47.25,45.84,46.799999,6877400,43.592543
2011-12-02,45.110001,46.099998,45.029999,45.34,6179600,42.232606
2011-12-01,44.18,44.959999,44.139999,44.75,5876600,41.683041
2011-11-30,42.959999,44.709999,42.799999,44.66,7308900,41.599209
2011-11-29,41.759998,42.049999,41.490002,41.529999,5136500,38.683724
2011-11-28,41.52,41.880001,41.400002,41.860001,7313400,38.991109
2011-11-25,40.02,40.650002,39.869999,40.02,1957700,37.277214
2011-11-23,40.310001,40.32,39.299999,39.849998,5796100,37.118863
2011-11-22,40.889999,41.330002,40.48,40.77,4054300,37.975813
2011-11-21,40.560001,41.290001,40.00,40.98,4817900,38.171419
2011-11-18,41.610001,41.939999,41.25,41.639999,3619600,38.786186
2011-11-17,41.869999,42.450001,40.93,41.209999,6564100,38.385656
2011-11-16,43.290001,43.290001,42.040001,42.07,6541900,39.140143
2011-11-15,43.50,44.299999,42.959999,43.68,4815900,40.638019
2011-11-14,44.639999,44.759998,43.360001,43.810001,4474400,40.758967
2011-11-11,45.27,45.450001,44.610001,45.02,3835900,41.884698
2011-11-10,45.16,45.290001,44.189999,44.490002,4408700,41.39161
2011-11-09,45.869999,45.990002,44.150002,44.400002,6886200,41.307878
2011-11-08,46.630001,46.939999,45.599998,46.849998,3887100,43.587251
2011-11-07,45.98,46.540001,45.470001,46.369999,2572600,43.14068
2011-11-04,46.43,46.43,45.68,46.16,3478700,42.945306
2011-11-03,45.720001,46.93,44.669998,46.740002,9051700,43.484915
2011-11-02,44.73,45.599998,44.580002,45.200001,5936200,42.052163
2011-11-01,44.27,45.049999,43.650002,43.77,5994700,40.721752
2011-10-31,46.029999,46.790001,45.66,45.66,4778200,42.480127
2011-10-28,46.59,47.189999,46.16,46.900002,3685700,43.633772
2011-10-27,46.25,47.310001,45.84,47.07,9581300,43.791931
2011-10-26,44.259998,44.860001,43.490002,44.599998,5222500,41.493946
2011-10-25,44.779999,45.48,43.150002,43.41,7079400,40.386822
2011-10-24,43.700001,46.060001,43.490002,45.439999,8205200,42.275447
2011-10-21,41.330002,43.490002,41.32,43.290001,13089300,40.27518
2011-10-20,39.939999,40.59,39.139999,40.490002,7341700,37.67018
2011-10-19,41.060001,41.619999,39.669998,39.75,6499900,36.981714
2011-10-18,40.540001,41.509998,40.040001,41.18,7738100,38.312125
2011-10-17,41.799999,41.849998,40.139999,40.279999,5378400,37.474802
2011-10-14,42.73,42.73,41.02,42.060001,4785900,39.130841
2011-10-13,42.990002,42.990002,41.330002,41.869999,5462300,38.954071
2011-10-12,42.84,44.259998,42.459999,43.439999,5565500,40.414732
2011-10-11,41.48,42.950001,41.169998,42.52,5373100,39.558805
2011-10-10,40.799999,41.93,40.75,41.900002,3580900,38.981984
2011-10-07,40.84,41.669998,39.450001,39.810001,6238500,37.037536
2011-10-06,39.25,40.689999,38.580002,40.619999,4375000,37.791124
2011-10-05,38.790001,39.669998,37.860001,39.419998,5140900,36.674694
2011-10-04,37.220001,38.990002,36.330002,38.799999,8800000,36.097873
2011-10-03,39.369999,40.23,37.740002,37.75,6734000,35.120998
2011-09-30,40.380001,40.889999,39.619999,39.630001,5399300,36.870072
2011-09-29,42.029999,42.130001,39.939999,41.029999,7088600,38.17257
2011-09-28,42.470001,42.860001,40.939999,40.939999,5813900,38.088838
2011-09-27,44.900002,45.189999,42.099998,42.43,7190400,39.475072
2011-09-26,41.360001,42.990002,40.849998,42.869999,5485400,39.884428
2011-09-23,40.400002,41.189999,40.16,40.939999,6603800,38.088838
2011-09-22,40.200001,41.93,39.810001,40.799999,11222300,37.958588
2011-09-21,42.48,43.220001,41.369999,41.389999,6876100,38.507499
2011-09-20,43.07,43.509998,42.369999,42.419998,4270700,39.465767
2011-09-19,41.950001,43.049999,41.57,42.720001,4589300,39.744877
2011-09-16,43.580002,44.040001,42.419998,42.970001,6585900,39.977466
2011-09-15,43.650002,43.720001,41.880001,43.459999,12200000,40.433339
2011-09-14,43.049999,44.119999,42.040001,43.52,5880000,40.489162
2011-09-13,42.720001,43.580002,42.349998,42.66,5049600,39.689054
2011-09-12,40.82,42.709999,40.720001,42.580002,6171700,39.614627
2011-09-09,42.389999,43.029999,41.549999,41.779999,6051800,38.870338
2011-09-08,43.73,44.279999,43.029999,43.099998,5106000,40.09841
2011-09-07,42.830002,44.27,42.639999,44.049999,6961200,40.98225
2011-09-06,40.82,41.830002,40.32,41.73,6005300,38.823821
2011-09-02,43.939999,44.040001,41.900002,42.279999,8151200,39.335517
2011-09-01,45.900002,46.279999,45.25,45.299999,6901800,42.145197
2011-08-31,45.529999,46.459999,45.400002,46.049999,4860400,42.842966
2011-08-30,45.029999,45.84,44.389999,45.369999,5131500,42.210322
2011-08-29,44.950001,45.389999,44.700001,45.389999,4343800,42.22893
2011-08-26,43.09,44.540001,42.34,44.23,4954000,41.149715
2011-08-25,44.509998,45.560001,43.130001,43.380001,6645600,40.358913
2011-08-24,42.759998,44.68,42.48,43.779999,6142800,40.731054
2011-08-23,41.509998,42.799999,40.830002,42.799999,6310900,39.819304
2011-08-22,42.380001,42.709999,40.82,41.130001,5031900,38.265608
2011-08-19,41.470001,42.959999,41.23,41.299999,5495000,38.423767
2011-08-18,42.759998,42.950001,41.400002,41.93,8980000,39.009893
2011-08-17,44.939999,45.369999,43.900002,44.470001,4862600,41.373003
2011-08-16,44.84,45.18,44.200001,44.549999,5674500,41.447429
2011-08-15,44.279999,46.150002,44.110001,45.400002,7130100,42.238235
2011-08-12,44.700001,46.119999,43.360001,43.779999,10165500,40.731054
2011-08-11,41.880001,44.66,41.77,44.139999,12856500,41.065983
2011-08-10,41.400002,43.57,39.990002,41.049999,20050700,38.191178
2011-08-09,39.16,40.880001,37.18,40.82,13167100,37.930678
2011-08-08,41.950001,42.560001,35.939999,37.630001,18289900,34.966474
2011-08-05,43.560001,43.970001,41.00,42.799999,12729800,39.770529
2011-08-04,45.290001,45.310001,43.099998,43.099998,8424100,40.049294
2011-08-03,45.27,46.150002,44.34,45.959999,6162600,42.706858
2011-08-02,46.880001,47.080002,45.07,45.080002,7687700,41.889149
2011-08-01,48.139999,48.360001,46.919998,47.119999,5145900,43.784751
2011-07-29,47.279999,48.040001,46.580002,47.799999,5414200,44.416619
2011-07-28,47.720001,48.549999,47.529999,47.630001,3461700,44.258654
2011-07-27,48.580002,48.689999,47.549999,47.610001,5000300,44.240069
2011-07-26,48.849998,49.259998,48.220001,48.84,4955500,45.383007
2011-07-25,49.27,49.57,48.759998,48.880001,4246800,45.420177
2011-07-22,49.91,50.049999,49.48,49.639999,3931300,46.126381
2011-07-21,49.259998,50.400002,49.16,50.00,8036800,46.4609
2011-07-20,48.82,49.330002,48.389999,48.950001,5740400,45.485222
2011-07-19,48.52,49.200001,47.849998,48.560001,6713700,45.122827
2011-07-18,48.389999,48.900002,47.549999,48.349998,7534400,44.927689
2011-07-15,49.00,49.040001,47.950001,48.50,12884800,45.067073
2011-07-14,50.52,50.700001,48.630001,48.75,40184200,45.299377
2011-07-13,51.720001,52.110001,50.669998,50.869999,10159300,47.269318
2011-07-12,52.049999,52.950001,51.990002,52.240002,2838100,48.54235
2011-07-11,52.84,53.369999,51.889999,52.07,3991100,48.384381
2011-07-08,53.50,54.259998,53.470001,53.709999,3319700,49.908298
2011-07-07,54.060001,54.970001,53.869999,54.310001,4879700,50.465831
2011-07-06,52.77,53.18,52.040001,53.130001,3610100,49.369353
2011-07-05,52.560001,53.169998,51.889999,53.060001,3837200,49.304308
2011-07-01,51.740002,52.830002,51.529999,52.650002,3102800,48.923329
2011-06-30,52.380001,52.599998,51.279999,51.669998,5428200,48.012692
2011-06-29,51.759998,52.349998,51.00,52.259998,5180500,48.560931
2011-06-28,50.919998,51.580002,50.439999,51.419998,3590400,47.780388
2011-06-27,49.59,50.889999,49.290001,50.759998,3622800,47.167104
2011-06-24,50.330002,50.50,49.220001,49.509998,4427100,46.005581
2011-06-23,49.720001,50.66,49.639999,50.360001,4248300,46.795419
2011-06-22,50.369999,51.25,50.220001,50.360001,3401300,46.795419
2011-06-21,50.009998,50.950001,49.82,50.66,4582000,47.074183
2011-06-20,48.720001,50.709999,48.57,49.59,5877600,46.07992
2011-06-17,49.310001,49.810001,48.240002,48.84,6082100,45.383007
2011-06-16,47.849998,49.91,47.77,49.00,9108200,45.531682
2011-06-15,48.09,48.830002,47.330002,47.869999,6700700,44.481664
2011-06-14,50.52,50.630001,48.25,48.43,10303900,45.002028
2011-06-13,49.810001,50.310001,49.689999,50.060001,3415400,46.516654
2011-06-10,49.970001,50.07,48.849998,49.540001,4201000,46.03346
2011-06-09,49.98,50.709999,49.939999,50.150002,2508600,46.600284
2011-06-08,50.049999,50.919998,49.52,49.700001,3852200,46.182135
2011-06-07,51.00,51.00,49.970001,50.16,3652700,46.609574
2011-06-06,51.43,51.610001,50.330002,50.73,4322300,47.139228
2011-06-03,51.849998,52.310001,51.50,51.549999,3271300,47.901187
2011-06-02,52.75,53.290001,52.00,52.52,3741900,48.802529
2011-06-01,54.029999,54.029999,52.669998,52.75,3792800,49.016249
2011-05-31,54.459999,54.810001,53.950001,54.34,2776800,50.493706
2011-05-27,53.16,54.32,53.110001,54.040001,3487400,50.214941
2011-05-26,52.220001,53.240002,51.830002,52.869999,3353900,49.127754
2011-05-25,52.91,52.939999,52.049999,52.41,4219100,48.700315
2011-05-24,54.240002,54.25,52.82,53.029999,4020200,49.276429
2011-05-23,54.349998,54.650002,54.040001,54.09,2551000,50.261401
2011-05-20,56.02,56.169998,54.98,55.07,4594900,51.172035
2011-05-19,55.68,56.259998,55.369999,56.209999,3605100,52.231343
2011-05-18,54.98,55.400002,54.279999,55.369999,3851100,51.404338
2011-05-17,53.16,54.869999,53.00,54.869999,4803400,50.940148
2011-05-16,52.139999,54.02,51.869999,53.48,4690600,49.649702
2011-05-13,52.950001,53.119999,52.150002,52.34,3383400,48.591351
2011-05-12,53.02,53.16,52.09,52.950001,3623700,49.157662
2011-05-11,53.68,53.869999,52.919998,53.029999,2854800,49.231931
2011-05-10,53.650002,54.060001,53.369999,53.950001,2126400,50.086041
2011-05-09,53.529999,53.849998,53.16,53.369999,2311500,49.54758
2011-05-06,53.93,54.630001,53.450001,53.790001,4088700,49.937501
2011-05-05,53.07,53.68,52.57,53.139999,3969100,49.334053
2011-05-04,54.130001,54.240002,52.790001,53.169998,4831900,49.361903
2011-05-03,54.73,54.950001,54.040001,54.040001,4456000,50.169596
2011-05-02,55.130001,55.290001,54.720001,54.779999,3570700,50.856594
2011-04-29,55.23,55.439999,54.59,54.73,3100000,50.810176
2011-04-28,55.330002,55.639999,55.110001,55.200001,2927900,51.246515
2011-04-27,54.799999,55.639999,54.580002,55.439999,4887500,51.469324
2011-04-26,54.790001,54.790001,53.799999,54.610001,4000000,50.698771
2011-04-25,53.400002,54.490002,53.029999,54.450001,5002500,50.550231
2011-04-21,51.43,53.830002,51.419998,53.259998,8834700,49.445458
2011-04-20,50.82,50.880001,50.189999,50.529999,3171800,46.910984
2011-04-19,49.48,50.470001,49.439999,50.220001,3454000,46.623188
2011-04-18,49.439999,49.669998,48.830002,49.439999,3014400,45.899051
2011-04-15,50.310001,50.799999,49.32,50.029999,4421900,46.446794
2011-04-14,51.240002,51.290001,50.23,50.25,3366100,46.651039
2011-04-13,51.990002,52.029999,51.060001,51.529999,3734900,47.839363
2011-04-12,51.23,51.810001,50.860001,51.619999,3049700,47.922917
2011-04-11,51.689999,52.029999,51.349998,51.50,2644900,47.811512
2011-04-08,52.049999,52.110001,51.59,51.650002,2499400,47.950771
2011-04-07,52.099998,52.459999,51.709999,51.950001,2694900,48.229284
2011-04-06,51.84,52.240002,51.529999,52.150002,2507200,48.41496
2011-04-05,51.709999,52.040001,51.240002,51.669998,2928600,47.969335
2011-04-04,52.09,52.16,51.599998,51.82,2183900,48.108593
2011-04-01,52.529999,52.689999,51.77,52.09,3127100,48.359256
2011-03-31,51.889999,52.380001,51.360001,51.959999,3044300,48.238566
2011-03-30,52.299999,52.869999,51.849998,52.110001,3433800,48.377824
2011-03-29,51.630001,52.119999,51.16,52.009998,2359300,48.284984
2011-03-28,52.459999,52.459999,51.57,51.580002,2494400,47.885784
2011-03-25,51.970001,52.490002,51.700001,52.23,3164000,48.489228
2011-03-24,50.610001,52.150002,49.759998,51.860001,6808500,48.145729
2011-03-23,50.57,51.619999,50.299999,51.41,3559100,47.727958
2011-03-22,51.23,51.360001,50.549999,50.560001,3525200,46.938837
2011-03-21,51.759998,51.860001,50.599998,51.240002,3713500,47.570135
2011-03-18,51.549999,52.279999,50.790001,51.049999,6328500,47.393741
2011-03-17,51.119999,51.34,50.27,50.779999,4101800,47.143078
2011-03-16,51.080002,51.450001,50.130001,50.200001,7098700,46.60462
2011-03-15,47.93,51.450001,47.93,51.099998,8398700,47.440159
2011-03-14,49.110001,49.52,48.130001,49.459999,3889800,45.917619
2011-03-11,48.029999,49.880001,48.00,49.57,3880400,46.019741
2011-03-10,48.610001,48.630001,47.779999,48.27,3334200,44.812849
2011-03-09,48.959999,49.68,48.93,49.330002,2758100,45.796932
2011-03-08,48.529999,49.529999,48.470001,49.279999,5094600,45.75051
2011-03-07,48.639999,48.759998,48.099998,48.299999,5145400,44.840699
2011-03-04,49.73,49.990002,48.00,48.529999,5940400,45.054226
2011-03-03,48.369999,49.139999,48.139999,48.970001,5016000,45.462715
2011-03-02,48.130001,49.00,47.790001,47.91,3917900,44.478632
2011-03-01,49.880001,49.880001,48.189999,48.259998,6300500,44.803563
2011-02-28,50.25,50.50,49.57,49.77,4721900,46.205417
2011-02-25,50.860001,51.029999,49.98,49.990002,4677600,46.409662
2011-02-24,50.360001,51.290001,49.939999,50.630001,4408900,47.003824
2011-02-23,50.799999,51.110001,49.389999,50.34,4699400,46.734593
2011-02-22,51.91,52.389999,50.450001,50.73,6293500,47.09666
2011-02-18,52.299999,52.98,51.669998,52.689999,3793500,48.916282
2011-02-17,51.990002,52.400002,51.77,52.130001,2667400,48.396392
2011-02-16,52.389999,52.400002,51.740002,52.110001,3722300,48.377824
2011-02-15,52.689999,52.900002,51.830002,52.110001,4099500,48.377824
2011-02-14,51.959999,52.919998,51.959999,52.759998,3811600,48.981268
2011-02-11,51.549999,52.400002,51.52,52.060001,4225500,48.331406
2011-02-10,50.779999,51.790001,50.77,51.700001,3821000,47.997189
2011-02-09,51.259998,51.630001,50.439999,51.029999,4817200,47.375173
2011-02-08,49.619999,51.709999,49.450001,51.580002,7630700,47.839364
2011-02-07,48.990002,49.950001,48.82,49.529999,2648700,45.938029
2011-02-04,49.189999,49.189999,48.439999,48.759998,3043300,45.22387
2011-02-03,49.389999,49.459999,48.540001,49.049999,2695900,45.49284
2011-02-02,48.970001,49.919998,48.970001,49.459999,3822200,45.873106
2011-02-01,48.540001,50.00,48.310001,49.860001,5156100,46.244099
2011-01-31,48.50,48.599998,47.970001,48.16,4013400,44.667384
2011-01-28,48.669998,49.049999,47.98,48.240002,5726300,44.741584
2011-01-27,48.540001,48.889999,47.709999,48.400002,3692000,44.889981
2011-01-26,48.470001,49.139999,48.240002,48.279999,2959200,44.778681
2011-01-25,47.73,48.400002,47.540001,48.209999,3958700,44.713757
2011-01-24,49.060001,49.290001,48.279999,48.470001,4018900,44.954904
2011-01-21,47.84,49.689999,47.599998,49.169998,8087100,45.604136
2011-01-20,47.200001,47.48,46.25,47.25,5483200,43.823378
2011-01-19,47.59,47.900002,47.049999,47.32,4960100,43.888302
2011-01-18,49.060001,49.060001,47.459999,48.009998,4903800,44.528261
2011-01-14,46.66,48.619999,46.66,48.380001,5038000,44.871431
2011-01-13,47.060001,47.200001,46.23,46.689999,4077800,43.303989
2011-01-12,46.700001,47.380001,46.580002,47.169998,5554000,43.749178
2011-01-11,45.869999,46.619999,45.75,46.200001,3374400,42.849526
2011-01-10,44.990002,46.110001,44.880001,45.57,3647000,42.265214
2011-01-07,45.59,45.68,44.259998,45.41,5620300,42.116817
2011-01-06,45.689999,45.849998,45.169998,45.400002,5195400,42.107544
2011-01-05,43.669998,45.52,43.419998,45.52,6710900,42.21884
2011-01-04,43.77,44.099998,43.209999,43.68,3340000,40.512279
2011-01-03,43.009998,44.099998,43.009998,43.689999,3847800,40.521552
2010-12-31,42.450001,42.700001,42.259998,42.560001,1781800,39.473504
2010-12-30,42.470001,42.580002,42.060001,42.470001,2165000,39.39003
2010-12-29,42.790001,42.900002,42.450001,42.599998,1600800,39.5106
2010-12-28,42.389999,42.950001,42.32,42.779999,1412000,39.677547
2010-12-27,42.080002,42.830002,42.009998,42.59,1332100,39.501327
2010-12-23,42.209999,42.790001,42.130001,42.360001,1779200,39.288007
2010-12-22,42.259998,42.91,42.119999,42.540001,2631900,39.454954
2010-12-21,41.32,42.419998,41.150002,42.18,4063300,39.121061
2010-12-20,40.799999,41.23,40.549999,41.049999,3809300,38.073009
2010-12-17,40.849998,41.00,40.080002,40.490002,5937000,37.553623
2010-12-16,41.470001,41.849998,40.799999,40.900002,7306300,37.933889
2010-12-15,41.82,41.900002,41.290001,41.52,4354200,38.508925
2010-12-14,42.200001,42.759998,42.00,42.099998,3064600,39.046861
2010-12-13,42.610001,42.689999,41.93,42.220001,3949500,39.158161
2010-12-10,41.759998,42.400002,41.66,42.209999,5281300,39.148884
2010-12-09,40.799999,41.400002,40.639999,41.27,5956200,38.277055
2010-12-08,38.57,40.580002,38.459999,40.529999,6391700,37.590719
2010-12-07,38.93,39.360001,38.369999,38.57,3937400,35.772861
2010-12-06,38.669998,38.790001,38.330002,38.52,2362500,35.726488
2010-12-03,38.66,38.84,38.16,38.759998,4196100,35.949081
2010-12-02,38.110001,39.060001,37.799999,38.950001,4658100,36.125304
2010-12-01,37.790001,38.25,37.52,38.130001,4689300,35.364772
2010-11-30,37.360001,37.669998,37.07,37.23,4649300,34.530039
2010-11-29,36.799999,37.880001,36.540001,37.73,5004500,34.993779
2010-11-26,37.290001,37.57,37.00,37.00,1482000,34.31672
2010-11-24,36.810001,37.84,36.650002,37.700001,4737500,34.965956
2010-11-23,36.810001,37.18,36.439999,36.549999,4925200,33.899353
2010-11-22,37.689999,37.75,37.00,37.119999,5174100,34.428016
2010-11-19,37.849998,38.119999,37.50,37.82,4860700,35.077252
2010-11-18,38.720001,38.900002,37.98,38.060001,5124600,35.299849
2010-11-17,38.779999,38.98,38.130001,38.27,3965600,35.494618
2010-11-16,39.380001,39.57,38.66,38.82,5674000,36.004731
2010-11-15,39.43,40.52,39.380001,39.689999,4852500,36.811637
2010-11-12,39.23,39.57,38.700001,39.27,4467200,36.422097
2010-11-11,39.189999,39.639999,38.93,39.509998,3375300,36.64469
2010-11-10,38.900002,39.700001,38.57,39.66,4972400,36.783813
2010-11-09,40.259998,40.259998,38.490002,38.73,4980800,35.921258
2010-11-08,40.099998,40.619999,39.779999,40.080002,4271500,37.126984
2010-11-05,39.439999,41.00,39.099998,40.360001,7910900,37.386353
2010-11-04,38.299999,39.439999,37.919998,39.299999,6998400,36.404451
2010-11-03,37.470001,37.810001,37.16,37.759998,4328200,34.977914
2010-11-02,37.66,37.799999,37.110001,37.369999,3822700,34.616649
2010-11-01,37.41,38.00,36.880001,37.310001,5018100,34.561072
2010-10-29,37.66,37.790001,37.080002,37.27,5145000,34.524019
2010-10-28,38.209999,38.43,37.549999,37.919998,3128000,35.126126
2010-10-27,37.50,38.43,37.419998,37.91,5150700,35.116864
2010-10-26,38.139999,38.41,37.619999,37.77,5813400,34.987179
2010-10-25,39.450001,39.84,38.130001,38.240002,5967300,35.422552
2010-10-22,39.240002,39.560001,38.889999,39.119999,2711400,36.237713
2010-10-21,38.889999,39.759998,38.75,39.299999,7073800,36.404451
2010-10-20,38.790001,38.889999,37.209999,38.75,11237900,35.894975
2010-10-19,38.25,40.150002,37.709999,38.759998,17154400,35.904236
2010-10-18,36.860001,37.240002,36.099998,37.23,10499300,34.486965
2010-10-15,40.240002,40.25,36.50,36.860001,18952900,34.144227
2010-10-14,40.18,40.41,39.200001,39.889999,7168400,36.950981
2010-10-13,40.860001,41.150002,39.91,40.43,6419700,37.451196
2010-10-12,39.560001,40.689999,39.48,40.57,3960700,37.58088
2010-10-11,39.470001,39.860001,39.259998,39.68,2491400,36.756454
2010-10-08,39.41,39.799999,39.209999,39.360001,3405100,36.460031
2010-10-07,40.459999,40.630001,39.23,39.27,5375500,36.376662
2010-10-06,40.299999,40.630001,39.950001,40.16,3750800,37.201088
2010-10-05,38.939999,40.610001,38.740002,40.389999,6730800,37.414142
2010-10-04,39.23,39.470001,38.43,38.57,4842900,35.728236
2010-10-01,39.93,40.029999,38.720001,39.299999,4673700,36.404451
2010-09-30,39.209999,39.91,38.799999,39.549999,5612100,36.636031
2010-09-29,38.889999,39.23,38.689999,38.93,2860300,36.061713
2010-09-28,38.860001,39.209999,38.400002,39.150002,3547400,36.265505
2010-09-27,39.380001,39.380001,38.73,38.77,3660600,35.913501
2010-09-24,38.349998,39.400002,38.07,39.349998,5365300,36.450766
2010-09-23,37.549999,38.41,37.400002,37.669998,5994600,34.894545
2010-09-22,38.369999,38.720001,37.599998,37.889999,6654100,35.098337
2010-09-21,39.299999,39.419998,38.259998,38.330002,4835600,35.505921
2010-09-20,38.900002,39.48,38.799999,39.330002,4588400,36.432243
2010-09-17,39.66,39.73,38.639999,38.669998,7636300,35.820867
2010-09-16,38.880001,39.73,38.869999,39.509998,4489600,36.598978
2010-09-15,38.25,39.240002,38.049999,39.09,4263400,36.209924
2010-09-14,39.189999,39.360001,38.48,38.599998,4452900,35.756025
2010-09-13,39.599998,40.16,39.200001,39.450001,4755000,36.543401
2010-09-10,39.50,39.610001,38.52,38.889999,3900500,36.024659
2010-09-09,39.889999,40.060001,38.970001,39.400002,3867200,36.497085
2010-09-08,39.009998,39.93,38.959999,39.080002,6960400,36.200662
2010-09-07,40.279999,40.380001,38.810001,38.849998,4752500,35.987605
2010-09-03,39.98,40.77,39.959999,40.689999,4110900,37.692038
2010-09-02,39.150002,39.529999,38.91,39.52,3483800,36.608243
2010-09-01,38.25,39.049999,38.169998,39.029999,4939000,36.154344
2010-08-31,37.630001,38.419998,37.41,37.869999,3733200,35.07981
2010-08-30,38.049999,38.630001,37.619999,37.639999,4818000,34.866757
2010-08-27,37.50,38.450001,36.91,38.209999,5424600,35.39476
2010-08-26,37.650002,38.00,37.099998,37.209999,4361000,34.468438
2010-08-25,37.029999,37.369999,36.689999,37.119999,5042800,34.385069
2010-08-24,37.259998,37.650002,36.950001,37.330002,4863600,34.579599
2010-08-23,37.970001,38.43,37.810001,37.880001,4011100,35.089075
2010-08-20,37.41,38.00,37.299999,37.779999,4155700,34.996441
2010-08-19,38.830002,38.889999,37.439999,37.610001,6318500,34.838968
2010-08-18,39.220001,39.32,38.59,39.060001,3997900,36.182136
2010-08-17,39.290001,39.869999,39.00,39.119999,4545200,36.237713
2010-08-16,38.619999,39.50,38.529999,38.93,4182400,36.061713
2010-08-13,38.59,39.380001,38.529999,38.82,4497600,35.959817
2010-08-12,39.41,39.59,38.50,38.610001,8205900,35.76529
2010-08-11,40.700001,40.959999,39.84,39.860001,4647900,36.923192
2010-08-10,40.68,42.040001,40.459999,41.48,4811600,38.423833
2010-08-09,41.040001,41.41,40.560001,41.27,2575800,38.229306
2010-08-06,40.66,40.919998,39.98,40.919998,4626800,37.858774
2010-08-05,41.209999,41.700001,41.060001,41.169998,3820700,38.090072
2010-08-04,42.18,42.220001,41.23,41.639999,4278200,38.524912
2010-08-03,42.389999,42.540001,41.650002,41.93,4761000,38.793218
2010-08-02,43.09,43.360001,42.419998,42.779999,5763000,39.579628
2010-07-30,41.939999,42.509998,41.669998,42.330002,4535800,39.163296
2010-07-29,41.68,42.759998,41.68,42.419998,6660500,39.246559
2010-07-28,41.43,42.00,41.16,41.77,4991900,38.645188
2010-07-27,41.709999,42.189999,40.990002,41.549999,6534000,38.441645
2010-07-26,40.720001,41.700001,40.59,41.450001,4338900,38.349128
2010-07-23,40.849998,40.98,39.599998,40.84,10399600,37.784761
2010-07-22,40.98,42.599998,40.959999,42.080002,6835300,38.931998
2010-07-21,41.939999,41.98,39.970001,40.09,5058800,37.090869
2010-07-20,40.189999,41.50,40.02,41.459999,7504100,38.358378
2010-07-19,41.610001,41.799999,40.580002,40.990002,4799000,37.923541
2010-07-16,42.639999,42.720001,41.279999,41.459999,7639100,38.358378
2010-07-15,44.490002,44.50,42.27,43.259998,9129500,40.023719
2010-07-14,44.610001,44.619999,43.84,44.529999,4540300,41.198711
2010-07-13,44.259998,45.200001,43.93,45.00,5787000,41.633551
2010-07-12,43.34,43.77,43.049999,43.68,2860600,40.412301
2010-07-09,42.740002,43.810001,42.52,43.68,4075800,40.412301
2010-07-08,42.650002,43.200001,41.889999,42.779999,4933200,39.579628
2010-07-07,39.889999,42.18,39.889999,42.09,6920000,38.941249
2010-07-06,39.919998,40.950001,39.040001,39.57,4988900,36.609769
2010-07-02,40.02,40.119999,38.599998,39.43,4247100,36.480243
2010-07-01,40.25,40.779999,38.66,39.580002,7863600,36.619023
2010-06-30,40.82,41.529999,40.150002,40.299999,5451800,37.285158
2010-06-29,42.23,42.470001,40.52,40.82,7043400,37.766257
2010-06-28,43.549999,43.599998,42.650002,42.93,3794100,39.718408
2010-06-25,43.099998,43.59,42.16,43.439999,6294300,40.190254
2010-06-24,42.889999,43.669998,42.549999,42.77,6763400,39.570378
2010-06-23,43.450001,43.919998,42.779999,43.240002,5154800,40.005219
2010-06-22,43.380001,44.779999,43.02,43.650002,7245400,40.384546
2010-06-21,43.209999,44.189999,43.130001,43.330002,6816800,40.088486
2010-06-18,42.490002,42.740002,42.110001,42.639999,4783100,39.450102
2010-06-17,42.59,42.599998,41.869999,42.369999,5387200,39.200301
2010-06-16,42.110001,42.84,41.869999,42.50,6302100,39.320576
2010-06-15,40.709999,42.619999,40.669998,42.529999,8835500,39.348331
2010-06-14,40.75,40.950001,40.07,40.459999,5784900,37.433188
2010-06-11,39.369999,40.400002,39.32,40.259998,6717300,37.248149
2010-06-10,38.869999,40.16,38.57,40.07,6751300,37.072364
2010-06-09,39.330002,39.540001,37.830002,38.02,7365000,35.175725
2010-06-08,38.790001,39.099998,37.709999,39.009998,7268300,36.091662
2010-06-07,39.650002,40.209999,38.360001,38.50,5730100,35.619816
2010-06-04,40.119999,40.68,39.029999,39.310001,7139100,36.369221
2010-06-03,41.740002,41.93,40.77,41.189999,5143500,38.108576
2010-06-02,40.849998,41.810001,40.200001,41.75,5016200,38.626684
2010-06-01,40.700001,41.599998,40.450001,40.48,4489400,37.451692
2010-05-28,42.040001,42.369999,40.900002,41.299999,4296500,38.210348
2010-05-27,41.290001,42.279999,41.07,42.209999,4279700,39.05227
2010-05-26,41.299999,41.77,40.009998,40.310001,6128100,37.294411
2010-05-25,39.880001,40.77,39.080002,40.650002,8865700,37.608976
2010-05-24,41.950001,42.439999,40.860001,40.919998,5806800,37.858774
2010-05-21,40.439999,42.040001,40.259998,41.810001,12224200,38.682196
2010-05-20,41.630001,43.740002,41.290001,41.330002,15338500,38.238106
2010-05-19,41.290001,43.220001,41.18,42.380001,12229400,39.209555
2010-05-18,43.209999,43.209999,40.630001,41.57,12251600,38.460149
2010-05-17,43.310001,43.790001,40.860001,42.610001,11841200,39.422348
2010-05-14,43.18,43.459999,42.110001,42.759998,12583000,39.561124
2010-05-13,46.00,46.119999,44.900002,44.91,6457100,41.550284
2010-05-12,45.349998,46.779999,44.580002,46.610001,7920700,43.123108
2010-05-11,43.41,45.779999,43.279999,44.779999,8386400,41.430008
2010-05-10,44.110001,45.380001,43.450001,44.200001,7256800,40.8934
2010-05-07,43.049999,43.740002,40.970001,42.139999,11128800,38.987507
2010-05-06,43.93,45.599998,40.50,43.119999,12246700,39.847933
2010-05-05,44.139999,45.599998,43.669998,44.240002,7756600,40.882947
2010-05-04,45.369999,46.00,44.400002,44.889999,7506300,41.483621
2010-05-03,43.73,46.360001,43.73,46.130001,7934900,42.629528
2010-04-30,44.709999,45.110001,43.299999,43.41,5548900,40.115928
2010-04-29,44.369999,45.32,44.189999,44.869999,5672400,41.465138
2010-04-28,43.810001,44.50,43.50,43.869999,5385000,40.541021
2010-04-27,44.93,45.52,43.110001,43.290001,9433300,40.005035
2010-04-26,46.57,46.84,45.139999,45.240002,7297000,41.807064
2010-04-23,47.73,47.73,45.200001,46.73,10853300,43.183997
2010-04-22,44.110001,45.849998,44.02,45.549999,6261000,42.093538
2010-04-21,44.580002,45.060001,44.099998,44.740002,5103100,41.345005
2010-04-20,44.139999,44.599998,43.709999,44.580002,4244500,41.197147
2010-04-19,43.099998,43.82,42.700001,43.810001,5967800,40.485576
2010-04-16,45.07,45.470001,42.82,43.490002,11226500,40.189859
2010-04-15,46.259998,46.310001,45.029999,45.150002,8515100,41.723893
2010-04-14,45.610001,46.400002,44.27,46.060001,9193800,42.56484
2010-04-13,45.139999,45.200001,44.509998,44.950001,4524600,41.539069
2010-04-12,43.91,45.349998,43.91,45.18,7029300,41.751616
2010-04-09,44.09,44.419998,43.439999,43.860001,3445300,40.531781
2010-04-08,42.77,44.150002,42.77,43.990002,5279600,40.651918
2010-04-07,43.02,43.68,42.740002,43.150002,6164700,39.875659
2010-04-06,42.93,43.380001,42.700001,43.259998,5765000,39.977309
2010-04-05,41.860001,43.209999,41.619999,43.150002,5690200,39.875659
2010-04-01,41.779999,41.860001,41.189999,41.57,3969600,38.415552
2010-03-31,41.540001,41.830002,41.139999,41.41,5263600,38.267693
2010-03-30,42.650002,43.00,41.880001,41.919998,4641700,38.738992
2010-03-29,42.34,42.75,41.790001,42.650002,4870100,39.4136
2010-03-26,42.290001,42.830002,41.630001,41.919998,4469800,38.738992
2010-03-25,41.560001,42.790001,41.560001,42.049999,6346700,38.859128
2010-03-24,40.790001,41.630001,40.66,41.259998,5131100,38.129074
2010-03-23,40.59,41.119999,40.299999,40.91,4431200,37.805635
2010-03-22,39.369999,40.689999,39.330002,40.610001,6350100,37.5284
2010-03-19,39.77,41.23,39.75,39.77,7784600,36.752142
2010-03-18,40.200001,40.919998,40.029999,40.84,5476600,37.740947
2010-03-17,40.610001,40.91,39.959999,40.25,5605800,37.195718
2010-03-16,40.259998,40.419998,39.27,40.389999,7872500,37.325093
2010-03-15,39.900002,40.43,38.950001,39.98,7799500,36.946206
2010-03-12,39.880001,40.75,39.459999,39.889999,6531300,36.863035
2010-03-11,38.990002,39.849998,38.75,39.810001,4837100,36.789107
2010-03-10,38.93,39.66,38.740002,39.09,5789000,36.123742
2010-03-09,37.68,39.130001,37.50,38.66,6799200,35.726371
2010-03-08,38.060001,38.259998,37.560001,37.849998,4008100,34.977835
2010-03-05,36.50,38.049999,36.150002,37.939999,10041300,35.061006
2010-03-04,37.48,37.549999,36.580002,36.84,9498300,34.044478
2010-03-03,38.040001,38.759998,37.459999,37.759998,5416800,34.894664
2010-03-02,37.52,38.330002,37.470001,37.98,3617600,35.097971
2010-03-01,37.939999,38.060001,37.23,37.380001,4418400,34.543502
2010-02-26,37.349998,37.919998,37.040001,37.75,3824400,34.885425
2010-02-25,37.029999,37.43,36.400002,37.369999,5267200,34.534259
2010-02-24,37.200001,37.689999,36.91,37.639999,4333100,34.783771
2010-02-23,38.099998,38.369999,36.830002,37.029999,7199000,34.220059
2010-02-22,37.900002,38.529999,37.68,38.279999,6873200,35.375206
2010-02-19,37.27,37.849998,36.860001,37.790001,6076100,34.92239
2010-02-18,36.610001,37.540001,36.610001,37.330002,5329000,34.497297
2010-02-17,36.98,37.290001,36.450001,36.849998,6431600,34.053718
2010-02-16,36.189999,36.91,35.950001,36.740002,8239700,33.952068
2010-02-12,35.099998,35.380001,34.68,35.139999,7013900,32.473478
2010-02-11,35.50,35.869999,34.830002,35.639999,4801100,32.935537
2010-02-10,35.23,36.009998,34.970001,35.560001,4672500,32.861609
2010-02-09,35.169998,36.110001,34.860001,35.330002,5409000,32.602856
2010-02-08,35.41,35.759998,34.599998,34.630001,4895000,31.956889
2010-02-05,35.110001,35.540001,34.029999,35.360001,8869700,32.63054
2010-02-04,36.18,36.34,34.849998,34.950001,9094100,32.252188
2010-02-03,37.150002,37.34,36.380001,36.549999,5430300,33.728681
2010-02-02,37.470001,38.439999,36.919998,37.43,9958800,34.540755
2010-02-01,36.849998,37.360001,36.470001,36.779999,8417200,33.940927
2010-01-29,37.75,37.900002,36.700001,36.860001,8555700,34.014754
2010-01-28,36.509998,37.23,35.759998,36.740002,10454200,33.904018
2010-01-27,35.310001,36.860001,34.650002,36.549999,11448100,33.728681
2010-01-26,35.959999,36.700001,35.150002,35.209999,13500900,32.492117
2010-01-25,38.32,38.349998,35.650002,36.110001,17531700,33.322647
2010-01-22,40.790001,40.880001,37.310001,37.529999,22018900,34.633034
2010-01-21,42.860001,43.540001,41.450001,42.700001,11787800,39.40396
2010-01-20,42.709999,43.599998,42.32,43.02,7280300,39.699259
2010-01-19,40.970001,43.09,40.810001,43.009998,7769600,39.690029
2010-01-15,41.32,42.110001,40.900002,41.130001,7222400,37.95515
2010-01-14,41.810001,42.099998,41.290001,41.669998,4302700,38.453464
2010-01-13,41.52,42.240002,40.720001,42.119999,6079100,38.868729
2010-01-12,41.48,42.200001,41.32,41.860001,6491900,38.6288
2010-01-11,42.810001,42.990002,41.68,41.700001,5299100,38.481151
2010-01-08,42.43,43.189999,42.009998,42.459999,6929600,39.182485
2010-01-07,40.689999,43.110001,40.59,42.830002,7885800,39.523927
2010-01-06,40.349998,40.970001,40.200001,40.810001,5819000,37.659851
2010-01-05,39.630001,40.630001,39.619999,40.59,8029400,37.456832
2010-01-04,38.66,39.139999,38.549999,39.049999,4447400,36.035705
2009-12-31,38.360001,38.869999,38.32,38.34,2714300,35.380511
2009-12-30,38.259998,38.389999,37.91,38.25,1780500,35.297458
2009-12-29,38.720001,39.049999,38.459999,38.509998,2160700,35.537387
2009-12-28,39.119999,39.23,38.380001,38.540001,1893500,35.565074
2009-12-24,38.25,39.189999,38.119999,38.889999,1615800,35.888056
2009-12-23,38.630001,38.849998,37.959999,38.23,3078800,35.279002
2009-12-22,39.119999,39.23,38.50,38.57,3350500,35.592757
2009-12-21,39.799999,39.959999,39.139999,39.16,4021600,36.137214
2009-12-18,38.790001,39.509998,38.59,39.50,9309700,36.45097
2009-12-17,39.900002,40.099998,38.459999,38.549999,6825000,35.5743
2009-12-16,40.349998,40.779999,40.049999,40.200001,4677500,37.096937
2009-12-15,40.48,41.00,39.84,40.09,5892600,36.995427
2009-12-14,40.560001,41.209999,40.150002,41.049999,4888300,37.881324
2009-12-11,38.900002,40.48,38.84,40.400002,6688000,37.2815
2009-12-10,38.689999,39.369999,38.43,38.720001,5014200,35.73118
2009-12-09,37.599998,38.779999,37.490002,38.610001,6277800,35.62967
2009-12-08,37.009998,37.73,36.98,37.599998,5558700,34.697631
2009-12-07,38.48,38.630001,37.18,37.470001,6072400,34.577668
2009-12-04,37.880001,38.279999,37.049999,37.919998,11964300,34.992929
2009-12-03,38.630001,39.00,36.639999,36.919998,9544600,34.07012
2009-12-02,37.970001,38.77,37.619999,38.349998,5262600,35.389738
2009-12-01,38.709999,38.939999,37.43,38.09,6517100,35.149809
2009-11-30,37.50,38.459999,37.110001,38.360001,4954200,35.398968
2009-11-27,37.389999,38.07,37.009998,37.240002,2667200,34.365422
2009-11-25,38.25,38.990002,38.110001,38.759998,4181600,35.768089
2009-11-24,37.82,38.130001,37.400002,38.049999,4399700,35.112896
2009-11-23,38.369999,39.00,37.720001,38.02,4880700,35.085212
2009-11-20,38.009998,38.619999,37.580002,37.700001,7332800,34.789914
2009-11-19,40.099998,40.18,38.220001,38.34,7250400,35.380511
2009-11-18,40.240002,40.619999,39.889999,40.450001,4700800,37.327639
2009-11-17,39.75,40.59,39.59,40.50,4643600,37.373779
2009-11-16,39.34,40.59,39.080002,39.889999,8241200,36.810865
2009-11-13,38.41,39.09,38.09,38.799999,5126000,35.805003
2009-11-12,39.490002,39.779999,38.209999,38.369999,4947900,35.408194
2009-11-11,39.959999,40.650002,39.279999,39.639999,4725400,36.580163
2009-11-10,39.439999,40.029999,38.759998,39.689999,6539200,36.626302
2009-11-09,38.200001,39.889999,37.860001,39.779999,5782600,36.709355
2009-11-06,37.889999,38.130001,36.900002,37.669998,6316000,34.762227
2009-11-05,37.540001,38.560001,36.950001,38.459999,6480500,35.445108
2009-11-04,37.970001,38.619999,36.970001,37.189999,7692900,34.274663
2009-11-03,37.459999,37.790001,36.200001,37.43,8394400,34.495851
2009-11-02,36.84,38.330002,36.759998,38.27,9301100,35.270004
2009-10-30,38.740002,38.740002,35.970001,36.599998,9131700,33.730914
2009-10-29,38.009998,39.009998,37.43,39.00,5946500,35.942778
2009-10-28,39.360001,39.73,37.349998,37.389999,8232000,34.458986
2009-10-27,39.549999,40.560001,39.220001,39.66,7728200,36.551041
2009-10-26,41.27,41.720001,39.169998,39.48,10435700,36.385151
2009-10-23,41.889999,42.900002,40.209999,40.950001,20673300,37.739918
2009-10-22,36.82,38.599998,36.41,38.330002,9707000,35.325301
2009-10-21,36.709999,38.220001,36.439999,36.630001,5950400,33.758564
2009-10-20,37.32,37.93,36.66,36.900002,5198000,34.007399
2009-10-19,36.799999,37.779999,36.349998,37.279999,7073200,34.357608
2009-10-16,37.459999,37.75,36.310001,36.349998,8372000,33.500511
2009-10-15,37.43,38.540001,36.700001,38.119999,14092200,35.131761
2009-10-14,38.459999,39.439999,37.669998,39.349998,9174000,36.26534
2009-10-13,38.009998,38.43,37.459999,38.189999,6964500,35.196273
2009-10-12,37.950001,38.700001,37.610001,38.310001,5264500,35.306869
2009-10-09,37.470001,37.880001,36.91,37.610001,4690700,34.661741
2009-10-08,37.34,37.779999,36.959999,37.470001,6971800,34.532717
2009-10-07,35.759998,37.049999,35.66,36.939999,7823500,34.044261
2009-10-06,35.610001,36.75,34.73,35.959999,7088600,33.141084
2009-10-05,34.599998,36.080002,34.50,35.93,10739600,33.113437
2009-10-02,32.740002,33.93,32.560001,33.189999,8698300,30.588225
2009-10-01,35.41,35.59,33.560001,33.639999,8440400,31.00295
2009-09-30,35.48,36.189999,34.810001,35.73,7391000,32.929114
2009-09-29,36.779999,36.880001,35.200001,35.290001,6670200,32.523607
2009-09-28,35.290001,36.709999,34.66,36.700001,6041300,33.823077
2009-09-25,35.619999,36.00,34.639999,35.139999,7278300,32.385364
2009-09-24,36.509998,36.650002,35.25,35.810001,5388500,33.002845
2009-09-23,37.360001,37.48,36.18,36.299999,5251500,33.454431
2009-09-22,36.75,37.650002,36.52,37.23,6509600,34.311529
2009-09-21,37.049999,37.34,34.73,36.290001,7174600,33.445217
2009-09-18,38.310001,38.41,37.240002,37.50,8807700,34.560364
2009-09-17,38.66,39.700001,37.939999,38.049999,8177700,35.067248
2009-09-16,37.860001,39.25,37.130001,39.00,11678800,35.942778
2009-09-15,38.139999,38.139999,36.41,37.419998,12039800,34.486633
2009-09-14,37.50,38.360001,36.599998,38.32,6636400,35.316083
2009-09-11,38.25,38.540001,37.50,37.98,4920500,35.002736
2009-09-10,37.52,38.25,36.599998,38.169998,7246600,35.177841
2009-09-09,36.450001,37.77,35.66,37.470001,9195300,34.532717
2009-09-08,35.77,36.099998,34.75,35.439999,5244800,32.661846
2009-09-04,34.93,35.470001,34.669998,35.23,4447700,32.468309
2009-09-03,34.790001,35.279999,34.310001,34.860001,5992100,32.127315
2009-09-02,35.169998,35.400002,34.259998,34.34,9354900,31.648077
2009-09-01,37.009998,37.490002,34.939999,35.049999,9878100,32.302419
2009-08-31,36.099998,37.419998,35.959999,37.290001,6776100,34.366827
2009-08-28,37.139999,37.139999,36.220001,36.73,4755800,33.850724
2009-08-27,36.400002,36.740002,36.02,36.630001,4743300,33.758564
2009-08-26,36.099998,36.790001,35.650002,36.490002,6568300,33.629539
2009-08-25,36.860001,36.91,36.07,36.369999,7776800,33.518944
2009-08-24,37.59,37.950001,36.369999,36.450001,9467600,33.592674
2009-08-21,35.68,36.580002,32.419998,36.48,8891200,33.620321
2009-08-20,34.439999,35.119999,34.130001,35.040001,7548600,32.293205
2009-08-19,34.630001,34.959999,34.099998,34.459999,9710300,31.758669
2009-08-18,34.389999,35.360001,34.080002,35.25,8012900,32.486742
2009-08-17,33.98,35.299999,33.599998,34.060001,14634300,31.390028
2009-08-14,35.009998,35.450001,34.110001,35.080002,8222500,32.33007
2009-08-13,34.689999,35.330002,34.049999,35.299999,10570200,32.532822
2009-08-12,32.880001,33.880001,32.57,33.790001,8808600,31.141193
2009-08-11,33.650002,33.91,32.27,32.759998,10592100,30.191932
2009-08-10,33.84,35.049999,33.669998,33.880001,11878800,31.224138
2009-08-07,32.900002,34.580002,32.599998,34.119999,13575700,31.445322
2009-08-06,31.91,33.209999,30.969999,32.169998,14440700,29.602101
2009-08-05,31.41,31.68,29.98,31.450001,13231100,28.939576
2009-08-04,31.00,31.85,30.610001,31.50,7953500,28.985584
2009-08-03,31.290001,31.940001,30.709999,31.389999,8212900,28.884364
2009-07-31,30.299999,31.27,30.15,30.700001,6986500,28.249443
2009-07-30,30.389999,31.629999,30.10,30.41,10344800,27.982591
2009-07-29,29.43,30.24,29.209999,29.709999,7216200,27.338466
2009-07-28,29.58,30.33,29.32,29.68,9303100,27.310862
2009-07-27,29.90,30.799999,29.559999,29.82,11929900,27.439686
2009-07-24,26.559999,30.59,26.40,30.07,24139100,27.669731
2009-07-23,26.559999,28.18,26.40,27.83,10027900,25.608534
2009-07-22,25.790001,26.74,25.700001,26.469999,7321100,24.357092
2009-07-21,27.040001,27.200001,25.959999,26.309999,7023600,24.209864
2009-07-20,26.65,27.35,26.41,26.709999,8321500,24.577934
2009-07-17,26.540001,27.059999,26.27,26.50,8895400,24.384698
2009-07-16,25.35,27.129999,25.209999,26.92,15153600,24.771172
2009-07-15,24.049999,26.360001,24.00,25.84,20749900,23.777381
2009-07-14,21.90,23.280001,21.290001,23.110001,15312100,21.265298
2009-07-13,21.02,21.969999,20.73,21.860001,9225100,20.115076
2009-07-10,20.76,20.98,20.32,20.629999,7040800,18.983257
2009-07-09,20.879999,21.559999,20.690001,21.200001,8300800,19.507759
2009-07-08,20.620001,20.92,19.73,20.57,13502700,18.928046
2009-07-07,20.799999,21.110001,20.43,20.469999,7572700,18.836028
2009-07-06,20.73,21.51,20.530001,20.98,7478300,19.305319
2009-07-02,21.459999,21.700001,20.790001,20.790001,6637400,19.130487
2009-07-01,22.01,22.469999,21.74,21.870001,4547000,20.124278
2009-06-30,22.35,22.440001,21.65,21.879999,6454800,20.133478
2009-06-29,22.059999,22.66,21.639999,22.379999,6542100,20.593567
2009-06-26,22.059999,22.15,21.50,21.940001,7677100,20.18869
2009-06-25,21.120001,22.18,21.00,22.16,7720100,20.391128
2009-06-24,21.42,22.049999,20.98,21.24,8300100,19.544565
2009-06-23,20.559999,21.58,20.24,21.16,9779100,19.470951
2009-06-22,21.68,22.07,20.42,20.450001,12042800,18.817626
2009-06-19,22.59,22.59,21.59,22.33,13618500,20.547559
2009-06-18,22.790001,23.219999,21.790001,22.290001,12274200,20.510752
2009-06-17,22.790001,23.49,21.23,22.48,19129400,20.685585
2009-06-16,23.549999,23.940001,23.139999,23.15,10736300,21.302104
2009-06-15,23.540001,23.85,23.200001,23.40,7963600,21.532148
2009-06-12,24.50,24.50,23.719999,23.940001,8249200,22.029045
2009-06-11,24.49,24.950001,24.25,24.59,10513000,22.627159
2009-06-10,24.280001,24.83,23.879999,24.23,9133100,22.295895
2009-06-09,23.91,24.610001,23.85,24.049999,11142000,22.130263
2009-06-08,23.93,24.08,23.00,23.440001,13062300,21.568956
2009-06-05,25.540001,25.799999,24.030001,24.110001,9195100,22.185475
2009-06-04,24.16,25.23,23.549999,25.00,10206200,23.004432
2009-06-03,24.049999,24.83,23.620001,23.91,9195700,22.001439
2009-06-02,24.639999,24.940001,23.48,24.450001,12672400,22.498335
2009-06-01,24.690001,25.68,24.110001,24.84,13760500,22.857204
2009-05-29,23.120001,24.559999,22.75,24.440001,14987800,22.489133
2009-05-28,22.629999,23.389999,21.77,23.27,13409400,21.412526
2009-05-27,22.74,24.00,22.26,22.290001,13213100,20.510752
2009-05-26,21.709999,22.879999,21.65,22.639999,14112700,20.832813
2009-05-22,22.75,23.24,21.790001,21.92,12461200,20.170286
2009-05-21,22.93,23.879999,22.17,22.93,17919200,21.099665
2009-05-20,25.26,25.389999,22.23,23.110001,29794200,21.265298
2009-05-19,25.68,26.379999,24.76,24.90,13486200,22.912414
2009-05-18,25.309999,26.280001,24.74,26.059999,17648500,23.979819
2009-05-15,25.290001,26.799999,24.16,24.540001,23328900,22.581151
2009-05-14,23.65,24.940001,22.92,24.58,19749000,22.617957
2009-05-13,24.219999,24.879999,23.10,23.959999,26250700,22.047447
2009-05-12,27.459999,27.799999,24.049999,25.49,39033700,23.455319
2009-05-11,27.74,29.09,27.10,27.10,114574400,24.936805
2009-05-08,26.190001,31.799999,25.959999,31.34,49881700,28.838356
2009-05-07,26.41,27.57,25.629999,26.450001,60155400,24.33869
2009-05-06,20.879999,23.76,20.82,22.389999,26594300,20.55676
2009-05-05,19.809999,20.639999,19.23,19.469999,18535000,17.875843
2009-05-04,17.690001,20.52,17.690001,20.309999,20682500,18.647066
2009-05-01,16.719999,17.85,16.57,17.34,15695000,15.920243
2009-04-30,17.74,18.82,16.74,16.74,19037800,15.369369
2009-04-29,16.629999,17.620001,16.370001,17.48,14961600,16.048779
2009-04-28,16.25,16.93,15.71,16.18,20151200,14.855221
2009-04-27,18.299999,18.75,16.50,16.74,22668000,15.369369
2009-04-24,17.059999,19.49,16.18,19.02,32552900,17.462689
2009-04-23,14.58,17.27,14.50,16.93,32774000,15.543813
2009-04-22,13.92,16.200001,13.65,14.38,34334900,13.2026
2009-04-21,12.56,15.34,12.51,15.05,26754500,13.817742
2009-04-20,16.48,16.50,13.28,13.38,24064100,12.284478
2009-04-17,17.41,18.50,17.15,17.85,17166600,16.388485
2009-04-16,16.780001,18.60,16.209999,17.860001,20124700,16.397667
2009-04-15,16.040001,17.48,15.29,17.32,27658500,15.90188
2009-04-14,18.530001,19.870001,16.870001,17.07,20231700,15.672349
2009-04-13,16.719999,19.49,16.719999,19.209999,24932000,17.637131
2009-04-09,15.20,18.209999,15.06,17.459999,29625900,16.030416
2009-04-08,12.96,13.99,12.86,13.81,12024800,12.679271
2009-04-07,12.33,13.56,12.28,12.81,11027300,11.761148
2009-04-06,13.25,13.61,12.56,12.82,13546500,11.770329
2009-04-03,12.67,13.95,12.25,13.82,16393900,12.688451
2009-04-02,13.99,14.12,12.42,13.14,17845500,12.064129
2009-04-01,11.56,13.18,11.56,12.97,14565700,11.908048
2009-03-31,11.74,12.60,11.28,12.24,17466400,11.237818
2009-03-30,13.69,13.69,11.14,11.35,20236900,10.42069
2009-03-27,14.23,15.00,14.12,14.23,10129300,13.064881
2009-03-26,14.75,15.16,13.73,14.81,18111400,13.597393
2009-03-25,13.94,14.61,13.21,14.46,19244100,13.27605
2009-03-24,13.06,14.45,12.71,13.31,16669200,12.22021
2009-03-23,11.99,13.62,11.99,13.62,20253600,12.504827
2009-03-20,12.25,12.35,10.83,11.34,19772400,10.411508
2009-03-19,14.25,14.97,12.21,12.30,17908600,11.292906
2009-03-18,12.80,14.42,11.93,14.23,27416500,13.064881
2009-03-17,12.48,13.37,12.07,13.37,13709500,12.275297
2009-03-16,13.21,14.02,12.52,12.57,26875100,11.540798
2009-03-13,13.41,13.42,11.50,12.56,23168100,11.531618
2009-03-12,10.77,13.73,10.47,13.31,26981800,12.22021
2009-03-11,10.00,11.11,9.40,10.82,23709600,9.934084
2009-03-10,9.98,10.20,8.95,10.05,25095300,9.22713
2009-03-09,7.95,9.67,7.80,8.73,20643100,8.015208
2009-03-06,9.24,9.34,7.98,8.31,21657500,7.629598
2009-03-05,9.80,10.44,8.68,8.99,17894200,8.25392
2009-03-04,10.79,12.00,9.12,10.45,17706000,9.594379
2009-03-03,10.63,10.81,9.87,10.20,17105900,9.364848
2009-03-02,11.50,11.93,10.01,10.10,22516800,9.273037
2009-02-27,12.06,13.25,11.91,12.05,22174800,11.063375
2009-02-26,13.36,15.10,12.51,12.98,36311500,11.917228
2009-02-25,11.09,12.99,10.06,12.27,40993300,11.265362
2009-02-24,8.70,11.58,8.68,11.31,27077300,10.383965
2009-02-23,10.45,10.55,9.08,9.13,16768900,8.382458
2009-02-20,8.78,10.35,8.50,10.01,29469300,9.190406
2009-02-19,11.22,11.53,8.92,9.04,25585400,8.299827
2009-02-18,10.47,11.09,9.57,10.95,24198300,10.05344
2009-02-17,11.55,11.82,9.69,10.13,27058400,9.30058
2009-02-13,12.23,12.65,11.55,12.11,16114600,11.118462
2009-02-12,12.77,13.25,11.45,12.28,20011000,11.274543
2009-02-11,13.10,13.60,12.83,13.51,10727800,12.403834
2009-02-10,14.75,14.96,12.63,12.85,20049100,11.797873
2009-02-09,14.49,15.67,14.12,14.95,12107100,13.72593
2009-02-06,14.25,15.46,14.14,14.50,17770300,13.312775
2009-02-05,14.36,15.11,13.76,14.21,17876200,12.702223
2009-02-04,15.49,15.78,14.34,14.53,13988000,12.988269
2009-02-03,16.870001,17.10,14.82,14.99,26009100,13.399459
2009-02-02,15.67,17.00,15.20,16.83,16915700,15.044223
2009-01-30,17.24,17.40,15.51,15.84,14733100,14.159269
2009-01-29,19.43,19.799999,16.76,16.870001,15785400,15.07998
2009-01-28,19.27,20.799999,18.530001,20.299999,18829100,18.146032
2009-01-27,18.83,18.969999,17.290001,17.90,13235300,16.000689
2009-01-26,19.18,19.91,18.25,18.57,12117600,16.599597
2009-01-23,18.77,19.85,16.91,19.32,30046300,17.270017
2009-01-22,21.879999,23.25,20.98,21.940001,13076500,19.612018
2009-01-21,24.01,24.42,20.15,22.959999,28947400,20.523788
2009-01-20,23.02,24.76,22.629999,22.92,19329200,20.488033
2009-01-16,26.25,26.790001,23.889999,24.10,18113500,21.542827
2009-01-15,25.58,26.67,24.40,25.469999,14075900,22.76746
2009-01-14,26.93,27.200001,25.299999,25.58,10791800,22.865789
2009-01-13,26.84,28.549999,26.59,27.940001,7191100,24.975378
2009-01-12,29.15,29.42,26.860001,27.139999,7094800,24.260262
2009-01-09,31.030001,31.030001,29.129999,29.33,5482200,26.217889
2009-01-08,31.07,31.99,30.450001,30.93,5389900,27.648118
2009-01-07,33.009998,33.490002,31.48,31.68,4532900,28.318538
2009-01-06,34.00,34.669998,32.48,34.139999,5983400,30.517515
2009-01-05,32.389999,33.75,32.009998,33.040001,6639300,29.534234
2009-01-02,31.799999,33.540001,31.450001,33.310001,4359700,29.775585
2008-12-31,30.780001,32.34,30.74,31.889999,4358700,28.506255
2008-12-30,29.77,30.99,29.129999,30.860001,3036800,27.585546
2008-12-29,29.309999,29.780001,28.879999,29.309999,2795600,26.20001
2008-12-26,29.959999,29.99,28.99,29.48,1518500,26.351972
2008-12-24,29.379999,29.530001,28.75,29.40,1073000,26.280461
2008-12-23,30.49,30.49,28.75,29.00,3420900,25.922904
2008-12-22,30.93,31.33,29.67,29.940001,6597100,26.763164
2008-12-19,30.120001,31.40,28.809999,30.969999,10084700,27.683873
2008-12-18,29.719999,30.41,29.190001,29.76,7224000,26.602263
2008-12-17,28.85,29.879999,28.10,29.469999,7529800,26.343033
2008-12-16,26.780001,29.639999,26.219999,29.459999,8650700,26.334094
2008-12-15,27.82,28.200001,25.780001,26.110001,9638300,23.339553
2008-12-12,26.34,28.780001,26.25,28.120001,8376100,25.136279
2008-12-11,31.32,31.790001,27.66,27.85,11452000,24.894927
2008-12-10,33.00,33.349998,30.98,32.080002,6015000,28.676097
2008-12-09,33.48,34.759998,32.610001,32.880001,6697300,29.391211
2008-12-08,34.00,34.50,32.099998,34.330002,6923400,30.687357
2008-12-05,29.620001,32.790001,29.18,32.720001,8768100,29.248188
2008-12-04,30.75,33.02,30.26,30.99,6871900,27.701751
2008-12-03,28.07,31.700001,28.07,31.59,8683100,28.238088
2008-12-02,27.200001,29.450001,25.99,29.290001,11450600,26.182134
2008-12-01,32.959999,33.130001,26.60,27.129999,9953500,24.251323
2008-11-28,33.509998,36.299999,33.509998,34.41,3512100,30.758866
2008-11-26,32.66,34.849998,31.870001,34.619999,7798400,30.946583
2008-11-25,33.57,35.25,33.00,33.700001,16225600,30.124203
2008-11-24,27.700001,32.490002,26.23,31.75,12006800,28.38111
2008-11-21,26.35,27.200001,23.280001,26.83,13934600,23.983156
2008-11-20,25.66,28.950001,24.85,25.190001,13772800,22.517171
2008-11-19,28.68,29.00,26.200001,26.50,11354200,23.688171
2008-11-18,30.07,31.02,26.870001,29.25,11656900,26.146377
2008-11-17,30.02,31.27,29.27,29.870001,8859400,26.700592
2008-11-14,32.540001,34.98,31.110001,31.190001,9574400,27.880531
2008-11-13,30.200001,34.650002,28.98,33.560001,19028100,29.999058
2008-11-12,30.450001,32.00,29.52,30.040001,9614800,26.852554
2008-11-11,31.65,33.59,30.34,32.049999,8514400,28.649278
2008-11-10,35.720001,35.720001,31.85,32.560001,6774000,29.105165
2008-11-07,35.389999,35.91,33.509998,34.560001,8173000,30.892952
2008-11-06,37.450001,38.50,34.189999,34.799999,12139900,31.107484
2008-11-05,41.560001,42.650002,38.00,38.23,7948000,33.83833
2008-11-04,40.009998,42.990002,40.009998,42.82,6637500,37.901054
2008-11-03,39.200001,39.849998,38.57,39.619999,4428200,35.068653
2008-10-31,37.07,40.150002,37.040001,39.119999,8133000,34.626091
2008-10-30,39.00,39.650002,37.599998,38.119999,6723400,33.740966
2008-10-29,39.009998,40.470001,37.02,37.849998,10110800,33.501981
2008-10-28,35.049999,40.040001,34.380001,39.900002,11711300,35.31649
2008-10-27,35.900002,37.77,34.290001,34.400002,8435200,30.448303
2008-10-24,32.049999,37.040001,31.16,35.299999,9395000,31.244913
2008-10-23,35.93,37.169998,32.950001,35.709999,10028100,31.607814
2008-10-22,37.119999,38.939999,35.00,36.400002,7165200,32.218553
2008-10-21,39.740002,40.880001,38.169998,38.880001,7020200,34.413663
2008-10-20,40.50,40.529999,37.360001,40.279999,6840800,35.652836
2008-10-17,38.950001,42.32,35.419998,39.919998,13834700,35.33419
2008-10-16,37.619999,39.77,34.799999,38.700001,12655400,34.25434
2008-10-15,42.599998,43.080002,37.099998,37.759998,12223300,33.42232
2008-10-14,43.470001,46.290001,41.970001,44.470001,17072500,39.361512
2008-10-13,38.669998,39.740002,35.880001,39.740002,8189600,35.174871
2008-10-10,31.700001,37.849998,31.48,35.540001,22145700,31.457345
2008-10-09,37.400002,38.330002,30.879999,33.41,12993300,29.572027
2008-10-08,36.049999,40.57,35.790001,35.790001,5681500,31.678626
2008-10-07,42.830002,42.830002,37.560001,37.560001,6954200,33.245298
2008-10-06,43.00,44.900002,40.00,41.689999,8823500,36.900862
2008-10-03,47.66,49.50,44.00,44.900002,7627400,39.742116
2008-10-02,51.400002,51.639999,45.91,46.779999,5401700,41.406148
2008-10-01,49.259998,51.740002,48.66,51.419998,5897900,45.513128
2008-09-30,47.490002,53.00,45.900002,51.00,6780800,45.141377
2008-09-29,53.470001,53.470001,44.00,44.00,7794300,38.945502
2008-09-26,48.25,55.00,47.599998,54.549999,8210200,48.28357
2008-09-25,49.00,52.009998,48.099998,49.799999,20519500,44.079226
2008-09-24,53.869999,54.00,51.00,52.490002,7974500,46.460215
2008-09-23,53.009998,55.02,52.040001,53.720001,7918600,47.548918
2008-09-22,57.619999,63.50,53.790001,54.450001,16204500,48.195059
2008-09-19,60.799999,61.459999,54.669998,56.049999,29237700,49.611258
2008-09-18,46.970001,55.50,45.07,54.00,39320100,47.796752
2008-09-17,47.599998,48.18,44.049999,46.34,22822200,41.016695
2008-09-16,43.419998,49.09,42.470001,49.040001,27845100,43.406533
2008-09-15,44.290001,47.049999,44.25,44.700001,21655800,39.56509
2008-09-12,45.400002,46.939999,44.619999,45.939999,15831500,40.662643
2008-09-11,43.950001,47.09,43.709999,46.34,17254700,41.016695
2008-09-10,46.029999,46.98,45.200001,45.580002,14315000,40.344001
2008-09-09,47.990002,49.080002,45.360001,45.50,22166800,40.273189
2008-09-08,47.84,48.73,45.310001,48.73,21244900,43.132143
2008-09-05,42.099998,44.889999,42.02,44.709999,10750100,39.57394
2008-09-04,44.400002,45.040001,43.209999,43.330002,12457400,38.35247
2008-09-03,44.939999,45.889999,44.419998,45.66,8823900,40.414809
2008-09-02,45.470001,45.860001,43.799999,44.919998,7912200,39.759815
2008-08-29,43.75,44.970001,43.43,44.139999,5973300,39.069419
2008-08-28,43.02,44.360001,42.52,44.139999,7741200,39.069419
2008-08-27,41.77,42.740002,41.110001,42.59,4017700,37.697476
2008-08-26,41.529999,42.150002,40.77,41.830002,6879900,37.024782
2008-08-25,41.619999,42.41,41.34,41.669998,5878700,36.883159
2008-08-22,42.689999,42.799999,40.740002,42.349998,6137900,37.485044
2008-08-21,40.00,41.48,39.75,41.220001,6538400,36.484855
2008-08-20,40.549999,41.43,39.209999,41.290001,7822100,36.546814
2008-08-19,40.990002,41.060001,39.560001,40.349998,8301600,35.714794
2008-08-18,43.619999,43.959999,41.560001,41.790001,8004500,36.989376
2008-08-15,42.080002,43.990002,42.080002,43.950001,8796900,38.901246
2008-08-14,40.279999,42.32,40.110001,41.779999,7234000,36.980523
2008-08-13,42.459999,42.50,40.50,40.790001,10675800,36.104251
2008-08-12,45.389999,45.950001,42.720001,43.16,11151600,38.201997
2008-08-11,43.130001,47.080002,42.860001,46.00,13790500,40.715752
2008-08-08,41.400002,44.02,40.57,43.389999,16868500,38.405575
2008-08-07,43.369999,45.169998,41.060001,42.00,18691300,37.175252
2008-08-06,44.099998,45.93,43.029999,45.009998,13334600,39.507555
2008-08-05,40.91,45.66,40.799999,45.23,13882600,39.700661
2008-08-04,41.189999,41.630001,39.41,40.549999,7233400,35.592788
2008-08-01,42.279999,42.43,40.400002,41.509998,8972000,36.435427
2008-07-31,40.869999,43.040001,40.43,41.860001,9846000,36.742642
2008-07-30,42.220001,44.32,40.560001,42.330002,17890300,37.155186
2008-07-29,37.200001,41.009998,36.889999,40.990002,10205200,35.979
2008-07-28,39.00,39.990002,36.91,37.080002,8346400,32.546995
2008-07-25,40.139999,40.490002,38.00,39.27,11940900,34.469268
2008-07-24,43.439999,43.75,39.200001,39.669998,13920200,34.820366
2008-07-23,42.00,46.18,40.689999,43.25,17306800,37.962715
2008-07-22,39.68,42.310001,38.200001,42.200001,21694700,37.041077
2008-07-21,42.66,44.650002,41.75,42.080002,14390400,36.935748
2008-07-18,42.040001,42.950001,40.580002,42.869999,17201300,37.629169
2008-07-17,38.799999,44.240002,38.799999,42.799999,34397500,37.567727
2008-07-16,34.52,37.59,33.299999,37.279999,18836200,32.722543
2008-07-15,34.630001,35.860001,30.82,33.75,30868700,29.624084
2008-07-14,39.43,39.490002,35.52,35.700001,14821300,31.335698
2008-07-11,39.279999,40.900002,37.610001,38.560001,14979400,33.846066
2008-07-10,39.099998,41.18,38.529999,40.349998,12193200,35.417237
2008-07-09,41.360001,41.889999,39.32,39.400002,12091100,34.583376
2008-07-08,36.900002,41.259998,36.529999,41.060001,15835500,36.040442
2008-07-07,39.099998,39.790001,36.07,37.330002,12895700,32.766433
2008-07-03,39.299999,39.880001,38.009998,38.439999,4573800,33.740733
2008-07-02,40.18,41.16,38.799999,38.889999,10081000,34.135722
2008-07-01,37.700001,40.360001,37.470001,40.139999,16140000,35.23291
2008-06-30,39.759998,39.889999,37.91,38.009998,10901700,33.3633
2008-06-27,38.529999,39.009998,37.310001,38.310001,12116700,33.626628
2008-06-26,39.509998,39.66,38.50,38.650002,14619800,33.925063
2008-06-25,41.139999,43.50,40.299999,41.130001,12908400,36.101885
2008-06-24,39.299999,41.91,39.040001,40.98,9842100,35.970221
2008-06-23,41.00,41.349998,38.959999,39.52,11735100,34.688706
2008-06-20,41.029999,42.299999,40.560001,40.900002,11315400,35.900002
2008-06-19,42.25,42.700001,40.50,41.880001,11167000,36.760198
2008-06-18,43.07,43.23,40.900002,42.360001,16341200,37.181517
2008-06-17,46.169998,46.330002,43.860001,43.869999,9399300,38.506919
2008-06-16,44.32,46.669998,43.740002,45.639999,9289900,40.060538
2008-06-13,44.369999,44.900002,42.869999,44.619999,7984700,39.165232
2008-06-12,42.950001,45.029999,42.880001,43.560001,7672500,38.234819
2008-06-11,44.330002,44.389999,42.34,42.52,8369900,37.321957
2008-06-10,43.91,45.099998,43.509998,44.080002,9181300,38.69125
2008-06-09,46.189999,47.689999,43.919998,44.439999,12652700,39.007237
2008-06-06,48.299999,48.299999,45.93,46.150002,11130800,40.508193
2008-06-05,47.549999,49.900002,47.23,49.619999,10446700,43.553986
2008-06-04,46.529999,48.82,46.450001,47.18,8503600,41.412275
2008-06-03,47.130001,47.779999,45.970001,46.880001,8808600,41.148951
2008-06-02,47.84,47.84,46.18,46.560001,8340800,40.868071
2008-05-30,48.389999,48.91,47.630001,48.119999,7484600,42.23736
2008-05-29,48.509998,49.099998,47.740002,48.580002,6598500,42.641127
2008-05-28,48.889999,49.119999,47.389999,48.52,7415000,42.588461
2008-05-27,47.48,49.040001,47.48,48.59,6126700,42.649903
2008-05-23,48.419998,48.48,47.23,47.470001,6041900,41.666824
2008-05-22,47.950001,49.419998,47.349998,48.919998,5868700,42.939559
2008-05-21,49.75,50.360001,47.779999,47.98,8522900,42.114475
2008-05-20,50.849998,50.849998,49.200001,49.759998,10791200,43.67687
2008-05-19,51.77,53.77,51.419998,51.709999,5923800,45.388485
2008-05-16,52.689999,52.73,50.91,51.650002,6029400,45.335822
2008-05-15,51.169998,52.880001,51.009998,52.700001,7547500,46.257459
2008-05-14,52.09,52.50,51.07,51.25,5831300,44.98472
2008-05-13,53.310001,53.740002,51.509998,51.75,8201000,45.423595
2008-05-12,53.119999,54.349998,52.459999,53.919998,5506200,47.328313
2008-05-09,53.27,54.380001,52.580002,52.91,5821600,46.441786
2008-05-08,54.290001,54.380001,52.68,53.759998,6369700,47.187873
2008-05-07,56.099998,56.50,53.959999,54.200001,8635200,47.244929
2008-05-06,54.360001,56.990002,53.799999,55.959999,6971600,48.77908
2008-05-05,54.529999,56.75,54.50,55.400002,5162200,48.290942
2008-05-02,56.799999,57.68,54.669998,55.23,9957500,48.142755
2008-05-01,53.029999,55.900002,52.509998,55.82,6527500,48.657045
2008-04-30,53.830002,54.150002,52.549999,53.00,13566600,46.198915
2008-04-29,53.700001,54.759998,52.900002,53.610001,6300300,46.730639
2008-04-28,51.200001,54.580002,50.290001,53.82,12518800,46.91369
2008-04-25,49.310001,51.099998,48.73,50.91,6524500,44.377108
2008-04-24,45.889999,48.700001,45.869999,48.450001,6532600,42.232782
2008-04-23,46.66,46.799999,45.02,45.919998,7197000,40.027435
2008-04-22,47.549999,47.849998,45.959999,46.380001,6828400,40.42841
2008-04-21,46.860001,48.389999,46.799999,47.860001,8545200,41.718492
2008-04-18,49.959999,51.00,46.82,47.209999,15399200,41.1519
2008-04-17,45.91,49.400002,45.439999,48.740002,11697800,42.485569
2008-04-16,47.240002,47.380001,45.900002,46.25,11007500,40.315091
2008-04-15,47.349998,48.799999,45.889999,45.970001,9710800,40.071022
2008-04-14,47.759998,48.00,46.540001,47.119999,7866600,41.073449
2008-04-11,48.119999,50.049999,47.880001,48.299999,8958300,42.102029
2008-04-10,49.700001,50.700001,48.709999,49.619999,9770000,43.252643
2008-04-09,53.419998,53.50,50.110001,50.630001,9997500,44.13304
2008-04-08,52.299999,54.00,51.75,53.509998,6380600,46.643469
2008-04-07,52.00,54.98,51.700001,53.060001,8707700,46.251217
2008-04-04,52.509998,53.25,50.919998,51.27,7923600,44.690913
2008-04-03,51.450001,53.189999,51.080002,52.990002,7644900,46.190199
2008-04-02,53.669998,55.00,52.509998,53.18,7141300,46.355817
2008-04-01,50.509998,53.57,50.509998,53.48,8193200,46.61732
2008-03-31,48.77,50.189999,48.00,49.220001,5314600,42.903974
2008-03-28,50.91,51.369999,48.599998,48.990002,6591300,42.703489
2008-03-27,51.810001,52.48,49.830002,50.470001,8240200,43.993571
2008-03-26,51.93,52.48,51.00,51.25,8886600,44.673479
2008-03-25,52.810001,54.009998,51.009998,53.049999,10332100,46.242498
2008-03-24,54.310001,57.439999,53.110001,54.349998,10606000,47.375678
2008-03-20,49.419998,53.950001,49.419998,53.25,13507300,46.416834
2008-03-19,51.650002,54.459999,49.009998,49.459999,12191400,43.113175
2008-03-18,49.209999,51.580002,48.330002,51.490002,14024100,44.882683
2008-03-17,44.18,48.470001,44.099998,47.459999,12196000,41.36982
2008-03-14,50.029999,51.23,46.900002,47.860001,11271400,41.718492
2008-03-13,46.50,50.16,45.709999,49.540001,17230600,43.182911
2008-03-12,46.369999,50.759998,46.369999,47.650002,17725000,41.535441
2008-03-11,44.849998,46.75,42.59,46.720001,14215400,40.72478
2008-03-10,43.490002,43.700001,40.75,41.259998,8659400,35.965418
2008-03-07,42.080002,44.419998,41.700001,43.360001,9851700,37.795943
2008-03-06,43.700001,44.049999,42.34,42.50,8029100,37.0463
2008-03-05,45.810001,46.630001,43.990002,44.32,7357600,38.632753
2008-03-04,44.630001,45.93,43.150002,45.419998,11576700,39.591597
2008-03-03,45.889999,46.700001,44.75,44.970001,9534700,39.199344
2008-02-29,47.98,48.299999,45.740002,46.029999,6728500,40.123321
2008-02-28,49.57,49.75,48.189999,48.419998,4363300,42.20663
2008-02-27,49.00,50.889999,48.650002,49.830002,5001100,43.435698
2008-02-26,48.209999,50.77,47.27,49.939999,8869300,43.53158
2008-02-25,47.849998,48.959999,46.279999,48.540001,5528000,42.311233
2008-02-22,47.869999,48.220001,45.990002,47.919998,7704700,41.770791
2008-02-21,49.900002,50.439999,47.450001,47.68,5073500,41.56159
2008-02-20,47.549999,49.84,47.50,49.330002,7123000,42.999859
2008-02-19,48.490002,48.849998,47.099998,48.060001,5476400,41.892828
2008-02-15,47.32,47.799999,46.50,47.66,6338800,41.544156
2008-02-14,48.490002,49.470001,47.209999,47.59,5759700,41.483139
2008-02-13,48.310001,49.25,47.18,49.080002,5804900,42.78194
2008-02-12,47.490002,49.27,46.59,47.450001,10730800,41.361105
2008-02-11,49.049999,49.27,46.139999,46.82,10655900,40.811947
2008-02-08,49.43,50.970001,47.360001,48.98,9589800,42.69477
2008-02-07,48.700001,50.77,47.389999,50.099998,15323900,43.671048
2008-02-06,50.650002,52.759998,49.369999,49.560001,8537200,42.873466
2008-02-05,50.73,52.27,49.959999,50.200001,8224800,43.427118
2008-02-04,55.549999,55.560001,52.169998,52.650002,9757900,45.54657
2008-02-01,55.43,57.68,55.040001,56.970001,13049400,49.283724
2008-01-31,50.689999,55.889999,49.23,54.619999,15817800,47.250779
2008-01-30,51.43,54.130001,50.09,51.599998,13013900,44.638231
2008-01-29,50.299999,52.299999,49.400002,51.689999,9780300,44.716089
2008-01-28,46.48,50.040001,44.82,49.889999,10838700,43.158942
2008-01-25,48.380001,49.290001,45.50,46.509998,13268000,40.234964
2008-01-24,47.00,49.75,44.23,47.75,18819700,41.307667
2008-01-23,38.77,44.720001,37.59,44.200001,16648600,38.236626
2008-01-22,37.41,41.369999,37.41,39.810001,12649700,34.438917
2008-01-18,41.43,42.75,39.18,39.68,12430800,34.326455
2008-01-17,43.169998,44.00,40.560001,41.060001,12809700,35.520269
2008-01-16,41.82,44.380001,41.110001,43.540001,12623300,37.665672
2008-01-15,41.32,42.380001,41.099998,42.00,12994700,36.333445
2008-01-14,42.860001,43.509998,40.799999,43.07,7565000,37.259083
2008-01-11,40.790001,43.41,40.610001,42.59,13290600,36.843844
2008-01-10,40.419998,44.25,38.849998,42.919998,26990700,37.129319
2008-01-09,43.02,43.869999,41.23,43.349998,10746800,37.501304
2008-01-08,47.18,47.75,42.599998,43.189999,10128800,37.362891
2008-01-07,46.16,48.02,45.200001,46.849998,6275300,40.529092
2008-01-04,45.759998,46.23,44.720001,45.970001,5576500,39.767822
2008-01-03,47.740002,47.98,46.259998,46.669998,3512700,40.373377
2008-01-02,47.759998,48.77,46.16,47.349998,5649100,40.961633
2007-12-31,46.25,47.990002,45.099998,47.259998,3998600,40.883775
2007-12-28,46.700001,47.380001,46.16,46.57,3195900,40.28687
2007-12-27,47.349998,47.639999,46.650002,46.689999,3273900,40.390679
2007-12-26,47.619999,48.110001,47.16,47.84,2119600,41.385524
2007-12-24,47.52,48.650002,47.52,48.209999,1881200,41.705604
2007-12-21,46.389999,47.830002,46.009998,47.68,5538800,41.247111
2007-12-20,46.259998,46.77,44.880001,45.91,4674400,39.715916
2007-12-19,46.599998,47.32,45.689999,46.00,3492800,39.793773
2007-12-18,45.970001,46.990002,45.209999,46.50,7655400,40.226314
2007-12-17,45.540001,47.650002,44.400002,45.66,7440400,39.499645
2007-12-14,47.66,48.360001,47.150002,47.200001,6219900,40.831872
2007-12-13,47.400002,48.790001,45.939999,48.610001,8435000,42.051638
2007-12-12,51.060001,51.52,47.080002,48.27,10687300,41.75751
2007-12-11,52.200001,53.509998,49.490002,49.93,7587700,43.193546
2007-12-10,49.84,52.139999,49.84,52.07,6777100,45.044821
2007-12-07,50.110001,50.84,49.16,49.799999,8762800,43.081084
2007-12-06,49.779999,52.50,49.389999,52.43,5134400,45.356251
2007-12-05,50.459999,50.970001,49.439999,49.93,6940200,43.193546
2007-12-04,50.490002,50.970001,49.169998,49.900002,3476100,43.167594
2007-12-03,54.009998,54.240002,50.299999,50.889999,6546800,44.024024
2007-11-30,54.099998,56.950001,52.869999,53.310001,9474700,46.117524
2007-11-29,53.330002,53.330002,51.27,51.919998,4188700,44.915057
2007-11-28,50.299999,53.669998,50.25,53.610001,6707000,46.377048
2007-11-27,49.549999,50.080002,47.91,49.169998,6035600,42.536082
2007-11-26,52.07,52.099998,49.09,49.200001,5145900,42.562036
2007-11-23,50.040001,52.419998,50.040001,52.07,2542400,45.044821
2007-11-21,50.220001,51.34,48.830002,49.810001,6507900,43.089737
2007-11-20,51.50,51.799999,49.220001,50.740002,8472900,43.894263
2007-11-19,52.610001,52.919998,50.349998,51.50,6015600,44.551724
2007-11-16,53.16,53.970001,52.060001,53.049999,5002800,45.892601
2007-11-15,54.970001,54.970001,52.50,52.790001,7111300,45.667681
2007-11-14,57.93,59.290001,54.48,55.299999,6212500,47.839035
2007-11-13,54.84,57.049999,54.599998,56.93,5765900,49.24912
2007-11-12,53.200001,55.98,52.50,54.27,7052500,46.948002
2007-11-09,51.25,55.759998,50.349998,54.259998,11440400,46.939349
2007-11-08,50.880001,54.130001,50.439999,52.900002,15338900,45.76284
2007-11-07,56.099998,58.099998,50.049999,50.209999,18796100,43.435768
2007-11-06,60.77,61.970001,58.049999,59.470001,9332900,51.42307
2007-11-05,60.00,61.330002,59.00,60.529999,4433400,52.339638
2007-11-02,62.50,62.790001,60.099998,61.169998,7743400,52.893039
2007-11-01,64.199997,64.339996,61.860001,62.290001,7126300,53.861493
2007-10-31,66.480003,67.790001,63.830002,65.589996,4227500,56.714963
2007-10-30,65.599998,65.75,64.639999,65.230003,2714700,56.403681
2007-10-29,64.879997,67.690002,64.400002,65.889999,5504000,56.974373
2007-10-26,63.549999,64.620003,61.880001,64.400002,4567800,55.685988
2007-10-25,63.52,64.330002,60.869999,61.959999,7309200,53.576144
2007-10-24,61.709999,63.91,60.91,63.73,6617500,55.106644
2007-10-23,63.970001,65.00,61.119999,62.060001,5372000,53.662615
2007-10-22,61.150002,64.089996,61.00,62.93,5115300,54.414894
2007-10-19,65.120003,65.589996,62.41,62.68,6925300,54.198721
2007-10-18,65.93,66.410004,64.449997,66.00,5416500,57.069489
2007-10-17,67.760002,67.839996,65.300003,66.900002,3376200,57.847711
2007-10-16,68.160004,68.800003,66.639999,66.989998,2961400,57.92553
2007-10-15,70.629997,70.93,67.690002,68.519997,3972100,59.248503
2007-10-12,71.809998,71.889999,70.620003,70.879997,2730400,61.28917
2007-10-11,71.120003,73.389999,71.120003,71.889999,4359000,62.162508
2007-10-10,71.589996,71.959999,70.279999,70.830002,2259500,61.24594
2007-10-09,71.300003,72.040001,70.50,72.010002,2644600,62.266273
2007-10-08,72.029999,72.279999,71.050003,71.25,2491300,61.609108
2007-10-05,72.00,73.550003,71.50,72.940002,3241100,63.070435
2007-10-04,70.360001,71.949997,70.309998,71.050003,3331900,61.436172
2007-10-03,69.440002,70.529999,68.419998,70.300003,5393200,60.787656
2007-10-02,68.480003,70.75,68.470001,69.32,2808600,59.940257
2007-10-01,65.989998,68.690002,65.790001,68.32,2746300,59.075568
2007-09-28,66.779999,66.980003,66.050003,66.43,2466700,57.441306
2007-09-27,67.00,67.730003,66.50,66.800003,2165600,57.761243
2007-09-26,66.00,66.580002,65.209999,66.099998,2753400,57.155957
2007-09-25,66.400002,66.400002,64.57,65.860001,4781900,56.948433
2007-09-24,68.790001,69.040001,66.730003,66.769997,4541300,57.735297
2007-09-21,69.529999,69.660004,68.169998,69.019997,5617100,59.680848
2007-09-20,70.800003,70.949997,69.339996,69.389999,3688900,60.000785
2007-09-19,70.00,72.43,69.760002,70.980003,4830400,61.375645
2007-09-18,66.029999,70.150002,65.279999,69.730003,6068600,60.294783
2007-09-17,65.07,65.889999,64.269997,65.239998,3371000,56.412324
2007-09-14,65.739998,66.349998,64.790001,66.110001,2854400,57.164606
2007-09-13,65.129997,66.599998,65.129997,66.410004,3404600,57.424015
2007-09-12,63.779999,65.669998,63.119999,65.07,3680300,56.265328
2007-09-11,63.099998,64.419998,63.00,64.080002,3399900,55.409288
2007-09-10,63.00,63.52,62.200001,62.790001,3984000,54.293838
2007-09-07,63.009998,63.59,62.18,62.700001,5402600,54.216015
2007-09-06,62.900002,64.239998,62.900002,64.120003,3018300,55.443876
2007-09-05,63.799999,63.889999,62.599998,63.139999,3992400,54.596478
2007-09-04,64.639999,65.300003,64.349998,64.730003,3361600,55.971337
2007-08-31,65.550003,66.00,64.230003,64.660004,3042800,55.910809
2007-08-30,64.330002,65.099998,63.990002,64.25,3986500,55.556283
2007-08-29,64.190002,65.339996,62.77,65.040001,4788900,56.239388
2007-08-28,65.099998,65.290001,63.43,63.75,6423400,55.123938
2007-08-27,65.900002,66.239998,65.099998,65.900002,2099500,56.983022
2007-08-24,66.370003,66.589996,65.580002,66.32,2957100,57.34619
2007-08-23,67.300003,67.730003,65.849998,66.849998,4055400,57.804474
2007-08-22,69.800003,69.800003,66.190002,66.940002,6051800,57.882299
2007-08-21,67.330002,69.650002,66.169998,68.470001,8120200,59.205273
2007-08-20,68.75,69.480003,65.410004,66.720001,5529800,57.692067
2007-08-17,68.00,69.610001,65.010002,68.75,8484900,59.447385
2007-08-16,62.07,65.879997,59.490002,64.860001,11866300,56.083744
2007-08-15,66.18,66.959999,62.41,63.029999,9946500,54.501361
2007-08-14,68.800003,68.870003,65.239998,66.00,6112000,57.069489
2007-08-13,70.110001,70.790001,68.099998,68.470001,3552400,59.205273
2007-08-10,67.089996,69.330002,66.300003,69.099998,5143800,59.750025
2007-08-09,69.00,71.440002,67.809998,68.00,7182100,58.798868
2007-08-08,70.610001,73.790001,70.230003,71.589996,6241200,61.903099
2007-08-07,69.169998,71.540001,68.489998,70.610001,5236700,61.032362
2007-08-06,67.629997,70.25,65.410004,70.25,7574400,60.721192
2007-08-03,70.970001,71.150002,66.519997,67.339996,9831600,58.205905
2007-08-02,70.25,72.43,70.089996,71.199997,4941900,61.54233
2007-08-01,70.50,71.900002,68.129997,69.959999,11011300,60.470527
2007-07-31,74.470001,75.169998,70.589996,70.760002,8796400,61.162017
2007-07-30,73.019997,74.330002,72.110001,73.489998,4314300,63.521712
2007-07-27,72.959999,74.82,72.860001,73.019997,4478600,63.115462
2007-07-26,73.870003,74.279999,72.209999,73.830002,6287400,63.815597
2007-07-25,76.099998,76.650002,73.879997,75.120003,5110800,64.930621
2007-07-24,76.529999,76.720001,75.080002,75.360001,4799800,65.138065
2007-07-23,78.050003,78.629997,77.660004,78.050003,2692300,67.463192
2007-07-20,77.489998,78.800003,76.510002,77.660004,7751100,67.126092
2007-07-19,78.080002,78.080002,74.690002,75.510002,6622500,65.26772
2007-07-18,76.00,76.68,75.32,76.379997,4922700,66.019708
2007-07-17,76.209999,77.279999,75.809998,76.389999,3206400,66.028353
2007-07-16,75.059998,77.129997,75.059998,76.199997,3152700,65.864123
2007-07-13,75.459999,75.919998,75.029999,75.349998,2636600,65.129419
2007-07-12,75.18,76.199997,74.629997,75.709999,4357200,65.440589
2007-07-11,76.25,76.389999,74.110001,74.629997,8227700,64.50708
2007-07-10,78.00,78.169998,75.43,75.68,5568600,65.414659
2007-07-09,78.279999,79.230003,78.160004,78.849998,2083900,68.154675
2007-07-06,78.029999,78.900002,77.839996,78.610001,1940400,67.94723
2007-07-05,78.470001,78.68,77.800003,78.029999,2256700,67.445901
2007-07-03,78.830002,79.440002,78.830002,78.940002,1088300,68.23247
2007-07-02,79.260002,79.260002,78.029999,78.75,2080800,68.06824
2007-06-29,80.849998,80.900002,77.949997,78.440002,3929500,67.800291
2007-06-28,80.790001,80.970001,79.32,79.669998,4181000,68.863448
2007-06-27,78.400002,78.860001,77.400002,78.800003,4163200,68.111461
2007-06-26,79.599998,79.650002,78.029999,78.809998,5084700,68.120099
2007-06-25,80.43,80.629997,79.300003,79.400002,3052300,68.630074
2007-06-22,80.620003,81.18,79.830002,80.029999,3596100,69.174618
2007-06-21,80.019997,81.419998,79.589996,80.900002,3223600,69.926612
2007-06-20,81.00,82.099998,80.459999,80.470001,2756800,69.554938
2007-06-19,81.849998,82.25,81.110001,81.639999,2580100,70.566236
2007-06-18,80.900002,82.050003,80.650002,81.849998,2863900,70.74775
2007-06-15,80.889999,81.629997,80.720001,80.75,3985100,69.796957
2007-06-14,80.550003,81.120003,80.309998,80.419998,2579000,69.511717
2007-06-13,79.809998,80.639999,79.169998,80.639999,2677300,69.701877
2007-06-12,79.720001,80.459999,79.589996,79.699997,3391600,68.889378
2007-06-11,80.00,80.839996,79.610001,80.57,2928900,69.641372
2007-06-08,79.559998,79.989998,78.970001,79.989998,2969800,69.140043
2007-06-07,79.489998,80.129997,79.290001,79.589996,5055000,68.794298
2007-06-06,79.440002,79.940002,79.050003,79.610001,3739400,68.811589
2007-06-05,79.50,80.199997,79.110001,79.879997,2703800,69.044963
2007-06-04,79.900002,80.400002,79.75,79.900002,2123100,69.062254
2007-06-01,79.889999,80.470001,79.639999,80.150002,3383000,69.278343
2007-05-31,79.809998,80.480003,79.349998,79.779999,2903400,68.958528
2007-05-30,78.900002,80.080002,78.339996,80.00,2329800,69.148688
2007-05-29,78.790001,79.949997,78.529999,79.769997,2508600,68.949883
2007-05-25,78.599998,78.879997,77.910004,78.779999,1780600,68.09417
2007-05-24,80.150002,80.25,78.449997,78.559998,3334500,67.90401
2007-05-23,78.660004,80.150002,78.660004,79.769997,4359300,68.949883
2007-05-22,78.32,78.980003,77.550003,78.620003,1956500,67.955876
2007-05-21,77.209999,78.110001,77.059998,77.919998,2151700,67.350821
2007-05-18,76.870003,77.599998,76.870003,77.440002,2465000,66.935932
2007-05-17,76.980003,77.279999,76.709999,76.879997,3035400,66.451887
2007-05-16,77.470001,77.470001,76.720001,76.980003,2882600,66.538328
2007-05-15,77.080002,77.82,76.639999,76.790001,3241500,66.374098
2007-05-14,77.00,77.300003,76.330002,77.080002,2772900,66.624763
2007-05-11,76.75,77.300003,76.449997,77.199997,2916100,66.728482
2007-05-10,75.699997,77.25,74.839996,76.150002,5180200,65.820909
2007-05-09,75.199997,75.82,74.879997,75.309998,1946200,65.094844
2007-05-08,74.800003,75.550003,74.269997,75.389999,2424500,65.163995
2007-05-07,74.50,75.330002,74.330002,75.309998,2960100,65.071507
2007-05-04,74.900002,74.980003,74.129997,74.43,2497900,64.311146
2007-05-03,74.150002,74.739998,73.93,74.50,2065100,64.37163
2007-05-02,73.940002,74.370003,73.550003,74.150002,3491300,64.069214
2007-05-01,74.269997,74.449997,73.199997,73.739998,3905100,63.714951
2007-04-30,74.989998,75.669998,74.209999,74.260002,3557900,64.16426
2007-04-27,74.739998,75.379997,73.870003,74.910004,4156700,64.725893
2007-04-26,73.540001,75.93,73.510002,75.489998,6188000,65.227036
2007-04-25,72.75,74.110001,72.279999,73.949997,5933300,63.8964
2007-04-24,70.779999,71.989998,70.540001,71.970001,6313900,62.185587
2007-04-23,72.449997,72.449997,70.239998,70.260002,9344700,60.708065
2007-04-20,73.540001,74.389999,71.57,72.800003,15549900,62.902749
2007-04-19,77.00,78.150002,76.610001,77.339996,4136800,66.825525
2007-04-18,77.120003,78.18,76.50,77.68,3588200,67.119305
2007-04-17,76.800003,77.400002,76.129997,77.120003,3653700,66.63544
2007-04-16,75.370003,76.900002,75.25,76.309998,3016200,65.935556
2007-04-13,73.900002,75.099998,73.879997,75.059998,3785700,64.855495
2007-04-12,73.510002,73.980003,73.25,73.830002,2461200,63.792719
2007-04-11,73.839996,74.440002,73.669998,73.919998,3270200,63.87048
2007-04-10,73.440002,74.169998,73.129997,74.010002,2453900,63.948248
2007-04-09,73.410004,73.690002,73.059998,73.43,2081900,63.447098
2007-04-05,73.260002,73.480003,72.470001,73.360001,4520200,63.386615
2007-04-04,74.470001,74.529999,73.080002,73.279999,4471400,63.317489
2007-04-03,73.970001,75.150002,73.75,74.360001,4172800,64.250663
2007-04-02,75.220001,75.230003,73.419998,73.57,25366200,63.568064
2007-03-30,75.370003,76.019997,75.07,75.459999,2074100,65.201116
2007-03-29,76.080002,76.309998,75.199997,75.650002,1759800,65.365287
2007-03-28,76.220001,76.220001,75.019997,75.489998,3561700,65.227036
2007-03-27,76.940002,77.25,76.540001,76.639999,3120000,66.220693
2007-03-26,77.93,78.239998,76.629997,77.440002,3043600,66.911935
2007-03-23,77.760002,78.169998,77.470001,77.889999,2656000,67.300754
2007-03-22,77.900002,78.849998,77.07,77.760002,2218100,67.18843
2007-03-21,76.129997,78.860001,75.919998,78.07,3537800,67.456283
2007-03-20,75.629997,76.290001,75.25,76.209999,2491100,65.849152
2007-03-19,75.160004,75.879997,74.620003,75.639999,3801500,65.356645
2007-03-16,76.370003,76.519997,74.599998,74.949997,3596900,64.760449
2007-03-15,75.209999,76.650002,75.00,75.949997,2711300,65.624498
2007-03-14,74.760002,75.50,73.43,75.209999,4652200,64.985103
2007-03-13,75.50,75.989998,74.550003,74.75,4442100,64.587642
2007-03-12,76.900002,76.900002,76.099998,76.18,2015600,65.823232
2007-03-09,77.25,77.529999,76.199997,77.00,3454400,66.531751
2007-03-08,75.610001,77.349998,75.50,76.650002,3825700,66.229336
2007-03-07,75.610001,75.849998,74.790001,74.809998,2733600,64.639483
2007-03-06,76.00,76.300003,74.690002,75.860001,2702100,65.546736
2007-03-05,76.00,77.239998,74.25,74.370003,4761400,64.259306
2007-03-02,76.599998,77.43,76.150002,76.779999,3236000,66.34166
2007-03-01,75.349998,77.459999,75.00,77.150002,3539100,66.66136
2007-02-28,77.129997,78.269997,75.779999,77.029999,4257500,66.557672
2007-02-27,79.50,79.889999,76.309998,77.129997,4783200,66.644075
2007-02-26,80.510002,81.139999,79.519997,80.32,3242300,69.400393
2007-02-23,82.43,82.43,79.910004,80.480003,3420200,69.538644
2007-02-22,82.440002,82.449997,81.870003,82.309998,2611200,71.119848
2007-02-21,81.50,82.400002,81.230003,82.290001,3546500,71.10257
2007-02-20,81.82,82.389999,81.589996,82.139999,2601100,70.972961
2007-02-16,82.099998,82.43,81.699997,82.07,3397300,70.912478
2007-02-15,81.989998,82.50,81.25,82.349998,3127200,71.154411
2007-02-14,82.099998,82.629997,81.68,81.870003,2669200,70.739671
2007-02-13,81.599998,82.419998,81.50,81.779999,2207800,70.661903
2007-02-12,81.589996,82.169998,80.779999,81.50,2661000,70.419971
2007-02-09,82.699997,83.120003,81.300003,82.010002,2697600,70.860637
2007-02-08,83.040001,83.18,81.010002,82.779999,3464300,71.525952
2007-02-07,82.699997,83.839996,81.779999,83.610001,3162900,72.219786
2007-02-06,81.599998,82.849998,81.410004,82.690002,4148500,71.425119
2007-02-05,80.57,81.860001,80.269997,81.639999,3509200,70.518159
2007-02-02,79.970001,81.25,79.669998,80.809998,5207700,69.801228
2007-02-01,80.400002,80.43,79.449997,79.720001,2799700,68.859722
2007-01-31,79.800003,80.730003,78.970001,80.400002,2996300,69.447086
2007-01-30,78.769997,80.400002,78.25,80.150002,3381400,69.231144
2007-01-29,79.300003,79.489998,78.230003,78.75,2081100,68.021865
2007-01-26,79.50,79.800003,78.849998,79.470001,2715700,68.64378
2007-01-25,80.239998,80.400002,78.309998,78.68,3352500,67.961401
2007-01-24,80.00,80.279999,79.529999,80.239998,2667600,69.30888
2007-01-23,79.370003,80.089996,79.089996,80.050003,3825400,69.144768
2007-01-22,78.779999,79.709999,78.379997,78.989998,3975900,68.229168
2007-01-19,77.50,79.00,76.889999,78.879997,7297000,68.134152
2007-01-18,77.300003,77.550003,75.57,75.82,3288100,65.491019
2007-01-17,76.160004,77.139999,75.889999,76.529999,2884900,66.104295
2007-01-16,77.029999,77.040001,75.949997,76.190002,3647000,65.810616
2007-01-12,75.989998,77.220001,75.970001,77.019997,2819600,66.52754
2007-01-11,75.699997,76.099998,75.449997,75.989998,3194800,65.637858
2007-01-10,76.489998,76.529999,75.300003,75.699997,2839500,65.387364
2007-01-09,77.68,77.699997,76.300003,76.629997,2089600,66.190671
2007-01-08,77.239998,77.470001,76.489998,77.43,2018900,66.881689
2007-01-05,77.160004,77.50,76.50,77.160004,2163900,66.648474
2007-01-04,77.470001,77.720001,76.629997,77.160004,1461400,66.648474
2007-01-03,77.07,77.75,76.620003,77.25,3047000,66.72621
2006-12-29,78.07,78.199997,76.82,76.82,1859400,66.354789
2006-12-28,78.00,78.25,77.769997,78.080002,1967300,67.443141
2006-12-27,78.029999,78.339996,77.379997,78.230003,1797900,67.572707
2006-12-26,77.150002,78.300003,77.00,78.019997,1882100,67.39131
2006-12-22,77.529999,77.529999,76.660004,77.400002,1372900,66.855777
2006-12-21,77.360001,77.940002,77.160004,77.519997,2387500,66.959425
2006-12-20,76.519997,77.400002,76.510002,77.360001,1717900,66.821225
2006-12-19,77.00,77.690002,76.50,76.730003,2377400,66.277053
2006-12-18,76.510002,77.339996,76.50,77.019997,2471300,66.52754
2006-12-15,77.50,77.75,76.540001,76.610001,2583700,66.173398
2006-12-14,76.849998,77.849998,76.68,77.25,2479600,66.72621
2006-12-13,77.300003,77.57,76.709999,77.080002,2003000,66.579371
2006-12-12,76.099998,77.160004,76.050003,76.43,2777400,66.017919
2006-12-11,76.190002,76.849998,76.050003,76.519997,3231700,66.095655
2006-12-08,76.50,76.580002,75.75,76.18,2923900,65.801977
2006-12-07,77.559998,78.349998,76.50,76.559998,4124000,66.130207
2006-12-06,77.760002,77.889999,76.559998,77.580002,4167800,67.011256
2006-12-05,78.010002,78.160004,77.110001,77.919998,5530700,67.304934
2006-12-04,78.00,78.739998,77.949997,78.160004,3467100,67.512244
2006-12-01,77.879997,78.120003,77.00,77.639999,2782200,67.06308
2006-11-30,77.800003,78.00,76.910004,77.879997,7468100,67.270383
2006-11-29,76.980003,78.00,76.470001,77.32,5028000,66.786674
2006-11-28,74.519997,75.50,74.239998,75.410004,3241000,65.136877
2006-11-27,75.650002,75.650002,74.400002,75.18,3269100,64.938207
2006-11-24,75.050003,75.550003,74.870003,75.400002,561100,65.128237
2006-11-22,75.449997,75.620003,75.010002,75.620003,1618700,65.318268
2006-11-21,75.099998,75.650002,74.760002,74.980003,1673200,64.765456
2006-11-20,75.50,76.150002,74.889999,74.970001,1883900,64.756816
2006-11-17,75.199997,76.059998,74.00,75.50,3219000,65.214613
2006-11-16,77.190002,77.519997,75.220001,75.599998,4028000,65.300989
2006-11-15,77.00,77.25,76.510002,77.089996,2313700,66.588004
2006-11-14,77.50,77.769997,76.330002,77.050003,2334500,66.553459
2006-11-13,77.50,78.269997,77.300003,77.50,1182700,66.942153
2006-11-10,76.669998,77.639999,76.650002,77.519997,1739400,66.959425
2006-11-09,77.75,77.830002,76.220001,76.419998,2830000,66.00928
2006-11-08,77.25,77.559998,76.720001,77.50,1271400,66.942153
2006-11-07,78.50,78.800003,77.459999,77.57,1950000,66.979295
2006-11-06,77.050003,78.769997,76.889999,78.68,2418200,67.937746
2006-11-03,77.50,78.029999,76.349998,76.559998,2204600,66.107189
2006-11-02,76.860001,77.190002,75.800003,76.660004,2293900,66.193542
2006-11-01,79.949997,79.959999,76.400002,76.860001,5051700,66.366233
2006-10-31,81.25,81.25,78.849998,79.330002,4801400,68.499002
2006-10-30,81.720001,81.739998,80.50,81.209999,1944600,70.122322
2006-10-27,82.150002,82.519997,81.529999,81.660004,2346700,70.510887
2006-10-26,82.50,83.00,81.599998,82.720001,1881700,71.426162
2006-10-25,80.32,82.519997,80.300003,82.419998,2400000,71.167119
2006-10-24,81.480003,81.480003,80.529999,80.650002,1652500,69.638781
2006-10-23,81.099998,82.110001,80.720001,80.919998,1515400,69.871915
2006-10-20,82.150002,82.300003,80.690002,81.239998,2640700,70.148225
2006-10-19,81.00,82.830002,79.510002,81.900002,4278200,70.718118
2006-10-18,81.599998,81.599998,79.029999,80.110001,3640300,69.172507
2006-10-17,81.050003,81.400002,80.019997,80.660004,1705000,69.647418
2006-10-16,81.589996,81.620003,80.910004,81.559998,1393000,70.424535
2006-10-13,81.739998,81.919998,81.440002,81.620003,1650800,70.476347
2006-10-12,79.989998,81.25,79.800003,81.230003,2617100,70.139595
2006-10-11,79.300003,79.830002,77.800003,79.459999,3165800,68.611251
2006-10-10,79.699997,80.599998,79.650002,80.300003,2898900,69.336568
2006-10-09,78.620003,79.470001,78.43,79.339996,1130300,68.507632
2006-10-06,78.550003,78.769997,77.559998,78.610001,1491000,67.877304
2006-10-05,79.290001,79.599998,78.129997,79.059998,1590300,68.265862
2006-10-04,78.290001,79.300003,77.809998,79.290001,1103900,68.464463
2006-10-03,77.599998,78.870003,77.529999,78.290001,1620600,67.600994
2006-10-02,79.00,79.050003,77.129997,77.309998,2190500,66.754791
2006-09-29,80.68,80.68,78.550003,78.660004,2059700,67.92048
2006-09-28,78.309998,80.099998,78.309998,80.099998,3517100,69.163871
2006-09-27,77.900002,78.720001,77.440002,78.370003,1811900,67.670073
2006-09-26,77.650002,78.07,77.25,77.669998,3451100,67.065641
2006-09-25,77.050003,77.790001,76.550003,77.589996,2259100,66.996562
2006-09-22,77.00,77.43,76.50,76.949997,1715600,66.443942
2006-09-21,77.25,77.830002,76.150002,76.540001,3855200,66.089923
2006-09-20,75.150002,77.169998,75.150002,76.919998,2329500,66.418039
2006-09-19,75.400002,75.410004,74.559998,75.089996,2209800,64.837889
2006-09-18,76.599998,76.900002,75.599998,75.809998,1931600,65.459588
2006-09-15,74.650002,76.25,74.650002,76.089996,3424000,65.701358
2006-09-14,75.879997,75.93,74.019997,74.470001,2641600,64.302542
2006-09-13,75.93,76.18,75.25,75.720001,2996300,65.381879
2006-09-12,72.400002,75.949997,72.360001,75.949997,3856900,65.580473
2006-09-11,72.099998,72.739998,71.610001,71.870003,1810300,62.057524
2006-09-08,72.150002,72.540001,71.900002,72.459999,2044900,62.566968
2006-09-07,72.800003,73.279999,72.07,72.349998,1776000,62.471985
2006-09-06,74.339996,74.370003,72.639999,72.82,1966000,62.877817
2006-09-05,73.75,74.43,73.309998,74.400002,1734900,64.2421
2006-09-01,74.00,74.029999,73.080002,73.459999,1841600,63.430437
2006-08-31,73.370003,73.650002,72.720001,73.099998,1990800,63.119587
2006-08-30,72.199997,73.989998,72.019997,73.379997,3569600,63.361358
2006-08-29,70.730003,72.199997,70.610001,72.010002,3159600,62.178409
2006-08-28,70.150002,71.129997,69.50,70.980003,3158000,61.289037
2006-08-25,70.849998,70.900002,69.300003,69.879997,3409000,60.339216
2006-08-24,71.849998,72.260002,70.849998,71.00,1789700,61.306304
2006-08-23,72.199997,72.989998,71.669998,71.940002,1991800,62.117967
2006-08-22,73.00,73.169998,71.989998,72.099998,2439000,62.256118
2006-08-21,74.040001,74.290001,73.07,73.07,1521700,63.093684
2006-08-18,75.199997,75.199997,73.949997,74.290001,1587300,64.147118
2006-08-17,74.43,75.190002,74.32,75.010002,2100700,64.768816
2006-08-16,74.699997,74.980003,73.660004,74.43,2215800,64.268003
2006-08-15,73.50,74.199997,73.379997,73.900002,2292300,63.810365
2006-08-14,72.209999,73.309998,72.00,72.879997,3859400,62.929623
2006-08-11,73.599998,73.900002,71.769997,71.82,5039000,62.014348
2006-08-10,74.660004,74.660004,73.330002,73.400002,3850300,63.378631
2006-08-09,77.43,77.870003,74.610001,74.660004,2970400,64.466603
2006-08-08,78.330002,78.550003,76.82,77.290001,2514000,66.737525
2006-08-07,78.550003,78.93,77.550003,78.440002,1997800,67.707199
2006-08-04,81.50,82.25,78.93,79.150002,2908700,68.320051
2006-08-03,79.480003,80.760002,78.949997,80.75,3061200,69.701124
2006-08-02,79.150002,79.650002,78.839996,79.480003,2209300,68.604899
2006-08-01,78.919998,79.00,77.110001,78.699997,2186800,67.931619
2006-07-31,77.690002,77.980003,77.230003,77.349998,1648200,66.766339
2006-07-28,74.860001,78.150002,74.860001,77.690002,2635000,67.05982
2006-07-27,78.800003,79.239998,75.309998,75.660004,3155800,65.307583
2006-07-26,78.50,79.120003,77.690002,78.690002,2188400,67.922992
2006-07-25,77.300003,78.519997,77.300003,78.330002,2546700,67.61225
2006-07-24,77.699997,78.010002,76.25,77.720001,4452400,67.085715
2006-07-21,80.949997,81.059998,76.699997,77.699997,14128700,67.068447
2006-07-20,85.949997,87.190002,85.599998,86.169998,4499200,74.379514
2006-07-19,83.25,86.120003,83.25,85.870003,4134600,74.120566
2006-07-18,83.25,84.040001,82.720001,82.900002,2589900,71.556945
2006-07-17,83.099998,83.370003,82.650002,83.07,946800,71.703682
2006-07-14,83.639999,83.669998,82.480003,83.18,1226500,71.798632
2006-07-13,84.760002,84.760002,83.519997,83.629997,2436900,72.187057
2006-07-12,85.349998,85.809998,84.629997,84.760002,1360800,73.162445
2006-07-11,85.50,85.50,84.419998,85.050003,2145200,73.412766
2006-07-10,84.730003,85.129997,84.449997,84.980003,2219100,73.352344
2006-07-07,84.239998,85.089996,83.769997,84.720001,2040400,73.127917
2006-07-06,84.480003,84.660004,83.75,84.239998,1717900,72.713592
2006-07-05,86.120003,86.120003,84.059998,84.279999,2163600,72.74812
2006-07-03,85.68,86.519997,85.360001,86.120003,1016900,74.336359
2006-06-30,86.830002,87.110001,85.449997,85.449997,2156800,73.758029
2006-06-29,85.349998,87.00,85.120003,86.839996,2593000,74.957837
2006-06-28,84.50,85.00,84.050003,84.889999,1244700,73.274655
2006-06-27,85.900002,86.199997,84.309998,84.400002,1372300,72.851703
2006-06-26,85.949997,86.059998,85.650002,85.900002,2045700,74.14646
2006-06-23,85.099998,85.940002,84.43,85.389999,1923600,73.706241
2006-06-22,85.360001,85.660004,84.809998,84.959999,1764700,73.335077
2006-06-21,84.160004,85.540001,84.160004,85.129997,2006700,73.481814
2006-06-20,83.769997,84.760002,83.75,84.00,1344400,72.506433
2006-06-19,84.25,84.93,83.949997,84.139999,2116800,72.627276
2006-06-16,83.599998,84.00,83.18,83.82,1650200,72.351061
2006-06-15,82.870003,83.93,82.25,83.730003,2113800,72.273379
2006-06-14,82.300003,83.059998,81.800003,82.559998,2432900,71.263463
2006-06-13,83.25,84.18,82.00,82.50,2517000,71.211675
2006-06-12,83.879997,83.980003,83.019997,83.089996,1388800,71.720943
2006-06-09,83.080002,84.099998,82.75,83.209999,1196000,71.824526
2006-06-08,82.849998,83.50,82.040001,83.379997,1715200,71.971264
2006-06-07,82.82,83.739998,82.769997,83.18,2751600,71.798632
2006-06-06,82.150002,82.68,81.870003,82.68,2020400,71.367046
2006-06-05,83.300003,83.360001,81.730003,82.00,1353700,70.780089
2006-06-02,83.980003,84.349998,83.120003,83.709999,1384000,72.256112
2006-06-01,82.360001,83.610001,82.260002,83.529999,1697400,72.100741
2006-05-31,82.699997,83.029999,82.199997,82.769997,1482600,71.444728
2006-05-30,83.300003,83.339996,82.25,82.519997,1338500,71.228935
2006-05-26,83.199997,83.860001,83.059998,83.550003,1179900,72.118008
2006-05-25,82.400002,83.32,81.690002,83.269997,2160000,71.876314
2006-05-24,82.300003,82.459999,81.050003,81.910004,1729600,70.702407
2006-05-23,82.410004,83.290001,82.18,82.43,1511000,71.151253
2006-05-22,82.900002,83.349998,81.690002,81.919998,2890600,70.711034
2006-05-19,84.050003,84.550003,83.190002,83.730003,1732600,72.273379
2006-05-18,83.470001,85.040001,83.470001,83.870003,2179100,72.394223
2006-05-17,85.50,85.510002,83.910004,84.139999,2633100,72.627276
2006-05-16,86.519997,86.519997,85.589996,85.82,1021300,74.077405
2006-05-15,86.00,86.519997,85.830002,86.519997,1528400,74.681623
2006-05-12,86.949997,87.099998,85.900002,86.00,1909300,74.232776
2006-05-11,87.440002,87.50,86.349998,86.779999,2479400,74.906049
2006-05-10,86.879997,87.330002,86.669998,87.230003,1926500,75.29448
2006-05-09,86.360001,87.120003,86.349998,86.889999,1940200,75.000999
2006-05-08,85.800003,86.309998,85.690002,86.279999,1226700,74.474463
2006-05-05,85.599998,86.349998,85.489998,85.82,1481100,74.0541
2006-05-04,86.379997,86.379997,84.970001,85.150002,1840400,73.475958
2006-05-03,85.510002,85.75,84.980003,85.57,1369100,73.838375
2006-05-02,85.349998,85.790001,84.529999,85.370003,3110200,73.665797
2006-05-01,87.129997,87.160004,85.410004,85.50,2069800,73.777972
2006-04-28,85.660004,87.019997,85.410004,86.639999,2961600,74.761678
2006-04-27,85.099998,86.150002,84.43,85.660004,3184300,73.916039
2006-04-26,85.080002,85.639999,84.75,85.199997,2641800,73.519099
2006-04-25,85.050003,85.669998,84.620003,84.830002,2097700,73.19983
2006-04-24,86.059998,86.059998,84.690002,85.559998,2608600,73.829744
2006-04-21,85.50,86.330002,84.669998,86.089996,6070500,74.28708
2006-04-20,83.949997,83.949997,83.330002,83.57,2128700,72.112574
2006-04-19,84.00,84.099998,83.300003,83.830002,2142000,72.33693
2006-04-18,83.50,84.239998,83.489998,84.010002,2925800,72.492252
2006-04-17,82.50,83.50,82.400002,83.410004,3582400,71.974514
2006-04-13,83.510002,84.300003,83.43,83.900002,2950400,72.397333
2006-04-12,83.150002,83.379997,82.699997,83.25,1528100,71.836446
2006-04-11,83.519997,83.660004,82.669998,82.849998,1539500,71.491285
2006-04-10,83.349998,83.839996,83.25,83.510002,1876100,72.060802
2006-04-07,83.349998,83.440002,82.290001,83.089996,2262200,71.698379
2006-04-06,83.75,83.769997,82.230003,82.580002,2253100,71.258305
2006-04-05,82.779999,83.00,82.139999,82.389999,1677000,71.094352
2006-04-04,81.269997,82.449997,80.919998,82.18,2181400,70.913143
2006-04-03,80.800003,81.580002,80.410004,81.099998,2282400,69.98121
2006-03-31,80.089996,80.959999,80.089996,80.519997,2929600,69.480726
2006-03-30,81.760002,81.790001,80.360001,80.900002,2335000,69.808632
2006-03-29,81.50,82.300003,81.290001,81.760002,2290500,70.550727
2006-03-28,82.480003,82.760002,81.300003,81.300003,2551700,70.153794
2006-03-27,82.150002,82.760002,81.769997,82.480003,2112100,71.172016
2006-03-24,81.919998,82.599998,81.57,82.099998,2434000,70.84411
2006-03-23,82.00,82.260002,81.660004,81.919998,2761800,70.688787
2006-03-22,81.199997,82.190002,81.099998,82.059998,3968300,70.809593
2006-03-21,81.099998,81.440002,80.699997,80.93,2354600,69.834518
2006-03-20,81.650002,81.959999,80.160004,81.00,6089800,69.894921
2006-03-17,84.00,84.099998,81.669998,81.900002,5895500,70.671532
2006-03-16,83.150002,84.080002,83.00,84.00,5874400,72.483622
2006-03-15,82.349998,83.529999,81.849998,83.040001,5976500,71.655238
2006-03-14,82.519997,82.699997,81.739998,82.349998,8764700,71.059835
2006-03-13,84.900002,85.300003,82.709999,83.099998,16867900,71.70701
2006-03-10,87.620003,90.040001,87.400002,89.919998,2840000,77.59199
2006-03-09,86.970001,87.629997,85.720001,85.900002,1829800,74.123133
2006-03-08,86.949997,87.00,85.309998,86.029999,1275000,74.235308
2006-03-07,87.349998,87.470001,86.459999,86.800003,964500,74.899745
2006-03-06,88.349998,88.690002,87.18,87.480003,887700,75.486517
2006-03-03,89.00,89.50,88.110001,88.349998,989400,76.237236
2006-03-02,88.300003,89.300003,88.300003,89.160004,1726200,76.93619
2006-03-01,87.900002,88.43,87.580002,88.290001,1570700,76.185464
2006-02-28,88.82,88.879997,87.150002,87.599998,1430800,75.590061
2006-02-27,89.629997,89.660004,88.68,88.779999,1545900,76.608284
2006-02-24,87.800003,88.940002,87.410004,88.849998,1896100,76.668687
2006-02-23,89.800003,89.800003,88.400002,88.790001,1117900,76.616915
2006-02-22,87.209999,89.849998,87.209999,89.68,2258900,77.384895
2006-02-21,87.260002,87.959999,87.150002,87.209999,788400,75.253531
2006-02-17,88.00,88.099998,87.160004,87.260002,1222900,75.296678
2006-02-16,88.290001,88.769997,87.269997,87.900002,1487700,75.848934
2006-02-15,87.809998,88.830002,87.699997,88.559998,3199900,76.418445
2006-02-14,86.010002,87.120003,85.419998,86.830002,1947800,74.925631
2006-02-13,84.300003,86.099998,84.300003,85.989998,1796900,74.200791
2006-02-10,84.279999,85.25,83.699997,85.169998,1528700,73.493213
2006-02-09,83.889999,84.690002,83.830002,84.129997,1909900,72.595796
2006-02-08,81.699997,83.519997,81.220001,83.459999,1439800,72.017655
2006-02-07,82.68,83.129997,81.57,81.75,1521300,70.5188
2006-02-06,83.25,83.57,83.010002,83.300003,1293300,71.855856
2006-02-03,82.599998,83.580002,82.419998,83.269997,1358300,71.829972
2006-02-02,83.260002,83.269997,82.410004,82.699997,1347000,71.338282
2006-02-01,83.389999,83.589996,82.690002,83.269997,1949000,71.829972
2006-01-31,84.290001,84.339996,83.00,83.300003,2208600,71.855856
2006-01-30,84.949997,85.150002,84.279999,84.279999,1013700,72.701215
2006-01-27,84.809998,85.029999,84.220001,84.739998,1426200,73.098018
2006-01-26,84.949997,85.00,84.239998,84.800003,1929600,73.149779
2006-01-25,84.629997,84.68,83.290001,83.50,1752200,72.028376
2006-01-24,84.550003,85.440002,84.199997,84.379997,1853800,72.787476
2006-01-23,85.800003,86.300003,84.400002,84.50,1973500,72.890992
2006-01-20,86.00,87.269997,85.010002,85.169998,3761800,73.468942
2006-01-19,86.379997,86.760002,85.150002,85.519997,1580100,73.770856
2006-01-18,85.699997,86.300003,85.699997,86.00,1248500,74.184915
2006-01-17,86.050003,86.470001,85.519997,86.00,1257400,74.184915
2006-01-13,87.099998,87.110001,86.540001,86.639999,1616800,74.736988
2006-01-12,87.949997,88.349998,86.629997,86.699997,1372000,74.788743
2006-01-11,88.190002,89.139999,87.540001,88.00,1923600,75.910145
2006-01-10,87.050003,87.870003,87.010002,87.720001,1359200,75.668614
2006-01-09,86.550003,88.629997,86.540001,88.120003,1598400,76.013661
2006-01-06,86.800003,86.849998,85.690002,86.440002,904000,74.564468
2006-01-05,86.550003,86.949997,86.00,86.440002,1365100,74.564468
2006-01-04,86.980003,87.18,85.589996,86.419998,1751500,74.547212
2006-01-03,86.400002,86.980003,84.349998,86.980003,1934000,75.030281
2005-12-30,86.690002,86.690002,85.910004,86.400002,632500,74.529962
2005-12-29,86.690002,87.25,86.50,86.709999,1179300,74.797371
2005-12-28,86.940002,87.25,86.110001,86.57,987200,74.676605
2005-12-27,87.900002,88.43,86.739998,86.989998,686200,75.038902
2005-12-23,88.080002,88.370003,87.800003,88.010002,535500,75.918773
2005-12-22,87.720001,87.870003,87.339996,87.779999,689800,75.720369
2005-12-21,87.699997,88.339996,87.269997,87.709999,2140900,75.659986
2005-12-20,86.00,88.559998,85.989998,87.849998,3780800,75.780752
2005-12-19,85.25,86.269997,84.809998,86.00,2515800,74.184915
2005-12-16,85.879997,86.00,84.900002,85.739998,3395800,73.960633
2005-12-15,84.919998,85.830002,84.400002,85.730003,2163200,73.952011
2005-12-14,83.169998,84.900002,83.169998,84.809998,1689000,73.1584
2005-12-13,83.32,83.769997,82.720001,83.25,1834700,71.812723
2005-12-12,84.970001,85.25,83.419998,83.82,1889700,72.304413
2005-12-09,82.809998,84.900002,82.809998,84.470001,1605700,72.865114
2005-12-08,83.599998,83.650002,82.360001,82.790001,1726600,71.41592
2005-12-07,84.519997,84.709999,83.339996,83.599998,1242000,72.114637
2005-12-06,83.970001,85.449997,83.949997,84.75,1619600,73.106646
2005-12-05,84.099998,84.410004,83.029999,83.970001,1132200,72.433807
2005-12-02,84.25,84.760002,83.849998,84.529999,605000,72.916869
2005-12-01,83.190002,84.589996,83.190002,84.25,1562300,72.675338
2005-11-30,83.959999,84.419998,82.870003,83.059998,2071500,71.648824
2005-11-29,84.00,84.68,83.720001,83.809998,2004000,72.295785
2005-11-28,84.790001,85.419998,83.519997,83.550003,2596200,72.07151
2005-11-25,84.529999,85.110001,84.489998,84.940002,646200,73.270545
2005-11-23,84.389999,84.940002,84.080002,84.529999,1714400,72.916869
2005-11-22,83.870003,84.699997,83.00,84.379997,1451000,72.787476
2005-11-21,84.220001,84.279999,83.18,84.18,1609600,72.614955
2005-11-18,84.25,84.400002,83.00,84.339996,2924800,72.75297
2005-11-17,82.419998,82.75,82.00,82.699997,2406700,71.338282
2005-11-16,81.25,82.040001,80.690002,81.739998,5350700,70.510172
2005-11-15,81.00,81.720001,80.709999,81.25,2640700,70.087492
2005-11-14,80.830002,81.099998,80.050003,80.910004,3510600,69.794206
2005-11-11,82.010002,82.400002,80.589996,80.82,4368600,69.716567
2005-11-10,78.300003,81.080002,78.099998,80.580002,4944100,69.509541
2005-11-09,75.50,78.290001,75.50,78.059998,3998200,67.335747
2005-11-08,77.099998,77.099998,74.900002,75.199997,3409700,64.868667
2005-11-07,76.360001,77.709999,76.360001,77.300003,1569200,66.656874
2005-11-04,76.150002,76.50,75.830002,76.260002,1543800,65.760066
2005-11-03,76.00,76.540001,74.739998,75.540001,2985200,65.139199
2005-11-02,75.50,76.50,75.050003,75.75,1864600,65.320284
2005-11-01,76.150002,76.580002,75.470001,75.790001,3137000,65.354778
2005-10-31,75.260002,76.589996,75.230003,76.349998,2088700,65.837672
2005-10-28,74.169998,75.419998,74.00,75.260002,1743400,64.897752
2005-10-27,74.82,75.089996,74.010002,74.160004,1780500,63.949208
2005-10-26,74.550003,75.489998,74.199997,75.019997,1971200,64.690792
2005-10-25,75.220001,76.50,74.169998,74.779999,3120200,64.483839
2005-10-24,74.449997,76.019997,74.410004,75.910004,2238200,65.458258
2005-10-21,72.690002,75.760002,72.260002,74.449997,5043900,64.199274
2005-10-20,73.540001,74.50,71.599998,72.599998,2856700,62.603994
2005-10-19,72.139999,73.550003,71.150002,73.550003,2678400,63.423196
2005-10-18,72.650002,73.68,72.129997,72.129997,2185200,62.198705
2005-10-17,73.699997,74.400002,72.50,72.650002,2814100,62.647112
2005-10-14,73.370003,73.800003,72.029999,72.970001,2596500,62.923053
2005-10-13,72.400002,73.199997,71.940002,72.010002,4206100,62.095232
2005-10-12,72.00,73.800003,71.830002,72.730003,4950300,62.716099
2005-10-11,74.699997,75.00,73.239998,73.459999,5038500,63.345585
2005-10-10,75.540001,75.589996,74.18,74.800003,4168600,64.501089
2005-10-07,76.099998,76.419998,75.330002,75.540001,2413100,65.139199
2005-10-06,77.349998,77.370003,75.339996,76.07,3645200,65.596225
2005-10-05,78.50,78.50,77.080002,77.129997,3567400,66.510275
2005-10-04,80.099998,80.199997,78.580002,78.709999,3096100,67.872733
2005-10-03,79.400002,80.330002,79.300003,80.099998,2080400,69.071349
2005-09-30,79.760002,79.849998,78.839996,79.519997,2917300,68.571205
2005-09-29,79.800003,80.489998,79.620003,80.400002,3122400,69.330046
2005-09-28,80.529999,80.790001,79.739998,80.00,3391100,68.985119
2005-09-27,80.879997,80.93,79.610001,80.160004,2110900,69.123092
2005-09-26,80.720001,80.800003,79.919998,80.57,2309600,69.476638
2005-09-23,79.599998,80.110001,78.519997,79.860001,1730900,68.864395
2005-09-22,79.410004,79.669998,77.879997,79.349998,2883600,68.424613
2005-09-21,81.300003,81.32,79.309998,79.410004,2580900,68.476357
2005-09-20,82.269997,82.650002,81.349998,81.940002,2446600,70.65801
2005-09-19,82.059998,82.07,80.660004,81.949997,2121400,70.666629
2005-09-16,80.650002,82.00,80.519997,82.00,3984600,70.709747
2005-09-15,80.730003,80.800003,80.029999,80.279999,2803000,69.226566
2005-09-14,80.550003,80.800003,80.080002,80.480003,2346600,69.399032
2005-09-13,80.849998,81.089996,80.25,80.550003,3075000,69.459394
2005-09-12,79.349998,80.730003,79.349998,80.709999,3386400,69.597361
2005-09-09,78.989998,79.459999,78.93,79.300003,2081800,68.381502
2005-09-08,79.029999,79.779999,78.699997,78.980003,3427600,68.105561
2005-09-07,81.519997,82.00,79.160004,79.449997,8041400,68.510844
2005-09-06,82.07,82.290001,80.110001,80.50,3424600,69.416276
2005-09-02,80.139999,82.110001,80.059998,82.040001,4885000,70.74424
2005-09-01,81.989998,82.019997,78.900002,80.129997,6408800,69.097217
2005-08-31,81.360001,82.239998,80.010002,82.239998,8900500,70.9167
2005-08-30,81.550003,81.760002,80.550003,81.360001,1777400,70.157866
2005-08-29,81.139999,82.099998,80.309998,81.699997,1738000,70.45105
2005-08-26,82.699997,82.709999,81.099998,81.139999,2125100,69.968156
2005-08-25,83.040001,83.089996,82.370003,82.849998,1260400,71.442712
2005-08-24,84.139999,84.139999,82.800003,82.839996,1387300,71.434087
2005-08-23,85.50,85.970001,83.989998,84.120003,1459500,72.537855
2005-08-22,85.00,85.489998,84.419998,85.440002,1459900,73.676109
2005-08-19,85.00,85.099998,84.519997,84.800003,1106900,73.124229
2005-08-18,85.220001,85.279999,84.410004,84.800003,965700,73.124229
2005-08-17,83.800003,85.449997,83.800003,85.220001,2384000,73.486399
2005-08-16,83.75,84.779999,83.629997,83.709999,2357600,72.184303
2005-08-15,83.089996,83.769997,82.809998,83.480003,780100,71.985974
2005-08-12,83.00,83.660004,82.900002,83.330002,860500,71.856626
2005-08-11,82.720001,83.400002,82.019997,83.379997,1415900,71.899738
2005-08-10,84.650002,84.650002,82.699997,82.720001,1936700,71.330614
2005-08-09,84.089996,85.25,84.050003,84.540001,2212600,72.900025
2005-08-08,84.389999,85.129997,83.599998,83.949997,2175200,72.391256
2005-08-05,83.75,84.43,83.089996,84.349998,1894500,72.7129
2005-08-04,83.139999,84.089996,82.940002,83.949997,1992000,72.368084
2005-08-03,83.50,83.50,82.75,83.139999,882600,71.669835
2005-08-02,83.349998,83.830002,83.220001,83.459999,724100,71.945687
2005-08-01,82.75,83.419998,82.75,83.349998,1213900,71.850862
2005-07-29,83.400002,83.43,82.360001,82.50,922100,71.118131
2005-07-28,82.75,83.650002,82.349998,83.589996,1263400,72.05775
2005-07-27,83.650002,83.779999,82.980003,83.080002,1713500,71.618115
2005-07-26,83.830002,83.889999,83.169998,83.660004,1086000,72.118099
2005-07-25,84.00,84.279999,83.639999,83.739998,2204000,72.187057
2005-07-22,83.860001,85.050003,83.610001,84.900002,2381200,73.187024
2005-07-21,83.00,84.849998,82.889999,84.169998,3839500,72.557733
2005-07-20,81.269997,81.739998,80.830002,81.050003,1640300,69.868179
2005-07-19,82.150002,82.25,81.25,81.260002,1100300,70.049206
2005-07-18,82.050003,82.050003,81.580002,81.599998,1035700,70.342296
2005-07-15,82.650002,82.650002,81.839996,82.169998,994500,70.833657
2005-07-14,83.449997,83.449997,81.599998,82.389999,2056800,71.023307
2005-07-13,82.599998,83.080002,82.510002,82.970001,1433000,71.52329
2005-07-12,82.580002,83.169998,82.209999,82.82,1683300,71.393983
2005-07-11,81.900002,83.330002,81.75,82.379997,2617100,71.014685
2005-07-08,81.220001,81.900002,80.57,81.849998,1867600,70.557805
2005-07-07,79.199997,81.519997,78.540001,81.459999,3163700,70.221611
2005-07-06,78.849998,80.279999,78.839996,79.620003,2785300,68.635464
2005-07-05,78.75,79.279999,78.709999,79.00,2138100,68.100999
2005-07-01,80.010002,80.510002,78.519997,78.800003,3677600,67.928594
2005-06-30,79.00,80.519997,78.349998,80.010002,13553100,68.971659
2005-06-29,74.360001,74.540001,73.690002,73.889999,2084300,63.695984
2005-06-28,73.800003,74.459999,73.43,74.349998,1345900,64.092521
2005-06-27,73.110001,73.699997,72.949997,73.620003,1270400,63.463237
2005-06-24,73.110001,73.800003,73.110001,73.360001,1904700,63.239105
2005-06-23,74.199997,74.470001,72.599998,73.099998,2004500,63.014973
2005-06-22,75.160004,75.330002,74.139999,74.440002,1196300,64.170108
2005-06-21,74.830002,75.190002,74.389999,74.790001,1217100,64.47182
2005-06-20,74.639999,75.279999,74.580002,74.980003,1295200,64.635609
2005-06-17,75.309998,75.32,74.709999,74.980003,2219400,64.635609
2005-06-16,75.080002,75.169998,74.339996,74.900002,1420300,64.566644
2005-06-15,74.949997,75.120003,74.300003,75.080002,1561600,64.721811
2005-06-14,74.400002,74.690002,73.919998,74.400002,1176900,64.135625
2005-06-13,74.260002,75.040001,74.040001,74.650002,1139600,64.351135
2005-06-10,75.150002,75.150002,74.339996,74.540001,1115700,64.25631
2005-06-09,74.889999,75.699997,74.50,75.32,1030700,64.928699
2005-06-08,75.699997,75.699997,74.760002,74.879997,1191300,64.5494
2005-06-07,75.120003,75.910004,74.860001,75.00,1960600,64.652847
2005-06-06,74.50,74.849998,74.150002,74.75,1511000,64.437337
2005-06-03,75.459999,75.599998,74.120003,74.93,1438800,64.592504
2005-06-02,75.900002,75.900002,75.080002,75.459999,941100,65.049383
2005-06-01,75.059998,75.959999,74.870003,75.529999,1946300,65.109726
2005-05-31,74.900002,75.400002,72.919998,75.400002,4862000,64.997663
2005-05-27,74.68,74.949997,74.510002,74.870003,1845300,64.540784
2005-05-26,73.989998,74.790001,73.550003,74.370003,2171300,64.109765
2005-05-25,74.580002,74.580002,73.650002,73.989998,1654000,63.782187
2005-05-24,73.949997,74.290001,73.389999,74.199997,1335800,63.963214
2005-05-23,74.339996,74.589996,74.00,74.120003,2045900,63.894256
2005-05-20,74.349998,74.459999,73.889999,74.339996,1189300,64.083899
2005-05-19,74.550003,75.010002,74.07,74.510002,1931600,64.23045
2005-05-18,73.199997,74.669998,73.199997,74.199997,2880500,63.963214
2005-05-17,72.50,73.339996,71.769997,73.260002,1803700,63.152903
2005-05-16,71.150002,72.760002,71.150002,72.690002,2401700,62.661541
2005-05-13,71.059998,71.870003,70.519997,71.019997,1946500,61.221933
2005-05-12,71.959999,72.769997,71.080002,71.220001,2037300,61.394344
2005-05-11,71.550003,72.370003,71.050003,71.959999,1886700,62.032251
2005-05-10,71.18,71.599998,71.059998,71.080002,1981800,61.27366
2005-05-09,71.519997,72.290001,70.860001,71.709999,1827100,61.816741
2005-05-06,72.50,72.75,71.559998,71.559998,1835700,61.687434
2005-05-05,72.650002,73.239998,71.510002,72.00,2235800,62.043456
2005-05-04,71.699997,73.239998,71.589996,72.50,2731000,62.474313
2005-05-03,71.50,72.510002,71.290001,71.57,1741800,61.672918
2005-05-02,71.07,71.889999,71.059998,71.720001,1573800,61.802177
2005-04-29,71.269997,71.349998,69.360001,70.889999,3128600,61.086952
2005-04-28,71.300003,72.099998,70.699997,70.949997,1698600,61.138653
2005-04-27,71.050003,72.010002,70.50,71.610001,1854000,61.707387
2005-04-26,71.800003,72.129997,70.989998,70.989998,1420400,61.173122
2005-04-25,70.82,72.459999,70.599998,71.790001,2030900,61.862496
2005-04-22,71.349998,72.419998,70.230003,70.650002,2972400,60.880142
2005-04-21,72.300003,72.32,69.089996,71.629997,8626900,61.724619
2005-04-20,73.400002,74.279999,72.239998,72.239998,2273100,62.250265
2005-04-19,72.779999,73.739998,72.370003,73.449997,1463500,63.292939
2005-04-18,72.839996,73.599998,72.550003,72.839996,2115900,62.767293
2005-04-15,73.800003,74.43,72.550003,73.00,2640000,62.90517
2005-04-14,74.279999,74.779999,74.040001,74.230003,2225600,63.965082
2005-04-13,74.980003,75.480003,74.199997,74.529999,2103200,64.223593
2005-04-12,73.75,75.470001,73.330002,74.900002,2244100,64.542429
2005-04-11,74.279999,74.650002,73.559998,74.050003,1350200,63.809973
2005-04-08,75.290001,75.309998,73.860001,74.360001,1296900,64.077103
2005-04-07,75.07,75.540001,74.550003,75.279999,1312100,64.869879
2005-04-06,75.080002,75.660004,75.010002,75.169998,977600,64.775089
2005-04-05,75.010002,75.699997,74.849998,75.099998,1125400,64.71477
2005-04-04,74.769997,75.50,73.699997,74.830002,1839400,64.48211
2005-04-01,76.00,77.00,74.300003,74.68,2560400,64.352851
2005-03-31,74.75,75.00,74.199997,74.769997,2110400,64.430402
2005-03-30,73.879997,74.709999,73.68,74.709999,1654800,64.378702
2005-03-29,73.769997,74.379997,73.150002,73.760002,2229500,63.560075
2005-03-28,75.449997,75.449997,73.82,74.160004,2588300,63.904762
2005-03-24,75.860001,76.279999,74.839996,75.050003,1929100,64.671688
2005-03-23,75.440002,76.07,74.800003,75.809998,2614000,65.326586
2005-03-22,76.900002,77.220001,75.43,75.639999,2044600,65.180096
2005-03-21,76.639999,77.470001,76.379997,76.959999,1910600,66.31756
2005-03-18,77.099998,77.099998,75.900002,76.639999,2821000,66.041811
2005-03-17,77.25,77.459999,76.419998,76.93,1865100,66.291709
2005-03-16,78.199997,78.199997,76.800003,77.00,2709100,66.352029
2005-03-15,79.370003,79.370003,78.050003,78.199997,2438500,67.386084
2005-03-14,78.25,79.129997,78.040001,79.010002,2108300,68.084077
2005-03-11,78.709999,79.309998,77.25,77.879997,2456700,67.110335
2005-03-10,78.449997,78.949997,77.82,78.709999,2216800,67.82556
2005-03-09,78.75,80.050003,78.25,78.400002,4473400,67.558431
2005-03-08,76.599998,78.75,76.599998,78.75,6974700,67.86003
2005-03-07,75.00,77.739998,75.00,76.00,9542300,65.490314
2005-03-04,77.00,78.459999,76.980003,78.080002,2038000,67.282682
2005-03-03,77.25,77.489998,76.260002,76.599998,1688500,66.007342
2005-03-02,76.349998,77.300003,76.279999,76.540001,1037000,65.955641
2005-03-01,77.120003,77.480003,76.309998,76.75,1390600,66.1366
2005-02-28,77.25,77.300003,76.459999,76.68,1795500,66.07628
2005-02-25,75.690002,77.550003,75.599998,77.349998,1350300,66.653628
2005-02-24,75.199997,76.050003,74.959999,76.00,1281700,65.490314
2005-02-23,75.00,76.449997,74.699997,75.419998,2393300,64.990518
2005-02-22,76.360001,77.099998,74.629997,75.00,2423500,64.6286
2005-02-18,77.800003,77.809998,76.559998,76.82,1624700,66.19692
2005-02-17,78.400002,78.800003,77.550003,77.879997,1276500,67.110335
2005-02-16,78.25,78.900002,78.050003,78.629997,803100,67.756621
2005-02-15,78.50,78.980003,78.160004,78.50,1704200,67.644601
2005-02-14,78.410004,79.099998,78.260002,78.849998,1064100,67.9462
2005-02-11,77.400002,78.730003,76.650002,78.400002,1237100,67.558431
2005-02-10,76.860001,77.510002,76.43,77.199997,1808000,66.524369
2005-02-09,77.949997,78.230003,76.599998,76.830002,2081800,66.205539
2005-02-08,77.779999,78.309998,77.199997,77.32,1507300,66.627777
2005-02-07,78.550003,79.230003,78.370003,78.57,711900,67.681655
2005-02-04,78.279999,78.919998,78.099998,78.830002,1370100,67.905625
2005-02-03,78.480003,79.120003,78.18,78.419998,1176800,67.552441
2005-02-02,79.279999,79.279999,77.989998,78.470001,1440400,67.595514
2005-02-01,78.18,79.629997,78.00,79.459999,1891600,68.448317
2005-01-31,77.949997,78.650002,77.589996,78.279999,1284500,67.431843
2005-01-28,77.769997,77.940002,76.949997,77.620003,1359900,66.86331
2005-01-27,78.620003,78.82,77.620003,77.620003,1580100,66.86331
2005-01-26,77.470001,78.989998,77.199997,78.75,1700800,67.83671
2005-01-25,77.300003,77.75,76.75,77.059998,1757300,66.380911
2005-01-24,78.32,78.400002,76.669998,76.75,2275100,66.113873
2005-01-21,78.669998,79.739998,78.389999,78.389999,2908000,67.526599
2005-01-20,78.75,79.730003,77.599998,78.660004,7369400,67.759186
2005-01-19,82.93,83.120003,81.790001,82.099998,1623800,70.722461
2005-01-18,81.629997,83.080002,81.610001,82.93,1253300,71.43744
2005-01-14,82.099998,82.379997,81.589996,82.120003,899800,70.739693
2005-01-13,82.470001,82.93,81.959999,82.040001,1272500,70.670778
2005-01-12,81.870003,82.470001,80.93,82.470001,1063200,71.041188
2005-01-11,81.800003,82.599998,81.550003,82.089996,1202200,70.713845
2005-01-10,81.699997,82.860001,81.660004,82.309998,910000,70.903358
2005-01-07,82.510002,83.07,81.790001,81.959999,1500900,70.601863
2005-01-06,81.489998,82.790001,80.910004,82.449997,1397900,71.023956
2005-01-05,82.260002,82.489998,81.360001,81.43,1507200,70.145312
2005-01-04,84.00,84.489998,82.25,82.25,1561500,70.851675
2005-01-03,84.050003,84.75,83.540001,83.800003,1721800,72.186877
2004-12-31,83.800003,84.449997,83.449997,84.209999,764500,72.540055
2004-12-30,84.120003,84.449997,83.790001,83.790001,642200,72.178261
2004-12-29,84.160004,84.370003,83.660004,84.160004,736500,72.496988
2004-12-28,83.400002,84.150002,83.360001,83.949997,1068300,72.316084
2004-12-27,82.199997,83.080002,82.010002,82.809998,866200,71.334068
2004-12-23,82.709999,82.790001,82.32,82.43,470000,71.006731
2004-12-22,82.75,82.800003,82.529999,82.730003,712800,71.265159
2004-12-21,82.25,82.860001,82.139999,82.75,1019900,71.282385
2004-12-20,82.239998,82.839996,81.93,81.93,952300,70.576022
2004-12-17,81.220001,82.18,81.220001,82.040001,1483400,70.670778
2004-12-16,82.199997,82.43,81.510002,81.82,1043100,70.481265
2004-12-15,81.50,82.610001,81.230003,82.449997,1314400,71.023956
2004-12-14,81.900002,81.989998,81.209999,81.860001,1098400,70.515723
2004-12-13,81.480003,81.980003,80.599998,81.980003,2157300,70.619095
2004-12-10,79.449997,82.25,79.449997,81.120003,3081200,69.878275
2004-12-09,78.449997,79.199997,77.540001,79.190002,1325300,68.215737
2004-12-08,78.599998,78.800003,77.900002,78.599998,1101500,67.707496
2004-12-07,79.360001,79.82,78.669998,78.690002,1265800,67.785027
2004-12-06,78.150002,79.790001,78.150002,79.349998,1297300,68.35356
2004-12-03,79.650002,80.010002,78.800003,79.239998,1182100,68.258804
2004-12-02,79.230003,80.290001,78.970001,79.910004,1782200,68.835959
2004-12-01,78.650002,79.599998,78.650002,79.300003,1205300,68.310493
2004-11-30,78.519997,78.910004,78.110001,78.580002,1130400,67.690271
2004-11-29,79.599998,79.669998,78.279999,78.510002,1308700,67.629972
2004-11-26,79.900002,79.989998,79.699997,79.980003,377800,68.896258
2004-11-24,79.50,80.00,79.400002,79.989998,1103300,68.904868
2004-11-23,78.220001,79.800003,78.18,79.470001,1503200,68.456933
2004-11-22,77.82,78.480003,76.940002,78.209999,1062500,67.371544
2004-11-19,79.260002,79.510002,77.519997,77.669998,1156500,66.906377
2004-11-18,78.779999,79.559998,78.760002,79.239998,724000,68.258804
2004-11-17,78.449997,79.940002,78.339996,78.779999,1563600,67.862552
2004-11-16,79.699997,79.709999,78.300003,78.330002,1296400,67.474916
2004-11-15,79.349998,79.970001,79.150002,79.730003,1359700,68.680904
2004-11-12,79.400002,79.82,78.900002,79.720001,1367800,68.672287
2004-11-11,78.650002,79.32,78.50,79.25,1755500,68.26742
2004-11-10,78.00,78.910004,77.970001,78.650002,1789500,67.75057
2004-11-09,75.800003,77.889999,75.800003,77.75,1912700,66.975292
2004-11-08,76.769997,77.400002,76.519997,77.050003,1240500,66.348182
2004-11-05,76.699997,77.50,76.389999,77.139999,1493400,66.425678
2004-11-04,74.980003,76.510002,74.620003,76.50,1544500,65.874571
2004-11-03,75.279999,75.650002,74.410004,74.760002,1541800,64.376249
2004-11-02,74.790001,75.220001,74.260002,74.459999,1758200,64.117915
2004-11-01,73.949997,74.739998,73.830002,74.480003,1605300,64.135141
2004-10-29,73.50,73.989998,73.150002,73.760002,1409600,63.515144
2004-10-28,73.419998,73.82,73.160004,73.32,1039400,63.136255
2004-10-27,72.75,73.889999,72.099998,73.720001,1723500,63.480699
2004-10-26,70.489998,72.830002,70.459999,72.830002,1999100,62.714315
2004-10-25,69.839996,70.57,69.300003,70.489998,1473800,60.699325
2004-10-22,70.82,70.879997,69.279999,69.800003,1442400,60.105167
2004-10-21,70.75,71.699997,69.910004,70.620003,3869700,60.811273
2004-10-20,69.550003,69.980003,67.620003,69.050003,2690100,59.459338
2004-10-19,69.860001,70.800003,69.129997,70.00,1639300,60.277385
2004-10-18,69.660004,70.00,69.260002,69.690002,1245500,60.010445
2004-10-15,69.709999,69.919998,69.059998,69.910004,1657400,60.199889
2004-10-14,70.529999,70.540001,69.080002,69.220001,2550800,59.605724
2004-10-13,72.290001,72.489998,70.599998,70.639999,1346400,60.828492
2004-10-12,71.400002,72.269997,71.300003,72.040001,1833400,62.034041
2004-10-11,73.07,73.300003,72.93,73.150002,484600,62.989869
2004-10-08,73.550003,73.559998,72.699997,72.940002,1224200,62.809037
2004-10-07,74.550003,74.830002,73.870003,73.870003,1294100,63.609866
2004-10-06,74.489998,75.089996,74.349998,75.089996,1224100,64.660409
2004-10-05,74.889999,74.989998,74.150002,74.330002,1186700,64.005974
2004-10-04,74.980003,75.489998,74.839996,74.889999,885700,64.48819
2004-10-01,74.279999,74.849998,74.099998,74.559998,1338100,64.204024
2004-09-30,74.459999,74.510002,73.50,73.900002,1667200,63.635698
2004-09-29,74.980003,75.489998,74.440002,74.540001,2135200,64.186805
2004-09-28,73.860001,74.989998,73.470001,74.980003,2004600,64.565693
2004-09-27,73.300003,73.790001,72.889999,73.470001,1147600,63.265422
2004-09-24,72.919998,73.849998,72.879997,73.599998,782800,63.377364
2004-09-23,73.269997,73.370003,72.739998,72.760002,1227300,62.654038
2004-09-22,73.25,73.709999,73.139999,73.440002,1513800,63.23959
2004-09-21,72.919998,74.120003,72.75,73.989998,1457500,63.713194
2004-09-20,72.949997,73.150002,72.440002,72.75,772200,62.645425
2004-09-17,73.029999,73.50,72.800003,73.18,1138800,63.015701
2004-09-16,71.75,73.099998,71.75,72.620003,1034900,62.533484
2004-09-15,74.099998,74.290001,72.699997,72.779999,1873100,62.671257
2004-09-14,72.75,73.550003,72.699997,73.519997,1617300,63.308474
2004-09-13,72.50,73.650002,72.209999,73.300003,1689700,63.119036
2004-09-10,70.489998,72.589996,70.489998,72.550003,3293300,62.473207
2004-09-09,69.550003,69.779999,68.709999,69.610001,1309600,59.941554
2004-09-08,70.290001,70.599998,69.410004,69.459999,1421700,59.812387
2004-09-07,69.099998,70.720001,69.059998,70.279999,1529100,60.518494
2004-09-03,69.07,69.669998,68.519997,68.580002,775400,59.054617
2004-09-02,68.43,69.279999,68.059998,69.169998,759400,59.562666
2004-09-01,67.800003,68.900002,67.290001,68.309998,887000,58.822115
2004-08-31,68.150002,68.50,67.510002,67.760002,1382300,58.348511
2004-08-30,68.690002,68.900002,68.07,68.120003,871800,58.658509
2004-08-27,69.480003,69.559998,68.800003,68.919998,1304200,59.34739
2004-08-26,69.699997,69.889999,69.220001,69.580002,1624100,59.915722
2004-08-25,70.370003,70.489998,69.400002,70.489998,1497000,60.699325
2004-08-24,70.730003,70.809998,69.910004,70.459999,724800,60.673493
2004-08-23,70.879997,71.169998,70.279999,70.290001,881200,60.527106
2004-08-20,70.00,71.07,69.949997,70.849998,1449200,61.009323
2004-08-19,70.00,70.449997,69.730003,69.949997,1201900,60.234327
2004-08-18,69.599998,70.150002,69.169998,70.089996,1332900,60.354881
2004-08-17,70.00,70.860001,69.389999,69.610001,1742600,59.941554
2004-08-16,67.82,69.860001,67.82,69.519997,1798700,59.864052
2004-08-13,67.190002,68.199997,67.190002,68.019997,1558400,58.572393
2004-08-12,67.150002,67.360001,66.779999,67.190002,1582500,57.857681
2004-08-11,67.279999,67.449997,66.449997,67.349998,2117900,57.995454
2004-08-10,66.519997,68.25,66.309998,68.25,1628600,58.77045
2004-08-09,66.150002,66.330002,65.510002,65.730003,1181500,56.600468
2004-08-06,66.470001,66.910004,65.550003,65.949997,2303000,56.789905
2004-08-05,68.50,68.50,66.93,66.93,1277300,57.60968
2004-08-04,68.540001,69.089996,67.919998,68.50,887500,58.96105
2004-08-03,69.360001,70.00,68.889999,68.919998,1321500,59.322561
2004-08-02,68.620003,69.730003,68.339996,69.519997,1124500,59.839007
2004-07-30,69.040001,69.32,68.489998,69.32,1031900,59.666861
2004-07-29,68.300003,69.43,68.029999,68.980003,1149100,59.37421
2004-07-28,68.290001,69.309998,67.349998,67.800003,1475500,58.358531
2004-07-27,68.400002,68.720001,67.639999,68.540001,1488500,58.99548
2004-07-26,68.43,68.699997,67.779999,68.25,1268800,58.745863
2004-07-23,69.029999,69.459999,67.610001,67.970001,1928200,58.504856
2004-07-22,66.010002,69.540001,66.010002,69.300003,4555900,59.649649
2004-07-21,66.480003,67.120003,65.93,66.00,2168000,56.809187
2004-07-20,65.349998,66.50,65.269997,66.309998,1942000,57.076016
2004-07-19,66.00,66.00,64.93,65.199997,2634700,56.120588
2004-07-16,66.43,66.919998,65.910004,66.019997,1174900,56.826399
2004-07-15,66.18,66.610001,65.870003,66.120003,963800,56.912478
2004-07-14,66.00,67.089996,65.709999,66.18,1123900,56.964121
2004-07-13,66.739998,66.940002,66.199997,66.410004,1052700,57.162095
2004-07-12,66.410004,67.410004,66.269997,66.839996,1322600,57.532209
2004-07-09,67.699997,67.800003,66.07,66.410004,2008900,57.162095
2004-07-08,68.50,68.50,67.370003,67.550003,1232300,58.143344
2004-07-07,67.980003,69.00,67.980003,68.470001,1254900,58.935228
2004-07-06,68.089996,68.489998,67.370003,67.849998,1018800,58.401564
2004-07-02,68.610001,68.760002,67.889999,68.089996,1017900,58.608141
2004-07-01,68.949997,69.230003,68.07,68.610001,1360800,59.055732
2004-06-30,68.129997,68.769997,67.809998,68.379997,1384000,58.857758
2004-06-29,68.800003,68.809998,67.650002,68.129997,1863000,58.642572
2004-06-28,70.300003,70.68,68.900002,69.029999,2579100,59.417244
2004-06-25,70.00,70.720001,69.809998,70.260002,1365700,60.475963
2004-06-24,70.519997,70.889999,69.919998,70.18,1269000,60.407102
2004-06-23,70.730003,70.849998,69.620003,70.669998,1897400,60.828865
2004-06-22,70.400002,70.940002,69.419998,70.720001,1873800,60.871905
2004-06-21,71.459999,71.75,70.879997,70.879997,946600,61.009621
2004-06-18,71.25,72.300003,71.150002,71.379997,2160000,61.439994
2004-06-17,71.00,72.120003,70.769997,71.980003,1889400,61.956446
2004-06-16,70.769997,71.389999,70.730003,71.230003,1083900,61.310887
2004-06-15,70.75,71.230003,70.470001,70.779999,1866900,60.923548
2004-06-14,69.910004,70.699997,69.57,70.25,1662900,60.467354
2004-06-10,70.400002,70.769997,69.599998,70.160004,1597100,60.38989
2004-06-09,71.440002,71.830002,70.400002,70.809998,1450100,60.949369
2004-06-08,71.199997,71.839996,71.019997,71.440002,1303900,61.491643
2004-06-07,70.150002,71.949997,70.150002,71.860001,1582300,61.853154
2004-06-04,69.099998,70.150002,68.940002,69.860001,1384800,60.131664
2004-06-03,69.07,69.269997,68.190002,68.309998,1269000,58.797506
2004-06-02,69.800003,70.199997,68.779999,69.669998,1110200,59.96812
2004-06-01,69.800003,69.849998,68.540001,69.379997,1638100,59.718503
2004-05-28,70.050003,70.449997,69.800003,70.059998,978300,60.30381
2004-05-27,69.150002,70.330002,69.150002,69.989998,2191800,60.243558
2004-05-26,69.199997,69.739998,68.699997,69.019997,1401300,59.408634
2004-05-25,67.309998,69.440002,66.779999,69.25,2739700,59.606609
2004-05-24,67.599998,67.650002,66.620003,67.349998,1456700,57.971191
2004-05-21,67.099998,67.650002,66.940002,67.169998,1307200,57.816257
2004-05-20,66.080002,67.230003,66.010002,66.879997,1718400,57.56664
2004-05-19,66.370003,67.709999,65.919998,66.00,2313300,56.809187
2004-05-18,64.910004,65.800003,64.860001,65.709999,1701100,56.55957
2004-05-17,64.800003,65.099998,64.419998,64.660004,1694400,55.655791
2004-05-14,65.660004,66.400002,65.389999,65.839996,1517100,56.671464
2004-05-13,64.50,66.150002,64.25,65.57,3140000,56.439066
2004-05-12,64.099998,64.760002,63.540001,64.589996,3404300,55.595533
2004-05-11,62.349998,63.630001,62.16,63.400002,3083000,54.57125
2004-05-10,63.599998,63.75,61.150002,61.639999,4680400,53.056337
2004-05-07,65.400002,66.050003,63.75,63.959999,3846300,55.053265
2004-05-06,66.629997,66.760002,65.809998,66.480003,2177700,57.222347
2004-05-05,66.809998,67.870003,66.650002,66.970001,1897900,57.620012
2004-05-04,65.68,67.449997,65.589996,66.809998,2360600,57.482348
2004-05-03,65.400002,66.129997,64.50,65.620003,2217300,56.458493
2004-04-30,66.25,66.57,65.040001,65.529999,1390600,56.381055
2004-04-29,66.650002,67.75,65.629997,66.07,2205400,56.845664
2004-04-28,68.260002,68.269997,66.150002,66.400002,2633300,57.129593
2004-04-27,67.900002,69.849998,67.900002,68.43,2441100,58.876174
2004-04-26,69.00,69.099998,67.209999,67.68,3481600,58.230885
2004-04-23,70.50,70.580002,68.699997,68.849998,3162500,59.237535
2004-04-22,70.809998,71.650002,68.300003,70.650002,7642000,60.786231
2004-04-21,71.980003,71.980003,69.330002,71.43,3251600,61.457331
2004-04-20,73.769997,74.389999,71.940002,71.980003,1940700,61.930545
2004-04-19,73.720001,73.769997,72.699997,73.769997,2025900,63.470629
2004-04-16,72.050003,73.720001,71.209999,73.720001,2855300,63.427614
2004-04-15,73.25,73.290001,71.00,71.730003,3590100,61.715449
2004-04-14,74.75,74.849998,72.440002,73.150002,2363300,62.937195
2004-04-13,77.400002,77.410004,74.610001,75.099998,2171800,64.614944
2004-04-12,76.349998,77.669998,76.32,77.519997,2095800,66.697075
2004-04-08,75.860001,76.580002,74.959999,75.410004,1231000,64.881668
2004-04-07,76.800003,76.800003,75.110001,75.860001,1344300,65.268838
2004-04-06,75.800003,77.150002,75.50,76.82,1556800,66.094808
2004-04-05,75.00,76.459999,74.599998,76.199997,2523300,65.561366
2004-04-02,77.300003,77.32,74.25,74.989998,2403900,64.520301
2004-04-01,77.010002,77.190002,75.050003,76.00,1641500,65.389292
2004-03-31,76.150002,76.300003,75.190002,75.43,1937000,64.898872
2004-03-30,74.690002,76.709999,74.309998,75.779999,3206700,65.200006
2004-03-29,73.93,75.00,73.699997,74.690002,1453700,64.262189
2004-03-26,72.160004,74.370003,71.93,73.650002,1959000,63.367387
2004-03-25,72.019997,72.480003,71.400002,72.199997,2103200,62.119825
2004-03-24,71.50,71.849998,70.00,71.489998,3133100,61.508952
2004-03-23,72.00,72.440002,71.370003,71.75,1593700,61.732654
2004-03-22,72.349998,72.349998,70.699997,71.699997,2212500,61.689632
2004-03-19,73.400002,74.239998,72.199997,72.400002,1850000,62.291906
2004-03-18,72.50,74.169998,72.480003,73.830002,1744600,63.522257
2004-03-17,72.949997,73.720001,72.379997,73.339996,1590900,63.100663
2004-03-16,73.25,73.300003,72.209999,72.730003,2084100,62.575834
2004-03-15,73.50,73.50,72.510002,72.769997,1989700,62.610244
2004-03-12,72.099998,73.660004,72.089996,73.50,1752900,63.238328
2004-03-11,73.75,73.760002,71.760002,71.860001,2696100,61.827297
2004-03-10,74.849998,75.120003,73.75,73.839996,4619000,63.530856
2004-03-09,74.419998,74.839996,72.50,72.809998,2686100,62.64466
2004-03-08,74.330002,75.00,72.800003,74.410004,3104300,64.021282
2004-03-05,72.75,74.00,72.260002,73.779999,2189900,63.479235
2004-03-04,72.550003,73.480003,71.260002,73.400002,2247800,63.152291
2004-03-03,70.669998,71.400002,70.599998,71.300003,1450100,61.345483
2004-03-02,71.00,71.599998,70.779999,71.00,1551500,61.087365
2004-03-01,71.050003,71.400002,70.589996,71.220001,1357000,61.276651
2004-02-27,69.82,71.379997,69.82,70.720001,1721600,60.846458
2004-02-26,70.550003,71.620003,70.00,71.00,1912400,61.087365
2004-02-25,68.800003,70.949997,68.68,70.769997,2042900,60.889473
2004-02-24,69.849998,69.849998,68.029999,68.660004,2615200,59.074066
2004-02-23,71.25,71.25,69.75,69.989998,1869200,60.218374
2004-02-20,72.25,72.290001,70.459999,71.120003,2019900,61.190613
2004-02-19,72.099998,72.75,71.910004,72.25,1495900,62.162846
2004-02-18,71.970001,72.220001,71.400002,71.650002,1002200,61.646617
2004-02-17,73.50,73.50,71.150002,72.110001,2672600,62.042393
2004-02-13,73.480003,73.580002,72.330002,73.050003,1265800,62.851157
2004-02-12,73.800003,74.199997,73.279999,73.50,1360500,63.238328
2004-02-11,72.849998,74.489998,71.790001,74.199997,2432500,63.840595
2004-02-10,72.330002,72.519997,71.650002,72.080002,1075300,62.016583
2004-02-09,73.00,73.75,72.25,72.330002,1765900,62.231679
2004-02-06,69.449997,71.849998,69.360001,71.639999,1358900,61.638011
2004-02-05,70.57,70.790001,69.080002,69.650002,1819400,59.901755
2004-02-04,70.50,71.269997,70.269997,70.57,1231200,60.69299
2004-02-03,71.400002,71.949997,71.25,71.75,1582200,61.707836
2004-02-02,70.949997,72.300003,70.75,71.480003,1694700,61.475629
2004-01-30,70.400002,71.760002,70.019997,71.080002,2271100,61.131612
2004-01-29,70.300003,70.379997,69.089996,69.599998,2639600,59.85875
2004-01-28,73.019997,73.160004,69.900002,70.400002,2710400,60.546784
2004-01-27,73.50,73.599998,72.629997,73.209999,2381500,62.963493
2004-01-26,72.75,73.75,71.889999,73.650002,4024500,63.341913
2004-01-23,73.599998,74.300003,73.360001,74.059998,3211400,63.694526
2004-01-22,70.839996,74.199997,70.839996,74.150002,6587700,63.771933
2004-01-21,68.150002,70.050003,67.870003,69.849998,4620600,60.07376
2004-01-20,68.00,69.75,67.279999,67.900002,5298600,58.396686
2004-01-16,67.099998,67.50,66.860001,67.269997,3003500,57.854856
2004-01-15,65.00,67.650002,64.980003,67.099998,5768800,57.708651
2004-01-14,64.32,64.839996,63.650002,64.790001,1568800,55.721962
2004-01-13,64.150002,64.660004,63.459999,64.25,1968600,55.25754
2004-01-12,64.269997,64.730003,63.970001,64.209999,2887400,55.223138
2004-01-09,64.669998,64.669998,63.900002,64.019997,2455900,55.059728
2004-01-08,64.00,64.959999,63.68,64.830002,3628000,55.756364
2004-01-07,63.630001,63.950001,63.25,63.91,2430200,54.965126
2004-01-06,62.450001,63.860001,62.119999,63.709999,3338100,54.793118
2004-01-05,61.599998,63.02,60.25,62.50,2980400,53.752471
2004-01-02,61.330002,61.599998,60.040001,60.23,1343400,51.800181
2003-12-31,60.970001,61.50,60.720001,61.290001,982700,52.711824
2003-12-30,61.389999,61.540001,60.849998,61.080002,986900,52.531216
2003-12-29,60.599998,61.709999,60.599998,61.50,1327300,52.892431
2003-12-26,60.68,60.810001,60.189999,60.43,280300,51.972189
2003-12-24,60.349998,60.98,60.110001,60.650002,397500,52.161399
2003-12-23,61.509998,61.509998,60.09,60.669998,1062000,52.178597
2003-12-22,59.709999,60.619999,59.709999,60.52,2242900,52.049593
2003-12-19,59.290001,59.900002,58.860001,59.709999,2530400,51.35296
2003-12-18,57.849998,59.400002,57.259998,59.290001,3434100,50.991745
2003-12-17,56.50,56.759998,56.040001,56.540001,1231600,48.626636
2003-12-16,55.459999,56.599998,55.459999,56.50,2096700,48.592234
2003-12-15,56.900002,57.25,55.299999,55.459999,2482000,47.697792
2003-12-12,56.380001,56.400002,55.82,56.25,1320700,48.377224
2003-12-11,55.549999,56.50,55.529999,55.990002,2983100,48.153615
2003-12-10,57.18,57.34,55.150002,55.299999,3703700,47.560185
2003-12-09,59.200001,59.200001,57.669998,57.68,1887200,49.60708
2003-12-08,59.16,59.75,58.630001,59.080002,1273100,50.811137
2003-12-05,59.400002,59.48,58.919998,59.16,1178200,50.879939
2003-12-04,60.349998,60.490002,59.599998,60.099998,1130100,51.688375
2003-12-03,59.700001,61.02,59.700001,60.349998,1904400,51.903384
2003-12-02,60.169998,60.200001,59.50,59.540001,1639100,51.206755
2003-12-01,60.009998,60.349998,59.740002,60.200001,1607600,51.77438
2003-11-28,59.599998,59.849998,59.130001,59.720001,596600,51.361562
2003-11-26,58.900002,59.73,58.52,59.73,1581300,51.370161
2003-11-25,58.75,59.849998,58.639999,58.689999,1607100,50.475719
2003-11-24,56.82,58.75,56.799999,58.580002,2325600,50.381117
2003-11-21,57.25,57.599998,56.48,56.50,1893600,48.592234
2003-11-20,58.00,58.25,57.00,57.02,1627600,49.039455
2003-11-19,57.549999,58.110001,56.549999,58.040001,1916200,49.916695
2003-11-18,58.450001,58.470001,57.52,57.650002,1565000,49.58128
2003-11-17,58.849998,58.849998,57.23,57.950001,2558900,49.839292
2003-11-14,60.07,60.450001,58.849998,58.849998,1565100,50.613325
2003-11-13,60.43,60.43,59.849998,60.07,1863000,51.662574
2003-11-12,59.549999,60.490002,59.50,60.419998,1563700,51.963587
2003-11-11,59.279999,60.18,59.279999,59.470001,2091800,51.146552
2003-11-10,60.00,60.23,59.099998,59.279999,2204200,50.983142
2003-11-07,61.099998,61.549999,59.990002,60.00,1953900,51.602372
2003-11-06,61.279999,61.299999,60.060001,60.950001,2113900,52.41941
2003-11-05,61.700001,61.700001,60.73,61.279999,1791400,52.703221
2003-11-04,61.68,62.00,61.130001,61.700001,2513500,53.040359
2003-11-03,60.799999,61.950001,60.459999,61.68,3352100,53.023165
2003-10-31,59.84,61.41,59.669998,60.799999,3769000,52.266673
2003-10-30,61.00,61.900002,59.490002,59.68,7707500,51.303867
2003-10-29,64.120003,64.120003,63.130001,63.380001,3052400,54.48457
2003-10-28,61.740002,64.25,61.740002,64.120003,3272100,55.120712
2003-10-27,62.099998,62.849998,61.439999,61.740002,1603400,53.074746
2003-10-24,62.48,62.48,61.43,61.959999,2284500,53.263866
2003-10-23,60.00,63.389999,60.00,62.48,4731000,53.710884
2003-10-22,61.779999,61.779999,60.09,60.099998,2794600,51.664918
2003-10-21,61.060001,61.849998,60.950001,61.779999,2310900,53.109129
2003-10-20,60.50,61.200001,60.349998,61.060001,1692300,52.490184
2003-10-17,61.299999,62.00,60.299999,60.50,1587900,52.008779
2003-10-16,60.650002,61.509998,60.299999,61.189999,2611000,52.601936
2003-10-15,62.119999,62.25,60.939999,61.25,2085400,52.653516
2003-10-14,62.450001,62.48,61.75,62.349998,2763200,53.599129
2003-10-13,61.990002,63.419998,61.990002,63.00,1577900,54.157902
2003-10-10,63.290001,63.290001,61.790001,61.98,3501400,53.28106
2003-10-09,60.810001,63.50,60.810001,63.279999,3716600,54.398603
2003-10-08,60.369999,61.50,60.150002,60.810001,2484000,52.275272
2003-10-07,58.91,60.75,58.91,60.57,2660100,52.068954
2003-10-06,59.700001,60.529999,59.700001,60.360001,1899200,51.888429
2003-10-03,60.200001,60.75,59.549999,59.700001,2483400,51.32106
2003-10-02,58.490002,59.419998,58.029999,59.259998,1917800,50.942813
2003-10-01,57.040001,58.650002,57.02,58.610001,2046200,50.384043
2003-09-30,57.299999,57.970001,56.330002,57.040001,2268800,49.034393
2003-09-29,56.299999,57.799999,56.189999,57.759998,2297100,49.653339
2003-09-26,57.560001,57.700001,56.099998,56.259998,2581200,48.363865
2003-09-25,58.48,58.970001,57.380001,57.459999,2442200,49.395445
2003-09-24,59.950001,60.130001,58.290001,58.470001,2921600,50.263692
2003-09-23,60.400002,60.580002,59.900002,60.200001,3105500,51.750885
2003-09-22,60.700001,61.369999,60.25,60.560001,2344500,52.060359
2003-09-19,61.540001,61.900002,60.400002,61.599998,2510800,52.954392
2003-09-18,60.599998,61.91,60.049999,61.549999,3116400,52.91141
2003-09-17,59.98,62.02,59.810001,60.849998,3051000,52.309655
2003-09-16,59.049999,60.099998,58.900002,60.00,2557900,51.578954
2003-09-15,58.759998,59.439999,58.68,59.09,2185300,50.796674
2003-09-12,58.00,58.799999,57.150002,58.669998,2413600,50.435619
2003-09-11,58.91,59.200001,58.029999,58.240002,3224300,50.065973
2003-09-10,57.77,60.209999,57.41,58.91,9550200,50.641937
2003-09-09,55.220001,56.299999,54.380001,56.049999,2904900,48.183339
2003-09-08,54.650002,55.459999,54.50,55.400002,2159400,47.624569
2003-09-05,53.759998,55.66,53.439999,53.919998,2537300,46.352285
2003-09-04,54.150002,54.150002,53.279999,53.759998,2849200,46.214742
2003-09-03,55.560001,55.799999,53.900002,54.150002,3560000,46.550008
2003-09-02,53.099998,55.599998,53.080002,55.560001,2807200,47.762113
2003-08-29,52.650002,53.400002,52.560001,53.400002,1131000,45.905271
2003-08-28,52.389999,53.00,51.439999,52.889999,1473700,45.466848
2003-08-27,52.740002,53.080002,52.150002,52.360001,1771900,45.011235
2003-08-26,52.310001,52.900002,51.700001,52.740002,2047600,45.337902
2003-08-25,51.66,52.419998,51.200001,52.27,2234900,44.933866
2003-08-22,52.200001,52.299999,51.509998,51.66,2283700,44.40948
2003-08-21,51.299999,51.889999,50.849998,51.400002,1933400,44.185972
2003-08-20,50.75,51.599998,50.380001,51.150002,2252800,43.97106
2003-08-19,50.580002,50.82,49.849998,50.700001,1555600,43.584217
2003-08-18,49.970001,50.490002,49.43,50.200001,1962400,43.154393
2003-08-15,49.509998,49.84,48.830002,49.759998,822900,42.776145
2003-08-14,49.540001,50.389999,49.43,49.880001,1468100,42.879305
2003-08-13,50.50,50.50,49.509998,49.82,2315500,42.827725
2003-08-12,50.700001,51.50,50.200001,50.490002,8821600,43.403692
2003-08-11,47.82,48.779999,47.82,48.09,2502600,41.340532
2003-08-08,47.00,48.029999,47.00,47.810001,1960300,41.099831
2003-08-07,46.529999,46.880001,45.799999,46.799999,2523500,40.231584
2003-08-06,46.279999,47.169998,45.68,46.529999,3094200,39.999478
2003-08-05,47.00,47.50,45.810001,45.889999,2645300,39.426092
2003-08-04,47.259998,47.75,45.549999,47.189999,2934100,40.542978
2003-08-01,47.41,48.18,47.119999,47.25,2255600,40.594527
2003-07-31,48.400002,49.119999,47.779999,47.91,2529600,41.161562
2003-07-30,48.34,48.66,47.169998,47.619999,2645200,40.91241
2003-07-29,49.299999,49.419998,48.099998,48.330002,2550200,41.522404
2003-07-28,49.810001,49.849998,49.099998,49.299999,2095300,42.355771
2003-07-25,48.00,49.900002,48.00,49.810001,2993700,42.793936
2003-07-24,48.099998,48.990002,47.790001,48.00,2399000,41.238885
2003-07-23,48.41,48.41,47.57,47.880001,2840700,41.135789
2003-07-22,49.560001,49.599998,47.700001,48.41,3463300,41.591134
2003-07-21,49.099998,49.889999,48.939999,49.240002,2595400,42.304224
2003-07-18,48.900002,49.52,47.389999,48.959999,7739800,42.063662
2003-07-17,50.50,51.099998,44.509998,48.220001,21918800,41.427898
2003-07-16,54.299999,55.599998,53.450001,55.32,4801700,47.527815
2003-07-15,55.099998,55.389999,52.43,52.73,4572900,45.302633
2003-07-14,52.849998,55.900002,52.75,55.029999,5702000,47.278662
2003-07-11,50.700001,51.849998,50.099998,51.75,2280500,44.460673
2003-07-10,51.77,51.779999,50.25,50.720001,2396000,43.575756
2003-07-09,52.00,52.25,51.330002,51.77,1824700,44.477856
2003-07-08,51.150002,52.200001,51.150002,52.049999,2607600,44.718415
2003-07-07,50.049999,51.48,50.00,51.130001,3040200,43.928005
2003-07-03,49.259998,49.849998,48.41,49.25,1358000,42.312814
2003-07-02,48.970001,49.919998,48.25,49.259998,2959400,42.321404
2003-07-01,49.18,49.18,47.349998,48.970001,3231100,42.072255
2003-06-30,49.25,49.599998,48.799999,49.18,1953100,42.252674
2003-06-27,49.959999,50.299999,48.720001,48.880001,2384400,41.994932
2003-06-26,48.700001,50.09,48.549999,49.950001,2493500,42.914215
2003-06-25,49.150002,50.150002,48.299999,48.650002,3252100,41.797329
2003-06-24,48.73,49.860001,48.400002,49.50,2889400,42.5276
2003-06-23,49.639999,49.700001,48.18,48.57,2960900,41.728596
2003-06-20,51.049999,51.470001,49.48,49.639999,4394500,42.64788
2003-06-19,51.950001,52.490002,50.419998,50.77,2590000,43.618713
2003-06-18,52.400002,52.43,51.099998,51.849998,2625100,44.546586
2003-06-17,53.490002,53.490002,51.950001,52.400002,3215400,45.019117
2003-06-16,53.099998,53.75,52.900002,53.490002,2279200,45.955584
2003-06-13,53.549999,53.560001,52.240002,52.93,3382000,45.474462
2003-06-12,53.349998,54.349998,52.099998,53.73,4376700,46.161776
2003-06-11,50.50,53.23,50.32,53.18,3442300,45.689248
2003-06-10,50.650002,51.25,49.50,50.68,3934300,43.54139
2003-06-09,51.799999,52.09,49.68,50.049999,4282400,43.000128
2003-06-06,53.650002,54.990002,52.400002,52.650002,4946800,45.233903
2003-06-05,51.150002,53.43,51.150002,53.16,4734900,45.672065
2003-06-04,50.049999,52.099998,49.759998,51.98,4671100,44.658275
2003-06-03,51.02,52.07,49.549999,49.939999,6921300,42.905622
2003-06-02,49.00,51.810001,48.25,51.509998,7891000,44.254477
2003-05-30,47.380001,48.259998,47.02,48.169998,3059400,41.384938
2003-05-29,49.110001,49.549999,46.919998,47.380001,5139600,40.706217
2003-05-28,46.93,49.220001,46.93,49.09,5951900,42.175351
2003-05-27,44.950001,47.25,44.400002,46.93,4787100,40.319602
2003-05-23,44.720001,45.09,44.299999,44.950001,2875100,38.618498
2003-05-22,44.099998,45.009998,43.799999,44.720001,4638200,38.420896
2003-05-21,42.84,44.279999,42.209999,44.27,4447900,38.03428
2003-05-20,42.779999,43.790001,42.369999,42.830002,3507200,36.797115
2003-05-19,44.259998,44.349998,42.400002,42.77,4255300,36.745565
2003-05-16,44.419998,45.200001,44.200001,44.84,4802900,38.523992
2003-05-15,46.00,46.509998,44.779999,44.84,6498000,38.523992
2003-05-14,47.099998,47.959999,45.220001,45.34,8670400,38.953564
2003-05-13,45.950001,48.07,45.939999,47.00,4502100,40.379741
2003-05-12,45.73,46.880001,45.00,46.650002,6993000,40.079043
2003-05-09,45.27,45.400002,43.169998,44.91,6793800,38.584132
2003-05-08,45.50,46.580002,44.549999,44.779999,5593000,38.472442
2003-05-07,46.209999,47.200001,45.459999,46.560001,6809800,40.00172
2003-05-06,44.389999,46.860001,44.349998,46.599998,9830600,40.036083
2003-05-05,43.259998,44.790001,43.259998,44.419998,6120100,38.139954
2003-05-02,41.439999,42.900002,41.439999,42.799999,3946800,36.748988
2003-05-01,41.869999,41.959999,40.299999,41.43,3819900,35.572678
2003-04-30,40.50,42.57,39.869999,41.869999,7558300,35.95047
2003-04-29,39.049999,40.25,39.049999,40.099998,3345800,34.43071
2003-04-28,37.849998,39.25,37.689999,38.869999,2257200,33.374607
2003-04-25,37.950001,38.080002,37.299999,37.689999,3104800,32.361433
2003-04-24,39.07,39.639999,37.98,38.389999,4538200,32.962469
2003-04-23,39.16,39.580002,38.290001,39.07,5084100,33.546332
2003-04-22,35.880001,38.18,35.540001,38.18,9033300,32.782159
2003-04-21,37.580002,37.990002,37.110001,37.290001,3570100,32.017987
2003-04-17,36.689999,38.459999,36.689999,37.419998,3376600,32.129605
2003-04-16,37.439999,38.00,36.43,36.689999,3558800,31.502812
2003-04-15,35.25,37.75,35.200001,37.490002,6372100,32.189712
2003-04-14,34.310001,35.200001,33.900002,35.16,2419400,30.189123
2003-04-11,34.900002,34.990002,33.91,34.110001,2843800,29.287571
2003-04-10,33.099998,34.50,33.060001,34.360001,4173200,29.502226
2003-04-09,33.400002,33.849998,32.529999,32.540001,2210700,27.939536
2003-04-08,33.689999,33.900002,33.00,33.310001,2222000,28.600675
2003-04-07,34.950001,35.130001,33.669998,33.689999,4502600,28.926948
2003-04-04,33.23,34.02,33.130001,33.639999,2058700,28.884018
2003-04-03,33.290001,33.900002,32.599998,33.23,2419100,28.531983
2003-04-02,31.700001,33.349998,31.700001,32.98,3495800,28.317328
2003-04-01,30.10,31.52,30.049999,31.370001,2822900,26.934949
2003-03-31,30.139999,30.950001,29.77,30.01,3177600,25.767224
2003-03-28,31.110001,31.90,30.200001,31.18,1545300,26.771811
2003-03-27,32.07,32.07,30.76,31.41,3331900,26.969293
2003-03-26,31.530001,32.950001,31.530001,32.060001,2738400,27.527398
2003-03-25,31.02,31.99,31.00,31.48,2067100,27.029396
2003-03-24,31.309999,32.110001,30.82,31.26,3190100,26.8405
2003-03-21,31.75,32.810001,31.50,32.599998,3954400,27.991051
2003-03-20,31.32,31.85,30.110001,31.18,4071700,26.771811
2003-03-19,30.450001,31.639999,30.34,31.40,5025500,26.960707
2003-03-18,30.16,30.68,29.77,30.33,3830200,26.041982
2003-03-17,28.25,30.120001,27.60,29.959999,4956400,25.724292
2003-03-14,28.50,28.549999,27.549999,28.25,4017800,24.25605
2003-03-13,27.629999,28.57,27.120001,28.299999,4503000,24.29898
2003-03-12,25.389999,26.290001,25.33,26.27,4413700,22.55598
2003-03-11,26.90,27.24,24.91,25.379999,6684300,21.791806
2003-03-10,27.35,28.10,26.84,27.040001,3783800,23.217119
2003-03-07,27.049999,27.780001,26.00,27.48,3534800,23.594911
2003-03-06,27.719999,27.799999,26.92,26.92,2931600,23.114084
2003-03-05,27.549999,27.950001,27.25,27.709999,3621800,23.792394
2003-03-04,28.26,28.26,27.15,27.370001,7136200,23.500464
2003-03-03,27.40,28.450001,27.049999,28.25,18391600,24.25605
2003-02-28,30.50,31.129999,30.32,30.969999,2461900,26.591499
2003-02-27,30.10,30.92,29.860001,30.40,2100600,26.102085
2003-02-26,29.98,30.120001,29.620001,29.85,2481700,25.629844
2003-02-25,29.549999,30.200001,28.90,30.10,3491300,25.8445
2003-02-24,30.629999,30.639999,29.559999,29.780001,2604000,25.569741
2003-02-21,30.299999,31.09,29.860001,30.82,2337900,26.462706
2003-02-20,31.00,31.00,30.030001,30.17,2328100,25.904603
2003-02-19,32.110001,32.740002,30.440001,30.85,4119300,26.488466
2003-02-18,30.50,32.389999,30.50,32.099998,4030000,27.56174
2003-02-14,29.200001,30.290001,29.01,30.209999,2887100,25.938947
2003-02-13,29.76,29.76,28.120001,29.110001,5485500,24.994465
2003-02-12,29.40,30.360001,29.32,29.75,4102700,25.543982
2003-02-11,29.84,30.48,29.620001,29.709999,2513400,25.509636
2003-02-10,30.08,30.18,29.049999,29.84,2526900,25.621258
2003-02-07,30.40,31.01,29.620001,30.00,2447400,25.758637
2003-02-06,30.540001,30.540001,29.82,29.82,2927600,25.604085
2003-02-05,31.120001,31.790001,30.32,30.57,2486500,26.224868
2003-02-04,31.049999,31.450001,30.50,31.040001,2969200,26.628065
2003-02-03,31.059999,32.299999,31.049999,31.82,2817500,27.297197
2003-01-31,31.09,31.42,30.059999,31.049999,3401400,26.636642
2003-01-30,31.85,31.85,30.799999,31.08,2993000,26.662379
2003-01-29,31.459999,32.150002,30.709999,31.84,3417800,27.314355
2003-01-28,30.75,31.83,30.75,31.66,3279300,27.159939
2003-01-27,31.200001,32.049999,30.24,30.42,3855000,26.096189
2003-01-24,32.299999,32.639999,31.450001,31.52,2929900,27.039839
2003-01-23,32.880001,33.299999,30.85,32.259998,6958500,27.674655
2003-01-22,31.99,33.490002,31.639999,32.799999,4958500,28.137902
2003-01-21,33.259998,33.900002,31.75,31.98,4095700,27.434455
2003-01-17,34.200001,34.50,32.450001,33.25,9583900,28.523941
2003-01-16,36.240002,36.75,35.07,35.18,8119300,30.179617
2003-01-15,38.709999,38.709999,36.110001,36.950001,8082500,31.698034
2003-01-14,38.400002,38.82,38.099998,38.700001,3059800,33.199294
2003-01-13,39.119999,39.700001,38.07,38.889999,4828100,33.362287
2003-01-10,36.509998,39.299999,35.560001,39.00,11097900,33.456653
2003-01-09,36.02,36.700001,34.360001,36.509998,8111300,31.320573
2003-01-08,32.209999,36.599998,31.85,35.41,14350300,30.376925
2003-01-07,33.119999,33.75,32.049999,32.200001,3324000,27.623186
2003-01-06,32.130001,34.380001,32.049999,33.240002,4761600,28.515364
2003-01-03,31.73,32.130001,31.16,31.75,2156700,27.237147
2003-01-02,30.200001,31.83,29.889999,31.719999,4736000,27.21141
2002-12-31,30.26,30.48,29.52,29.719999,1976400,25.495684
2002-12-30,29.65,30.379999,29.360001,30.110001,2352900,25.830252
2002-12-27,31.16,31.200001,29.42,29.65,3338300,25.435634
2002-12-26,31.68,32.029999,30.93,31.25,1355200,26.808215
2002-12-24,31.120001,31.790001,31.120001,31.25,662000,26.808215
2002-12-23,31.629999,32.610001,31.34,31.60,2393300,27.108468
2002-12-20,30.99,32.00,30.99,31.540001,2968000,27.056996
2002-12-19,30.67,31.43,30.52,30.98,2832600,26.576592
2002-12-18,31.299999,31.450001,30.309999,30.66,3214700,26.302076
2002-12-17,31.950001,32.91,31.65,31.889999,2770000,27.357247
2002-12-16,30.620001,32.48,30.60,32.25,3334200,27.666078
2002-12-13,32.09,32.09,30.200001,30.200001,5619600,25.90746
2002-12-12,32.02,33.57,31.90,32.080002,3011300,27.520243
2002-12-11,32.470001,32.470001,31.290001,32.200001,5133800,27.623186
2002-12-10,32.759998,33.32,32.27,32.950001,2719700,28.266583
2002-12-09,33.810001,34.200001,32.50,32.759998,2913100,28.103587
2002-12-06,33.75,34.959999,33.299999,33.77,3944700,28.97003
2002-12-05,34.50,35.169998,34.150002,34.619999,2554300,29.699212
2002-12-04,33.400002,35.549999,32.549999,34.48,3727000,29.579112
2002-12-03,34.00,35.200001,33.869999,34.00,5393500,29.167338
2002-12-02,33.799999,36.450001,33.799999,35.830002,4779200,30.737229
2002-11-29,34.560001,34.599998,33.790001,33.799999,917400,28.995765
2002-11-27,33.900002,34.740002,33.279999,34.650002,2980300,29.72495
2002-11-26,33.970001,34.970001,32.799999,32.950001,4260400,28.266583
2002-11-25,31.950001,34.23,31.83,33.720001,4384100,28.927138
2002-11-22,33.16,33.50,31.379999,31.540001,9447300,27.056996
2002-11-21,29.870001,33.400002,29.799999,33.150002,8422600,28.438156
2002-11-20,29.030001,29.549999,29.02,29.379999,3424800,25.204011
2002-11-19,28.940001,29.48,28.51,29.02,4240400,24.895181
2002-11-18,31.00,31.190001,28.90,28.940001,6717600,24.826552
2002-11-15,30.01,31.280001,29.51,31.00,6254000,26.59375
2002-11-14,31.450001,31.450001,29.75,30.00,10737300,25.735887
2002-11-13,28.58,29.110001,27.139999,28.16,5754800,24.157419
2002-11-12,29.34,29.530001,28.469999,28.57,3755800,24.509142
2002-11-11,29.27,30.120001,28.219999,29.33,4127800,25.161118
2002-11-08,31.049999,31.57,29.09,29.32,5055800,25.15254
2002-11-07,32.50,32.700001,30.83,30.950001,5104400,26.550857
2002-11-06,33.900002,34.049999,32.009998,33.060001,5951300,28.360948
2002-11-05,32.849998,33.759998,32.299999,33.700001,4378200,28.885958
2002-11-04,32.099998,34.02,32.099998,33.07,5012300,28.345953
2002-11-01,30.48,31.50,29.620001,31.299999,4766300,26.828797
2002-10-31,31.35,32.02,30.370001,30.469999,2594000,26.117362
2002-10-30,30.48,31.98,30.07,31.34,3445500,26.863084
2002-10-29,30.52,30.75,29.120001,30.280001,4134600,25.954505
2002-10-28,30.32,31.75,30.32,30.889999,4687700,26.477365
2002-10-25,29.799999,30.389999,28.67,30.309999,5882600,25.980218
2002-10-24,32.599998,32.740002,28.280001,28.75,8987100,24.643065
2002-10-23,32.23,32.23,30.17,31.780001,4355500,27.24023
2002-10-22,30.950001,33.049999,30.75,32.220001,4117600,27.617377
2002-10-21,30.00,31.66,29.50,31.629999,4086900,27.111656
2002-10-18,28.67,30.50,28.17,30.17,4506700,25.860218
2002-10-17,30.00,30.559999,27.75,28.959999,8696500,24.823065
2002-10-16,29.00,29.440001,25.49,27.85,21173100,23.87163
2002-10-15,36.25,36.43,33.77,34.639999,7797200,29.691678
2002-10-14,30.41,32.299999,30.200001,32.16,3184900,27.565946
2002-10-11,29.23,31.90,29.23,30.66,5789600,26.280221
2002-10-10,26.51,29.50,26.10,29.219999,5291300,25.045925
2002-10-09,28.709999,28.75,26.16,26.50,7644400,22.714477
2002-10-08,28.35,30.959999,27.549999,29.690001,5967300,25.448786
2002-10-07,29.00,29.40,27.82,28.059999,7148400,24.051631
2002-10-04,33.049999,33.09,29.879999,30.379999,6468300,26.040219
2002-10-03,33.779999,34.150002,32.349998,32.43,4124400,27.797377
2002-10-02,35.50,35.779999,32.50,33.599998,4351100,28.800241
2002-10-01,35.400002,36.50,33.849998,36.32,2834500,31.131691
2002-09-30,34.400002,35.52,32.380001,34.919998,5427900,29.931679
2002-09-27,36.00,36.75,34.150002,34.700001,3346900,29.743108
2002-09-26,35.470001,36.599998,35.369999,36.240002,3576300,31.06312
2002-09-25,35.150002,35.75,33.389999,35.380001,5508400,30.325971
2002-09-24,34.66,35.50,33.50,34.25,3648400,29.35739
2002-09-23,34.200001,34.959999,33.389999,34.650002,3226200,29.700252
2002-09-20,34.869999,35.200001,34.150002,34.849998,4241300,29.871679
2002-09-19,35.00,35.73,34.75,34.869999,3210500,29.888822
2002-09-18,35.240002,37.099998,34.00,35.990002,7533000,30.848833
2002-09-17,38.650002,38.669998,34.700001,35.240002,7239000,30.20597
2002-09-16,38.799999,39.50,37.240002,38.669998,1882600,33.145992
2002-09-13,37.799999,39.599998,37.50,38.919998,2975900,33.360279
2002-09-12,40.50,40.50,38.549999,38.599998,4476800,33.085992
2002-09-11,40.00,41.50,40.00,41.00,4728800,35.143153
2002-09-10,38.490002,39.360001,37.639999,38.950001,5092600,33.385996
2002-09-09,36.25,39.880001,36.200001,39.48,6002600,33.840285
2002-09-06,35.799999,37.00,35.669998,36.509998,2846600,31.294548
2002-09-05,35.049999,35.82,34.049999,35.07,3515400,30.060253
2002-09-04,33.900002,35.810001,33.439999,35.529999,3194700,30.454541
2002-09-03,34.919998,34.970001,33.419998,33.439999,4051400,28.663097
2002-08-30,35.200001,36.450001,34.93,35.669998,2191600,30.574542
2002-08-29,34.75,35.900002,34.00,35.509998,4093600,30.437398
2002-08-28,35.450001,35.580002,34.799999,35.330002,2974800,30.283114
2002-08-27,37.25,37.610001,35.50,35.799999,3043600,30.685972
2002-08-26,36.299999,36.849998,35.150002,36.630001,2711800,31.397408
2002-08-23,36.950001,37.049999,35.82,36.060001,3109700,30.908833
2002-08-22,35.650002,38.00,34.900002,37.18,5585700,31.86884
2002-08-21,35.099998,35.889999,34.400002,35.279999,3245400,30.240254
2002-08-20,34.549999,35.400002,33.700001,34.98,3418900,29.983109
2002-08-19,32.00,35.200001,31.65,34.799999,5526600,29.828822
2002-08-16,32.099998,33.400002,31.200001,32.50,4067600,27.857378
2002-08-15,31.200001,33.099998,30.90,32.75,6615900,28.071665
2002-08-14,26.799999,31.10,26.299999,31.049999,9125500,26.614509
2002-08-13,29.10,30.08,28.57,29.200001,5012700,25.028783
2002-08-12,28.25,28.950001,27.309999,28.879999,4513600,24.754494
2002-08-09,27.40,29.59,26.92,29.10,5487100,24.943068
2002-08-08,26.25,28.35,24.25,27.700001,8812300,23.743058
2002-08-07,26.719999,27.50,24.049999,25.280001,12086600,21.668755
2002-08-06,25.889999,27.549999,25.35,26.709999,8435600,22.894478
2002-08-05,28.65,28.879999,24.200001,24.700001,9431300,21.148466
2002-08-02,30.049999,30.120001,28.02,28.60,3484500,24.487696
2002-08-01,31.799999,31.799999,29.76,30.00,4108500,25.686395
2002-07-31,30.129999,31.780001,30.07,31.700001,6900700,27.141958
2002-07-30,29.50,30.40,27.549999,29.93,11051900,25.62646
2002-07-29,30.50,32.349998,28.40,29.35,10424700,25.129856
2002-07-26,33.75,33.75,30.25,30.50,9583400,26.114501
2002-07-25,32.50,34.360001,30.99,32.389999,7287700,27.732743
2002-07-24,28.00,34.00,26.549999,33.310001,11891400,28.520461
2002-07-23,34.310001,34.549999,30.200001,30.99,8538700,26.534045
2002-07-22,35.75,37.00,34.099998,34.099998,9413900,29.196867
2002-07-19,33.48,37.200001,33.150002,35.209999,9753600,30.147264
2002-07-18,30.40,34.200001,29.99,33.310001,19137700,28.520461
2002-07-17,33.50,41.619999,29.99,30.48,42710700,26.097376
2002-07-16,50.75,51.91,49.32,50.599998,4018300,43.324384
2002-07-15,51.099998,51.150002,48.200001,51.110001,4137000,43.761055
2002-07-12,50.799999,52.59,49.549999,51.50,4496800,44.094977
2002-07-11,51.599998,51.619999,48.639999,50.419998,8591300,43.170266
2002-07-10,56.040001,56.799999,51.349998,51.41,9166900,44.017918
2002-07-09,57.599998,58.00,55.450001,55.450001,3166900,47.47702
2002-07-08,59.599998,60.650002,57.759998,58.029999,2865100,49.686048
2002-07-05,58.099998,60.299999,57.900002,59.950001,1062800,51.329979
2002-07-03,56.00,57.48,54.91,57.48,2423800,49.215132
2002-07-02,58.540001,58.540001,56.700001,56.75,2676200,48.590096
2002-07-01,60.799999,61.099998,58.279999,58.529999,2861900,50.114155
2002-06-28,59.110001,61.900002,59.00,61.049999,3068400,52.271812
2002-06-27,57.849998,59.25,57.25,59.099998,2676800,50.602196
2002-06-26,56.450001,57.099998,55.610001,56.799999,2648400,48.632906
2002-06-25,58.040001,59.98,57.50,57.560001,2031500,49.28363
2002-06-24,56.599998,59.00,55.23,58.040001,2576000,49.694612
2002-06-21,56.799999,57.400002,56.240002,57.349998,2135700,49.103823
2002-06-20,58.720001,58.720001,56.950001,57.049999,2878600,48.84696
2002-06-19,59.00,59.349998,58.299999,58.720001,2835800,50.276837
2002-06-18,59.00,60.09,58.799999,59.790001,2655100,51.192985
2002-06-17,56.900002,59.599998,56.799999,59.599998,3582400,51.030303
2002-06-14,54.200001,55.740002,52.00,55.630001,3653300,47.631139
2002-06-13,57.099998,57.099998,54.610001,55.27,3994500,47.322901
2002-06-12,59.099998,59.200001,56.380001,57.00,4014000,48.80415
2002-06-11,60.299999,61.240002,58.84,58.990002,1794600,50.508015
2002-06-10,60.099998,60.150002,58.580002,59.799999,1666700,51.201546
2002-06-07,59.00,60.189999,58.27,60.00,1925600,51.372789
2002-06-06,60.50,60.630001,59.490002,59.779999,1718300,51.184421
2002-06-05,59.25,60.740002,59.25,60.450001,1777400,51.758086
2002-06-04,60.450001,60.549999,58.549999,59.23,3303400,50.713505
2002-06-03,62.099998,62.849998,60.52,60.529999,1613600,51.826581
2002-05-31,61.75,63.00,61.700001,62.439999,1381100,53.461948
2002-05-30,62.00,62.240002,61.450001,62.07,1539400,53.14515
2002-05-29,61.50,62.900002,61.41,62.240002,1613200,53.290708
2002-05-28,63.400002,63.599998,61.529999,61.610001,1986400,52.751293
2002-05-24,63.09,63.75,62.880001,63.450001,1053000,54.326725
2002-05-23,62.360001,63.349998,61.889999,63.34,1348700,54.232541
2002-05-22,61.75,62.400002,61.240002,62.349998,1180300,53.384889
2002-05-21,63.599998,63.700001,61.439999,62.00,2021500,53.085215
2002-05-20,64.199997,64.43,62.709999,62.790001,1723600,53.761625
2002-05-17,63.950001,64.32,63.099998,64.199997,1906000,54.968882
2002-05-16,64.300003,64.339996,62.52,63.950001,2755300,54.754832
2002-05-15,64.25,64.470001,63.349998,64.470001,1767400,55.200063
2002-05-14,64.25,64.93,62.950001,64.650002,2604200,55.354182
2002-05-13,61.25,62.380001,60.630001,62.02,1961600,53.10234
2002-05-10,60.529999,61.990002,60.00,60.299999,3007200,51.629652
2002-05-09,61.900002,62.00,60.50,60.52,1688200,51.81802
2002-05-08,60.00,62.700001,59.950001,62.509998,2957000,53.521883
2002-05-07,58.150002,59.27,57.810001,58.299999,2228600,49.917226
2002-05-06,59.549999,60.16,57.400002,57.400002,2271900,49.146636
2002-05-03,60.00,60.200001,59.25,59.740002,2376700,51.127055
2002-05-02,59.310001,60.700001,58.939999,60.540001,3161700,51.811715
2002-05-01,59.549999,59.740002,57.200001,59.299999,3527700,50.750489
2002-04-30,59.07,60.299999,59.07,59.889999,3957300,51.255427
2002-04-29,62.00,62.049999,58.549999,58.75,4859700,50.279786
2002-04-26,63.119999,63.599998,61.900002,62.049999,2306100,53.104011
2002-04-25,64.410004,64.410004,62.540001,62.880001,3273000,53.814349
2002-04-24,65.449997,65.849998,63.900002,64.400002,3392400,55.115205
2002-04-23,64.699997,66.059998,64.559998,65.50,2715800,56.056612
2002-04-22,65.00,65.839996,64.519997,64.980003,2912800,55.611585
2002-04-19,65.400002,65.800003,64.650002,65.75,2677300,56.270569
2002-04-18,64.00,65.160004,63.799999,65.089996,6550800,55.70572
2002-04-17,63.759998,66.50,63.169998,63.91,9603900,54.695848
2002-04-16,62.50,63.990002,62.50,63.759998,2077600,54.567473
2002-04-15,63.00,63.349998,61.75,61.970001,1231700,53.035547
2002-04-12,62.799999,63.43,62.200001,62.450001,2158700,53.446343
2002-04-11,64.400002,65.00,61.599998,62.279999,3164000,53.300851
2002-04-10,64.00,64.440002,63.169998,64.400002,2042200,55.115205
2002-04-09,63.099998,64.389999,62.759998,63.00,2032100,53.917047
2002-04-08,61.00,62.799999,60.950001,62.759998,1936800,53.711647
2002-04-05,62.099998,63.150002,61.25,61.459999,2762000,52.599074
2002-04-04,61.00,62.099998,60.900002,61.740002,2287800,52.838707
2002-04-03,63.889999,63.900002,61.400002,61.950001,2868000,53.01843
2002-04-02,63.349998,64.989998,63.150002,63.990002,2952000,54.764316
2002-04-01,63.849998,65.00,62.450001,63.599998,1388900,54.430541
2002-03-28,63.919998,64.910004,62.950001,63.849998,1734900,54.644498
2002-03-27,62.75,63.919998,62.52,63.919998,1968400,54.704405
2002-03-26,60.57,63.029999,60.57,62.75,2962800,53.70309
2002-03-25,63.25,63.549999,60.34,60.540001,2874000,51.811715
2002-03-22,62.27,63.799999,61.810001,63.369999,2243500,54.233702
2002-03-21,62.150002,62.369999,60.75,62.27,1871100,53.292294
2002-03-20,63.299999,63.490002,62.00,62.150002,2061200,53.189596
2002-03-19,62.799999,64.099998,62.650002,63.810001,2997900,54.610267
2002-03-18,62.060001,63.299999,61.75,62.48,2696100,53.472017
2002-03-15,60.00,62.150002,59.98,62.049999,2054600,53.104011
2002-03-14,59.700001,60.25,59.189999,59.77,2615500,51.152729
2002-03-13,60.400002,60.599998,59.400002,59.599998,3936400,51.007237
2002-03-12,59.900002,61.650002,59.799999,61.040001,4910300,52.239628
2002-03-11,58.799999,61.400002,58.799999,60.869999,5468000,52.094136
2002-03-08,60.00,60.200001,57.82,58.459999,5095100,50.031595
2002-03-07,58.200001,58.450001,57.599998,58.189999,4739000,49.800522
2002-03-06,55.849998,57.450001,55.77,57.099998,3472800,48.867671
2002-03-05,54.599998,57.700001,54.509998,56.200001,6296800,48.09743
2002-03-04,52.50,55.43,52.450001,55.200001,5637900,47.241604
2002-03-01,49.450001,51.00,48.849998,50.59,2170800,43.296245
2002-02-28,49.099998,50.299999,49.040001,49.27,3114700,42.166554
2002-02-27,48.25,49.900002,48.099998,48.900002,3261400,41.8499
2002-02-26,46.900002,47.650002,45.75,47.380001,2458300,40.549043
2002-02-25,44.150002,47.00,44.150002,47.00,2674100,40.223829
2002-02-22,45.049999,45.200001,43.189999,44.09,3494400,37.733375
2002-02-21,46.450001,46.790001,44.540001,44.900002,2645600,38.426595
2002-02-20,45.599998,46.84,44.50,46.709999,2183600,39.975638
2002-02-19,45.349998,46.349998,45.009998,45.380001,2430900,38.837391
2002-02-15,47.900002,47.900002,45.360001,45.990002,4105600,39.359446
2002-02-14,48.25,49.130001,47.25,47.459999,2994500,40.617508
2002-02-13,48.299999,49.200001,48.25,48.75,2658600,41.721524
2002-02-12,46.75,48.34,46.50,47.599998,4064300,40.737323
2002-02-11,46.75,46.759998,45.049999,45.68,5094500,39.094138
2002-02-08,46.16,47.82,46.16,47.52,3133400,40.668859
2002-02-07,43.950001,47.75,43.50,46.16,4802100,39.504934
2002-02-06,44.900002,45.00,43.009998,44.419998,4791500,38.015796
2002-02-05,45.599998,46.009998,43.700001,44.549999,4410700,38.103947
2002-02-04,47.450001,47.459999,45.049999,45.560001,4832500,38.967809
2002-02-01,49.349998,49.400002,47.259998,48.41,5172500,41.405434
2002-01-31,48.02,50.169998,47.869999,50.169998,3481200,42.910774
2002-01-30,47.50,49.080002,44.860001,47.900002,8720300,40.969229
2002-01-29,51.259998,51.259998,46.75,47.110001,6817300,40.293535
2002-01-28,51.580002,52.150002,50.549999,51.259998,4242200,43.843059
2002-01-25,52.650002,53.43,52.650002,53.25,1577400,45.545122
2002-01-24,52.049999,53.50,52.049999,52.700001,2287900,45.074704
2002-01-23,53.16,53.490002,52.00,52.00,2612800,44.475988
2002-01-22,54.00,54.48,53.099998,53.16,2323000,45.468144
2002-01-18,54.75,55.349998,54.50,54.84,2509500,46.905061
2002-01-17,54.75,55.900002,54.349998,55.400002,2818000,47.384035
2002-01-16,53.599998,55.50,52.860001,54.360001,4675500,46.494514
2002-01-15,52.400002,54.490002,52.25,53.549999,2831500,45.801714
2002-01-14,52.220001,53.00,51.900002,52.299999,1801000,44.732579
2002-01-11,53.400002,53.41,52.200001,52.419998,2088100,44.835215
2002-01-10,54.150002,54.950001,53.00,53.450001,2632200,45.716184
2002-01-09,54.650002,54.860001,53.799999,54.200001,2122000,46.357665
2002-01-08,55.299999,55.299999,53.810001,54.41,3797500,46.537279
2002-01-07,56.00,57.799999,55.150002,55.299999,3080400,47.298502
2002-01-04,55.00,57.049999,54.75,56.900002,3416400,48.666996
2002-01-03,53.23,53.98,52.700001,53.360001,1944000,45.639207
2002-01-02,54.150002,54.150002,52.200001,53.119999,1951800,45.433931
2001-12-31,54.73,55.200001,53.880001,53.950001,1836400,46.143838
2001-12-28,52.799999,55.060001,52.799999,54.73,2214200,46.810977
2001-12-27,51.299999,53.290001,51.299999,52.799999,1255400,45.160233
2001-12-26,50.349998,51.709999,50.25,51.34,1385600,43.911485
2001-12-24,50.400002,50.82,50.299999,50.380001,376900,43.090391
2001-12-21,51.549999,51.549999,50.220001,50.349998,2123300,43.064729
2001-12-20,51.709999,52.50,51.119999,51.299999,2348000,43.877272
2001-12-19,50.09,52.200001,49.900002,51.700001,2115800,44.219396
2001-12-18,49.630001,50.700001,49.48,50.080002,1829700,42.833799
2001-12-17,48.00,49.830002,47.900002,48.950001,1462000,41.867301
2001-12-14,48.400002,49.00,46.50,47.889999,2486900,40.960674
2001-12-13,49.099998,49.880001,48.25,48.299999,2299800,41.31135
2001-12-12,50.450001,50.549999,48.50,49.529999,3516000,42.363377
2001-12-11,51.00,52.25,50.700001,51.080002,2622100,43.689107
2001-12-10,51.50,51.939999,50.00,50.099998,1808100,42.850902
2001-12-07,52.50,52.849998,51.450001,52.07,2311000,44.535859
2001-12-06,51.50,53.900002,51.450001,53.509998,2081000,45.767501
2001-12-05,50.049999,52.50,50.049999,51.349998,1798000,43.920037
2001-12-04,49.25,50.25,48.740002,50.150002,2823100,42.89367
2001-12-03,49.400002,49.41,48.200001,48.549999,2979700,41.525177
2001-11-30,50.200001,51.200001,50.00,50.029999,3406700,42.791031
2001-11-29,52.040001,52.50,51.50,51.50,2321600,44.048334
2001-11-28,54.200001,54.209999,52.00,52.040001,1778000,44.510201
2001-11-27,52.810001,55.00,52.810001,54.450001,2820900,46.571492
2001-11-26,52.549999,53.200001,51.75,53.060001,1562200,45.382615
2001-11-23,50.41,52.119999,50.349998,52.040001,1016500,44.510201
2001-11-21,51.130001,51.50,49.66,50.400002,2665100,43.107497
2001-11-20,51.860001,51.860001,50.799999,51.119999,2396900,43.723316
2001-11-19,51.900002,53.119999,50.779999,51.849998,2905500,44.34769
2001-11-16,53.02,53.650002,51.099998,51.900002,4056200,44.390458
2001-11-15,53.450001,55.599998,53.200001,54.630001,3194500,46.725447
2001-11-14,54.200001,54.599998,53.630001,54.50,3344000,46.614257
2001-11-13,52.599998,54.240002,51.900002,53.880001,3612200,46.083967
2001-11-12,50.66,52.00,49.150002,51.799999,2893700,44.304926
2001-11-09,50.00,51.299999,48.810001,50.650002,2696700,43.321324
2001-11-08,50.00,54.00,49.66,50.00,4889500,42.765373
2001-11-07,47.00,50.009998,46.75,49.759998,4651500,42.560098
2001-11-06,44.950001,47.599998,44.50,47.130001,3503500,40.310641
2001-11-05,44.009998,45.200001,44.009998,44.75,1725200,38.275009
2001-11-02,43.400002,44.540001,42.639999,44.040001,3302100,37.644649
2001-11-01,41.799999,44.200001,41.25,43.450001,5986100,37.140327
2001-10-31,43.599998,43.799999,41.00,41.310001,5972100,35.311092
2001-10-30,44.400002,44.490002,43.00,43.560001,2939600,37.234354
2001-10-29,45.599998,45.610001,44.50,44.509998,4057100,38.046395
2001-10-26,44.810001,46.68,44.419998,46.119999,3480200,39.422596
2001-10-25,45.75,46.349998,43.00,44.810001,6485600,38.302833
2001-10-24,47.610001,47.75,45.299999,45.849998,5314500,39.191805
2001-10-23,47.66,48.380001,47.099998,47.599998,2988400,40.687675
2001-10-22,47.799999,49.049999,46.759998,47.650002,4494800,40.730417
2001-10-19,47.75,48.23,45.50,47.669998,7443300,40.74751
2001-10-18,48.349998,49.349998,47.720001,48.650002,3286700,41.5852
2001-10-17,49.00,49.00,47.830002,47.889999,9372400,40.935563
2001-10-16,42.75,45.00,42.380001,43.130001,3909400,36.866797
2001-10-15,44.799999,44.849998,42.060001,42.50,5069400,36.328283
2001-10-12,47.700001,47.700001,42.549999,44.799999,7981100,38.294283
2001-10-11,48.799999,50.25,46.900002,47.700001,3238400,40.773155
2001-10-10,45.970001,48.299999,45.50,47.970001,1779200,41.003947
2001-10-09,45.849998,46.799999,45.389999,45.860001,1549600,39.200354
2001-10-08,47.009998,47.009998,45.00,45.389999,1455000,38.798605
2001-10-05,47.50,47.900002,45.869999,47.00,2111500,40.174807
2001-10-04,49.099998,49.759998,47.799999,48.049999,1901600,41.072328
2001-10-03,46.73,48.68,46.150002,48.509998,2024000,41.465528
2001-10-02,46.75,47.419998,46.00,47.02,2058800,40.191903
2001-10-01,46.25,47.25,45.869999,46.549999,2012700,39.790153
2001-09-28,44.599998,46.549999,44.119999,46.029999,2851700,39.345666
2001-09-27,44.00,44.529999,42.50,43.720001,2139200,37.371119
2001-09-26,44.00,44.580002,42.900002,43.77,2715600,37.413857
2001-09-25,43.200001,44.599998,41.91,42.799999,3087700,36.584717
2001-09-24,43.50,44.200001,42.50,43.049999,4101500,36.798413
2001-09-21,38.549999,40.00,36.400002,40.00,5172000,34.191325
2001-09-20,40.080002,40.25,38.150002,39.950001,2922100,34.148586
2001-09-19,42.099998,42.950001,37.57,40.080002,3561000,34.259709
2001-09-18,45.459999,45.50,41.650002,41.959999,3054200,35.866699
2001-09-17,45.00,46.75,43.50,44.919998,3914400,38.396856
2001-09-10,48.099998,51.299999,48.099998,50.369999,3408700,43.055425
2001-09-07,48.599998,49.849998,48.049999,48.50,4141400,41.456981
2001-09-06,52.099998,52.099998,49.700001,50.240002,3108300,42.944305
2001-09-05,52.950001,53.200001,50.75,52.48,3970000,44.859018
2001-09-04,53.50,54.57,51.25,52.759998,6321700,45.098356
2001-08-31,55.25,56.200001,54.700001,55.610001,1915100,47.53449
2001-08-30,55.900002,56.299999,54.349998,55.240002,3013400,47.218221
2001-08-29,57.400002,57.75,56.080002,56.68,1790300,48.449107
2001-08-28,58.950001,59.049999,56.669998,57.400002,1986900,49.064552
2001-08-27,59.200001,59.200001,58.279999,58.779999,1694000,50.244151
2001-08-24,60.360001,60.490002,57.700001,59.150002,3016700,50.560423
2001-08-23,60.25,60.799999,59.799999,60.209999,1001500,51.466491
2001-08-22,59.900002,60.650002,58.619999,60.25,2566300,51.500683
2001-08-21,62.02,62.490002,59.330002,59.369999,1536000,50.748473
2001-08-20,61.150002,62.209999,61.02,61.84,802800,52.859788
2001-08-17,61.799999,61.810001,60.25,61.009998,1274000,52.150317
2001-08-16,63.369999,63.369999,61.200001,62.00,1343700,52.996553
2001-08-15,64.120003,64.669998,63.049999,63.610001,961400,54.372755
2001-08-14,63.00,64.400002,63.00,64.120003,1192700,54.808696
2001-08-13,62.349998,63.169998,61.029999,62.889999,1281200,53.75731
2001-08-10,62.220001,62.439999,60.799999,62.02,1180800,53.013649
2001-08-09,62.529999,62.540001,60.619999,62.220001,1858400,53.184607
2001-08-08,64.199997,64.199997,62.240002,62.529999,1606600,53.449587
2001-08-07,64.900002,65.900002,64.220001,64.300003,871300,54.962557
2001-08-06,65.900002,66.650002,64.790001,64.949997,657200,55.518161
2001-08-03,65.900002,65.900002,64.809998,65.690002,659800,56.127624
2001-08-02,66.300003,66.730003,65.650002,65.900002,1151700,56.307054
2001-08-01,64.25,66.739998,64.00,65.669998,1059800,56.110531
2001-07-31,63.169998,65.599998,63.169998,64.269997,1488700,54.914326
2001-07-30,64.360001,64.75,62.50,63.169998,958500,53.974452
2001-07-27,62.400002,64.650002,62.400002,64.360001,918800,54.991228
2001-07-26,62.25,63.130001,61.50,62.700001,1426000,53.572871
2001-07-25,63.549999,63.549999,61.299999,62.25,1166100,53.188376
2001-07-24,63.540001,64.470001,61.790001,62.240002,1517100,53.179833
2001-07-23,63.599998,64.300003,63.330002,63.529999,1429400,54.282048
2001-07-20,63.75,63.799999,62.450001,63.43,2104700,54.196606
2001-07-19,65.599998,65.699997,62.119999,63.290001,3419400,54.076986
2001-07-18,65.699997,67.019997,64.68,65.480003,3023600,55.948194
2001-07-17,64.400002,67.25,64.400002,67.010002,2099600,57.255473
2001-07-16,65.610001,66.400002,64.120003,64.720001,1702300,55.298824
2001-07-13,63.099998,65.900002,62.849998,65.610001,2919100,56.059268
2001-07-12,61.25,63.299999,60.75,63.139999,2844400,53.94882
2001-07-11,58.900002,59.150002,57.330002,58.939999,1879300,50.360206
2001-07-10,59.599998,59.98,58.599998,59.00,1888000,50.411473
2001-07-09,60.25,60.299999,58.66,59.259998,1983900,50.633624
2001-07-06,62.00,62.049999,59.759998,60.119999,1359000,51.368436
2001-07-05,61.029999,62.150002,60.709999,62.00,2139600,52.974768
2001-07-03,60.950001,61.360001,60.68,61.029999,924500,52.145969
2001-07-02,60.599998,61.450001,60.200001,60.98,1583900,52.103248
2001-06-29,60.200001,61.41,59.799999,60.150002,2181100,51.394071
2001-06-28,58.349998,61.450001,58.349998,60.50,3213100,51.693121
2001-06-27,60.00,61.040001,58.00,58.00,3817100,49.557041
2001-06-26,58.599998,59.75,58.599998,59.549999,1814000,50.88141
2001-06-25,62.029999,62.119999,59.599998,60.41,1263300,51.616222
2001-06-22,63.139999,63.139999,61.349998,61.93,1206300,52.914958
2001-06-21,60.900002,63.400002,60.650002,62.900002,2301000,53.743758
2001-06-20,60.299999,61.50,60.00,60.509998,2012600,51.701664
2001-06-19,60.299999,60.790001,59.599998,60.119999,1622900,51.368436
2001-06-18,60.00,60.099998,58.50,59.23,1981900,50.607992
2001-06-15,59.00,61.380001,59.00,60.25,2943100,51.479513
2001-06-14,62.200001,62.360001,59.799999,60.50,2754900,51.693121
2001-06-13,64.889999,65.449997,63.34,63.610001,1659000,54.350404
2001-06-12,64.220001,65.599998,63.279999,65.489998,1504100,55.956733
2001-06-11,65.849998,66.970001,65.010002,65.519997,1186500,55.982365
2001-06-08,65.980003,66.239998,65.449997,65.849998,585200,56.264329
2001-06-07,66.099998,66.110001,65.120003,66.110001,1129000,56.486483
2001-06-06,68.349998,68.360001,66.160004,66.25,1417500,56.606103
2001-06-05,67.400002,69.00,67.309998,69.00,1099800,58.955791
2001-06-04,66.800003,67.50,66.019997,67.50,930400,57.674143
2001-06-01,65.800003,67.050003,64.699997,67.050003,1205400,57.289651
2001-05-31,66.400002,66.440002,64.940002,65.110001,1075300,55.632052
2001-05-30,66.449997,67.339996,65.00,65.639999,1392500,56.084899
2001-05-29,68.199997,68.300003,66.339996,66.599998,1034300,56.905153
2001-05-25,66.849998,67.839996,66.849998,67.230003,785100,57.443449
2001-05-24,69.300003,69.699997,67.550003,68.010002,1680800,58.109905
2001-05-23,71.709999,71.769997,69.150002,69.50,3719200,59.383007
2001-05-22,70.00,72.580002,69.75,72.059998,3476300,61.57035
2001-05-21,66.400002,69.00,65.970001,68.970001,1119700,58.930159
2001-05-18,66.669998,67.00,65.400002,66.57,826400,56.879521
2001-05-17,66.419998,67.25,66.120003,66.769997,2108700,57.050405
2001-05-16,63.700001,66.800003,63.209999,66.599998,1849400,56.905153
2001-05-15,63.400002,64.550003,62.43,64.330002,1406600,54.965596
2001-05-14,63.830002,64.459999,62.900002,63.240002,907400,54.034265
2001-05-11,63.799999,64.900002,63.490002,63.98,1575200,54.666543
2001-05-10,64.50,65.050003,63.599998,63.799999,1259200,54.512745
2001-05-09,63.299999,63.75,62.799999,63.75,1809400,54.470024
2001-05-08,64.50,64.870003,64.019997,64.199997,1582800,54.854516
2001-05-07,65.18,65.540001,64.800003,65.25,1284400,55.751672
2001-05-04,62.450001,65.599998,61.650002,65.110001,1906600,55.608984
2001-05-03,64.199997,64.900002,63.00,63.419998,1273500,54.165591
2001-05-02,63.869999,64.889999,63.50,64.440002,771200,55.036754
2001-05-01,62.610001,63.939999,62.049999,63.869999,886700,54.549926
2001-04-30,64.099998,64.949997,62.52,62.860001,995300,53.68731
2001-04-27,63.700001,64.199997,63.200001,63.990002,853400,54.652418
2001-04-26,61.900002,63.50,61.700001,62.77,1020100,53.610442
2001-04-25,61.400002,62.200001,60.529999,61.959999,1295000,52.918639
2001-04-24,62.299999,62.849998,60.900002,61.400002,1171100,52.440357
2001-04-23,63.00,63.200001,61.810001,62.360001,1223100,53.260271
2001-04-20,62.400002,63.369999,62.299999,62.900002,2039000,53.721473
2001-04-19,64.50,65.559998,62.509998,63.77,3129500,54.46452
2001-04-18,60.650002,66.349998,60.610001,66.00,3652300,56.369112
2001-04-17,59.049999,60.900002,58.389999,58.389999,1649000,49.869582
2001-04-16,59.950001,60.700001,58.599998,59.049999,1098700,50.433273
2001-04-12,59.400002,60.50,59.049999,59.75,1873600,51.031128
2001-04-11,61.400002,61.490002,59.650002,60.130001,3316600,51.355678
2001-04-10,55.849998,58.900002,55.59,58.200001,2268300,49.707309
2001-04-09,53.790001,55.299999,53.790001,55.00,1536100,46.97426
2001-04-06,54.25,55.470001,53.59,53.779999,1181700,45.932285
2001-04-05,53.450001,55.290001,53.310001,55.060001,1326100,47.025506
2001-04-04,53.849998,54.330002,51.610001,52.349998,1308100,44.710954
2001-04-03,55.75,56.200001,53.84,53.849998,1794600,45.99207
2001-04-02,53.599998,56.52,52.900002,56.150002,2701800,47.956451
2001-03-30,53.599998,55.50,53.34,55.50,2463400,47.401299
2001-03-29,54.549999,55.099998,52.099998,53.00,3012000,45.266105
2001-03-28,53.299999,55.50,53.00,54.950001,2250300,46.931557
2001-03-27,51.200001,54.849998,50.549999,54.48,2060000,46.53014
2001-03-26,51.799999,53.09,50.459999,51.209999,1224000,43.737306
2001-03-23,48.25,51.50,48.00,51.040001,1687000,43.592114
2001-03-22,48.450001,49.00,46.900002,47.84,3464000,40.859066
2001-03-21,51.049999,52.09,49.200001,49.200001,2684500,42.020612
2001-03-20,54.00,54.549999,51.650002,51.700001,1634500,44.155805
2001-03-19,54.630001,55.16,52.299999,53.939999,1508200,46.068937
2001-03-16,54.119999,55.029999,53.400002,54.380001,1685300,46.444733
2001-03-15,54.450001,55.400002,54.049999,54.119999,1916400,46.222671
2001-03-14,53.099998,54.599998,51.849998,53.50,1570600,45.693144
2001-03-13,53.599998,55.50,52.75,55.290001,1581800,47.221943
2001-03-12,55.900002,55.900002,52.00,52.139999,1690900,44.531598
2001-03-09,57.459999,57.50,55.599998,56.66,950500,48.392029
2001-03-08,57.349998,57.91,56.950001,57.459999,877700,49.07529
2001-03-07,57.50,57.939999,56.00,57.02,1496400,48.699497
2001-03-06,57.009998,59.099998,56.52,57.25,783100,48.895934
2001-03-05,58.75,58.799999,56.150002,56.759998,1251300,48.477435
2001-03-02,55.799999,58.00,55.349998,57.25,1065400,48.895934
2001-03-01,55.799999,55.849998,54.380001,55.799999,1200700,47.657522
2001-02-28,58.139999,58.150002,54.099998,55.25,1607400,47.18778
2001-02-27,55.400002,58.299999,54.189999,57.889999,2367500,49.442544
2001-02-26,56.48,56.82,54.09,55.50,1928700,47.401299
2001-02-23,54.799999,56.490002,53.189999,56.150002,1888600,47.956451
2001-02-22,55.849998,55.849998,50.599998,54.869999,2991100,46.863229
2001-02-21,57.849998,57.860001,55.400002,55.849998,2049900,47.700225
2001-02-20,59.849998,60.709999,57.549999,57.900002,1639100,49.451086
2001-02-16,61.02,61.970001,60.400002,60.50,1276500,51.671686
2001-02-15,60.349998,61.349998,58.310001,61.02,2432700,52.115807
2001-02-14,62.509998,62.75,60.00,60.099998,1335400,51.330054
2001-02-13,63.849998,64.300003,62.50,62.50,792700,53.379841
2001-02-12,62.00,63.75,62.00,63.75,1054400,54.447438
2001-02-09,61.66,63.299999,61.349998,62.240002,775900,53.157782
2001-02-08,61.549999,63.349998,61.549999,61.709999,1192300,52.705119
2001-02-07,61.860001,63.669998,61.52,61.52,953000,52.542846
2001-02-06,61.720001,62.549999,60.560001,61.860001,1264800,52.833232
2001-02-05,61.759998,62.00,61.049999,61.75,876000,52.716224
2001-02-02,62.700001,63.990002,61.560001,61.830002,1098900,52.784522
2001-02-01,63.099998,63.099998,62.00,62.529999,1502500,53.382112
2001-01-31,64.50,64.50,62.029999,63.02,2136000,53.800429
2001-01-30,67.25,67.400002,65.00,65.00,3184500,55.490762
2001-01-29,65.620003,67.970001,65.599998,67.25,1592800,57.411596
2001-01-26,64.4375,65.6875,63.3125,65.625,893100,56.024327
2001-01-25,65.3125,65.50,63.875,64.4375,1081000,55.010554
2001-01-24,63.375,65.6875,62.9375,65.5625,1605100,55.970971
2001-01-23,62.625,63.6875,62.4375,63.00,1393400,53.783354
2001-01-22,61.00,63.4375,60.5625,62.375,2856200,53.249789
2001-01-19,61.75,62.25,60.3125,61.4375,3853800,52.449442
2001-01-18,65.1875,66.50,62.0625,63.50,3926300,54.210206
2001-01-17,66.00,67.9375,65.625,66.125,2501700,56.451179
2001-01-16,64.25,66.125,63.50,64.6875,1252200,55.22398
2001-01-12,63.75,65.00,62.9375,63.5625,927100,54.263563
2001-01-11,62.9375,66.3125,62.9375,63.625,1208000,54.316919
2001-01-10,60.50,63.00,60.1875,62.9375,1109300,53.729998
2001-01-09,63.1875,63.8125,60.3125,60.75,1276400,51.86252
2001-01-08,64.50,64.9375,62.00,62.6875,1577900,53.516572
2001-01-05,61.625,64.9375,61.625,64.50,2022300,55.06391
2001-01-04,66.25,70.4375,65.8125,67.00,3103600,57.19817
2001-01-03,61.25,68.75,60.50,67.00,1958300,57.19817
2001-01-02,64.625,64.625,61.0625,61.9375,1245400,52.876294
2000-12-29,67.25,68.00,65.6875,65.8125,776000,56.184397
2000-12-28,63.5625,66.4375,63.4375,65.5625,874100,55.970971
2000-12-27,63.25,64.25,62.25,63.3125,1297900,54.050137
2000-12-26,61.75,63.00,61.25,63.00,539900,53.783354
2000-12-22,60.125,61.9375,60.00,61.6875,1065600,52.662868
2000-12-21,59.125,60.125,57.6875,59.375,1200500,50.688677
2000-12-20,58.00,59.1875,56.875,58.8125,1289800,50.208469
2000-12-19,60.3125,61.5625,58.375,58.625,1354400,50.048399
2000-12-18,59.25,61.4375,59.00,60.5625,1548300,51.702451
2000-12-15,57.9375,58.50,56.75,57.75,1893200,49.301408
2000-12-14,58.125,58.6875,56.50,57.9375,1711000,49.461478
2000-12-13,60.25,60.625,58.0625,58.0625,1085200,49.568191
2000-12-12,60.625,60.6875,59.00,59.625,857200,50.902103
2000-12-11,59.4375,61.4375,59.0625,60.625,846800,51.755807
2000-12-08,59.8125,60.1875,58.8125,59.375,1330100,50.688677
2000-12-07,58.00,59.75,57.50,58.00,1553400,49.514834
2000-12-06,58.50,62.375,57.875,58.3125,2304800,49.781617
2000-12-05,54.9375,59.8125,54.3125,59.1875,2366000,50.528608
2000-12-04,54.75,55.0625,52.9375,54.125,2186200,46.206731
2000-12-01,56.0625,57.875,56.00,56.875,1701800,48.554417
2000-11-30,55.5625,57.25,54.0625,55.8125,2596500,47.647356
2000-11-29,53.625,56.625,53.50,56.375,1779400,48.127565
2000-11-28,54.00,54.875,53.0625,53.375,1728200,45.566453
2000-11-27,52.00,54.625,51.8125,53.9375,2096100,46.046661
2000-11-24,48.50,49.8125,48.50,49.625,517300,42.365063
2000-11-22,51.50,51.50,48.375,48.4375,1790800,41.351289
2000-11-21,48.50,51.4375,46.5625,49.75,3667300,42.471776
2000-11-20,52.00,52.0625,45.875,49.5625,3787900,42.311706
2000-11-17,53.875,55.375,51.875,52.50,2747500,44.819462
2000-11-16,56.50,57.6875,55.3125,55.3125,1425600,47.220504
2000-11-15,57.0625,59.375,56.1875,57.125,1812100,48.767843
2000-11-14,57.9375,59.4375,56.0625,57.875,1693200,49.408121
2000-11-13,58.625,59.75,54.0625,56.50,2427200,48.234278
2000-11-10,61.75,61.75,58.625,59.1875,1032200,50.528608
2000-11-09,62.50,64.8125,61.00,62.00,1461800,52.92965
2000-11-08,64.3125,64.375,62.3125,63.9375,860500,54.583702
2000-11-07,64.00,65.75,63.5625,64.3125,976700,54.903841
2000-11-06,61.50,64.375,60.1875,64.00,924500,54.637058
2000-11-03,63.00,63.00,60.4375,61.4375,638900,52.42639
2000-11-02,61.9375,63.3125,61.375,63.00,808400,53.759716
2000-11-01,62.75,62.75,60.75,61.8125,860700,52.746388
2000-10-31,61.75,63.50,59.875,63.125,1237600,53.866382
2000-10-30,60.6875,63.625,60.375,62.3125,1022600,53.173052
2000-10-27,58.875,61.375,56.50,60.5625,2582600,51.679727
2000-10-26,58.375,58.875,51.8125,58.875,5543900,50.239735
2000-10-25,62.00,62.00,58.25,60.25,2658600,51.413062
2000-10-24,66.25,68.375,64.125,64.25,1976800,54.826377
2000-10-23,67.50,67.5625,63.8125,65.75,1628600,56.10637
2000-10-20,68.25,68.625,67.5625,68.375,1428500,58.346358
2000-10-19,68.625,70.4375,68.125,68.75,1494000,58.666357
2000-10-18,62.5625,68.50,62.5625,67.3125,1355700,57.439696
2000-10-17,70.25,70.75,65.25,66.0625,1523200,56.373035
2000-10-16,68.50,70.6875,68.375,69.75,1345100,59.519685
2000-10-13,61.75,67.875,61.125,67.75,1199500,57.813028
2000-10-12,66.25,67.00,61.4375,61.875,2309700,52.799721
2000-10-11,63.00,65.6875,62.125,65.375,2046200,55.786372
2000-10-10,66.625,66.75,62.75,63.625,1881200,54.293046
2000-10-09,66.3125,67.0625,65.1875,66.6875,1224900,56.906366
2000-10-06,69.875,69.875,64.0625,66.3125,2270400,56.586368
2000-10-05,71.25,73.1875,71.25,71.75,1291300,61.226343
2000-10-04,70.25,72.625,69.875,71.25,1291600,60.799679
2000-10-03,71.375,73.25,70.00,71.00,1763400,60.586347
2000-10-02,69.875,70.875,68.0625,70.50,835000,60.159682
2000-09-29,71.1875,71.3125,69.5625,70.0625,1237600,59.786351
2000-09-28,69.3125,71.75,69.0625,71.4375,1127200,60.959678
2000-09-27,67.125,69.0625,67.00,68.5625,978200,58.506357
2000-09-26,70.00,70.625,66.4375,66.84375,1514400,57.039699
2000-09-25,67.00,69.50,66.50,68.6875,2364600,58.613024
2000-09-22,63.5625,65.50,62.8125,65.50,1567800,55.893038
2000-09-21,62.25,63.8125,61.125,63.8125,1127900,54.453046
2000-09-20,62.8125,63.00,60.75,62.50,752400,53.333052
2000-09-19,61.875,63.9375,61.50,62.8125,1206000,53.599717
2000-09-18,64.50,64.6875,61.625,61.625,1583300,52.586389
2000-09-15,64.375,66.00,63.8125,64.00,1349700,54.613045
2000-09-14,66.125,66.5625,64.125,64.375,1191200,54.933043
2000-09-13,65.25,66.6875,65.125,66.00,1431300,56.319702
2000-09-12,65.25,65.875,64.5625,65.75,1147100,56.10637
2000-09-11,65.4375,66.125,64.8125,65.6875,1561500,56.053037
2000-09-08,64.4375,65.875,63.6875,65.15625,1156300,55.599706
2000-09-07,62.50,65.00,61.875,64.00,1982600,54.613045
2000-09-06,62.125,63.50,61.75,62.5625,1383200,53.386385
2000-09-05,60.125,62.4375,60.125,61.125,1144300,52.159724
2000-09-01,61.5625,61.5625,59.625,60.125,709600,51.306396
2000-08-31,59.6875,61.625,59.6875,60.328121,861200,51.479725
2000-08-30,59.75,60.5625,59.1875,59.6875,502700,50.933064
2000-08-29,60.0625,60.50,58.625,60.125,831800,51.306396
2000-08-28,58.3125,60.625,58.25,59.8125,1158000,51.03973
2000-08-25,58.625,58.875,58.0625,58.25,412700,49.706404
2000-08-24,58.00,59.125,57.9375,59.125,828900,50.453067
2000-08-23,58.1875,58.6875,57.3125,58.0625,811800,49.546405
2000-08-22,57.00,58.6875,56.875,58.0625,1016700,49.546405
2000-08-21,55.125,56.8125,54.875,56.50,810100,48.213079
2000-08-18,55.3125,55.375,54.5625,54.9375,484000,46.879752
2000-08-17,55.00,55.75,54.6875,55.46875,524900,47.333083
2000-08-16,55.00,55.5625,54.875,55.0625,732100,46.986418
2000-08-15,57.1875,57.25,54.375,54.625,796900,46.613087
2000-08-14,56.75,57.6875,56.00,57.4375,497800,49.013074
2000-08-11,55.875,57.00,55.00,56.6875,584600,48.373078
2000-08-10,56.4375,57.00,55.50,55.875,351100,47.679748
2000-08-09,57.6875,57.6875,55.625,56.4375,1127300,48.159746
2000-08-08,58.3125,59.25,57.5625,57.75,966800,49.27974
2000-08-07,58.625,58.6875,57.375,58.375,1064300,49.81307
2000-08-04,56.375,58.9375,56.1875,58.875,2039300,50.216696
2000-08-03,55.50,56.875,54.3125,56.375,1518900,48.084353
2000-08-02,57.5625,57.75,54.625,55.5625,1176700,47.391341
2000-08-01,58.00,58.00,55.75,57.5625,2210500,49.097216
2000-07-31,57.00,59.25,56.9375,58.59375,1475100,49.976808
2000-07-28,56.625,56.8125,55.375,56.8125,1465000,48.457513
2000-07-27,53.375,57.125,53.25,56.5625,1120100,48.244278
2000-07-26,54.4375,54.625,52.6875,53.25,1048100,45.418923
2000-07-25,53.9375,54.4375,53.3125,54.3125,645900,46.325169
2000-07-24,56.625,57.50,53.25,53.9375,1593100,46.005317
2000-07-21,55.75,56.375,55.375,55.8125,1204000,47.604575
2000-07-20,53.25,56.00,52.9375,55.50,1457400,47.338032
2000-07-19,52.50,53.50,52.25,53.25,722000,45.418923
2000-07-18,50.75,52.9375,50.50,52.4375,751600,44.725911
2000-07-17,50.75,50.8125,49.8125,50.21875,635400,42.833456
2000-07-14,51.25,51.9375,50.5625,51.00,1026100,43.499813
2000-07-13,51.375,52.625,50.875,51.3125,1507700,43.766356
2000-07-12,49.50,50.125,49.1875,49.50,1025600,42.220407
2000-07-11,49.25,49.875,48.9375,49.4375,750300,42.167099
2000-07-10,49.00,49.8125,48.50,49.50,477600,42.220407
2000-07-07,48.00,50.4375,47.8125,49.25,973900,42.007173
2000-07-06,45.4375,48.00,45.25,48.00,900800,40.941001
2000-07-05,45.375,46.8125,44.9375,45.5625,652900,38.861966
2000-07-03,45.00,45.4375,44.625,45.375,263800,38.70204
2000-06-30,45.875,46.25,44.50,44.625,882300,38.062337
2000-06-29,45.75,46.25,44.875,46.00,1436400,39.235126
2000-06-28,46.375,47.1875,45.75,46.609379,996400,39.754888
2000-06-27,44.875,46.3125,44.6875,45.75,1100300,39.021892
2000-06-26,44.1875,45.125,43.875,44.50,790200,37.95572
2000-06-23,44.4375,44.9375,43.8125,43.9375,1015500,37.475942
2000-06-22,46.375,46.375,43.50,44.4375,1735700,37.902411
2000-06-21,45.25,46.5625,45.1875,46.25,1047200,39.44836
2000-06-20,47.75,48.50,46.25,47.00,1466600,40.088063
2000-06-19,48.375,48.875,47.125,47.625,1050400,40.621149
2000-06-16,50.25,50.25,46.50,48.50,1252200,41.36747
2000-06-15,52.25,52.25,49.5625,50.25,893800,42.86011
2000-06-14,50.875,53.75,50.875,52.84375,1155700,45.072417
2000-06-13,49.8125,50.625,49.6875,50.4375,474100,43.020036
2000-06-12,48.00,49.9375,47.875,49.75,912600,42.433642
2000-06-09,49.8125,50.625,48.375,48.6875,356100,41.527395
2000-06-08,50.25,50.25,48.875,49.4375,573500,42.167099
2000-06-07,49.6875,50.6875,49.625,50.3125,465000,42.913419
2000-06-06,50.50,50.50,49.4375,49.6875,1304300,42.380333
2000-06-05,50.375,50.6875,49.5625,50.375,1329000,42.966728
2000-06-02,50.375,52.375,50.3125,51.25,1517000,43.713048
2000-06-01,47.00,49.00,47.00,48.65625,2195100,41.500741
2000-05-31,46.75,47.4375,46.375,47.25,1799800,40.301298
2000-05-30,45.50,47.50,45.25,46.1875,1045900,39.395052
2000-05-26,45.00,45.625,44.8125,44.9375,635600,38.32888
2000-05-25,44.875,45.75,44.625,45.25,912200,38.595423
2000-05-24,45.4375,46.9375,44.50,44.875,966300,38.275571
2000-05-23,44.375,45.3125,44.00,44.8125,477100,38.222263
2000-05-22,44.125,44.1875,42.875,43.875,448600,37.422634
2000-05-19,44.875,45.0625,42.75,44.00,688900,37.529251
2000-05-18,44.00,46.00,43.9375,45.75,732500,39.021892
2000-05-17,44.375,44.625,43.6875,44.00,398700,37.529251
2000-05-16,45.75,46.3125,45.1875,45.50,702500,38.808657
2000-05-15,43.75,45.40625,43.375,44.71875,752100,38.1423
2000-05-12,44.00,44.8125,42.8125,43.625,743200,37.209399
2000-05-11,42.75,44.0625,42.125,43.375,894200,36.996165
2000-05-10,41.9375,42.25,41.00,41.0625,667300,35.023747
2000-05-09,42.4375,43.6875,41.3125,41.875,718400,35.716759
2000-05-08,39.50,43.125,39.375,42.125,1293300,35.929993
2000-05-05,40.625,40.625,39.6875,39.875,1329100,33.987853
2000-05-04,42.4375,42.4375,40.25,40.8125,1004200,34.78694
2000-05-03,45.125,45.125,42.125,42.4375,878200,36.172025
2000-05-02,44.8125,45.875,44.3125,45.375,647700,38.675833
2000-05-01,42.50,45.875,42.25,45.00,772400,38.356198
2000-04-28,44.50,44.9375,42.8125,43.75,1348100,37.290748
2000-04-27,47.1875,47.1875,45.25,46.125,1184100,39.315103
2000-04-26,49.00,49.25,47.6875,47.875,662600,40.806733
2000-04-25,47.1875,49.1875,46.50,48.875,980400,41.659093
2000-04-24,47.3125,48.875,46.4375,47.125,866700,40.167463
2000-04-20,45.50,47.4375,44.875,47.3125,651100,40.32728
2000-04-19,45.50,45.8125,44.875,45.50,622800,38.782378
2000-04-18,43.00,45.375,42.625,45.0625,1073600,38.40947
2000-04-17,42.6875,43.875,42.3125,43.00,1487300,36.651478
2000-04-14,44.1875,45.125,42.25,42.875,2165100,36.544933
2000-04-13,50.25,50.25,45.50,46.6875,1712800,39.794555
2000-04-12,49.00,53.00,48.875,50.25,2209200,42.831088
2000-04-11,48.625,49.875,48.5625,49.25,1010500,41.978728
2000-04-10,47.50,49.0625,47.1875,48.125,556300,41.019823
2000-04-07,47.50,47.6875,46.8125,47.25,532900,40.274008
2000-04-06,46.4375,48.0625,46.4375,46.875,821800,39.954373
2000-04-05,46.75,47.5625,46.25,46.3125,811700,39.47492
2000-04-04,49.00,49.375,44.125,46.5625,1281100,39.68801
2000-04-03,47.6875,49.6875,47.6875,49.00,1323700,41.765638
2000-03-31,46.4375,48.8125,45.6875,47.9375,973000,40.860005
2000-03-30,45.375,46.9375,45.125,46.375,932400,39.528193
2000-03-29,45.625,46.0625,44.00,45.25,799300,38.569288
2000-03-28,44.5625,46.375,44.4375,45.375,849000,38.675833
2000-03-27,45.0625,45.0625,43.3125,44.50,753100,37.930018
2000-03-24,46.00,46.8125,44.625,45.0625,855300,38.40947
2000-03-23,46.125,46.625,45.125,45.8125,1154500,39.04874
2000-03-22,44.1875,46.625,44.0625,46.25,1022200,39.421648
2000-03-21,41.75,44.4375,41.50,44.00,1541000,37.503838
2000-03-20,44.75,44.9375,41.25,41.5625,1647800,35.42621
2000-03-17,46.9375,48.375,45.75,45.8125,2357800,39.04874
2000-03-16,42.25,46.625,42.125,46.5625,3991800,39.68801
2000-03-15,38.125,41.75,37.8125,40.875,2730900,34.840213
2000-03-14,37.75,38.625,37.75,38.125,1104400,32.496223
2000-03-13,36.5625,37.75,36.25,37.75,1098000,32.176588
2000-03-10,36.00,36.9375,35.875,36.8125,870500,31.377501
2000-03-09,35.375,38.00,34.75,36.6875,1716000,31.270956
2000-03-08,34.4375,35.4375,33.875,35.1875,1093200,29.992416
2000-03-07,36.875,36.875,34.50,34.6875,1258900,29.566236
2000-03-06,38.125,39.00,36.75,37.0625,667000,31.590591
2000-03-03,38.50,39.3125,37.4375,37.9375,979700,32.336406
2000-03-02,37.75,38.1875,36.50,36.8125,1184200,31.377501
2000-03-01,36.875,38.1875,36.75,37.6875,1075000,32.123316
2000-02-29,38.00,38.125,36.375,36.8125,1971000,31.377501
2000-02-28,35.4375,38.1875,35.4375,37.875,2347300,32.283133
2000-02-25,34.6875,35.9375,34.3125,35.5625,1607900,30.312051
2000-02-24,33.25,34.9375,32.0625,34.625,2271300,29.512963
2000-02-23,35.00,35.00,32.75,33.0625,1563500,28.181151
2000-02-22,35.4375,36.00,32.8125,33.9375,1872400,28.926966
2000-02-18,36.00,36.1875,33.25,34.50,1183400,29.406418
2000-02-17,37.75,37.9375,36.625,36.75,1183700,31.324228
2000-02-16,38.25,39.1875,37.00,37.50,2593200,31.963498
2000-02-15,34.4375,37.3125,34.0625,37.0625,1852600,31.590591
2000-02-14,33.375,34.25,33.00,34.1875,1369200,29.140056
2000-02-11,33.50,34.0625,32.50,33.625,1962100,28.660603
2000-02-10,35.00,35.4375,33.00,33.50,2143700,28.554058
2000-02-09,37.00,37.0625,34.8125,35.00,1668300,29.832598
2000-02-08,38.375,38.75,36.9375,37.375,1017700,31.856953
2000-02-07,38.4375,39.3125,37.375,37.9375,910600,32.336406
2000-02-04,40.125,40.125,38.50,38.5625,611000,32.846118
2000-02-03,40.50,40.8125,38.625,39.125,865700,33.325235
2000-02-02,40.75,40.8125,39.25,39.8125,534400,33.910822
2000-02-01,41.50,41.5625,40.00,40.1875,628200,34.230233
2000-01-31,39.25,41.1875,39.1875,41.00,500800,34.922291
2000-01-28,41.25,41.25,39.8125,40.0625,539500,34.123763
2000-01-27,42.00,43.125,40.6875,41.50,1583200,35.348172
2000-01-26,40.125,42.625,40.125,41.9375,1009300,35.720819
2000-01-25,41.00,41.0625,40.00,40.0625,986100,34.123763
2000-01-24,41.3125,41.50,40.875,41.125,1058900,35.028761
2000-01-21,43.1875,43.25,40.8125,41.375,1324500,35.241702
2000-01-20,43.1875,43.50,42.00,42.375,1163600,36.093465
2000-01-19,43.75,43.8125,42.75,43.375,1942600,36.945228
2000-01-18,44.00,45.3125,42.00,42.50,2612600,36.199936
2000-01-14,46.1875,48.00,45.875,46.8125,1260600,39.873164
2000-01-13,44.375,45.4375,43.9375,45.1875,417700,38.489049
2000-01-12,43.50,44.50,43.375,44.0625,1151400,37.530816
2000-01-11,44.75,45.50,43.25,43.50,1511400,37.051699
2000-01-10,45.50,46.0625,44.875,44.9375,855800,38.276108
2000-01-07,44.25,46.1875,43.125,45.50,1206500,38.755225
2000-01-06,42.3125,44.4375,42.0625,44.25,2482300,37.690521
2000-01-05,43.3125,43.375,41.75,42.3125,1361900,36.04023
2000-01-04,45.25,45.3125,42.875,43.3125,1221700,36.891993
2000-01-03,48.125,48.1875,45.125,46.1875,886900,39.340812
1999-12-31,47.625,48.4375,47.5625,48.1875,296200,41.044339
1999-12-30,46.6875,48.00,46.6875,47.6875,298400,40.618457
1999-12-29,46.625,47.125,46.625,46.8125,320100,39.873164
1999-12-28,46.25,47.00,46.25,46.625,528400,39.713459
1999-12-27,46.00,47.375,46.00,46.25,977700,39.394047
1999-12-23,46.125,46.6875,45.875,46.125,471500,39.287577
1999-12-22,45.9375,46.25,45.6875,45.9375,415600,39.127871
1999-12-21,46.1875,46.6875,45.3125,46.125,826000,39.287577
1999-12-20,46.5625,47.4375,46.125,46.1875,463900,39.340812
1999-12-17,46.50,47.50,46.375,46.50,912600,39.606988
1999-12-16,46.6875,46.875,44.6875,46.4375,1128700,39.553753
1999-12-15,48.375,48.50,46.8125,46.9375,886500,39.979635
1999-12-14,49.75,50.00,47.6875,48.375,1569600,41.204044
1999-12-13,49.25,50.00,49.125,49.9375,729500,42.534924
1999-12-10,49.00,49.9375,48.375,49.4375,1413000,42.109043
1999-12-09,49.375,50.1875,46.9375,48.25,1351300,41.097574
1999-12-08,49.4375,49.8125,48.3125,48.50,564000,41.310515
1999-12-07,51.00,51.00,47.5625,49.1875,1297600,41.896102
1999-12-06,51.50,51.50,49.50,50.6875,1094200,43.173747
1999-12-03,49.75,50.9375,49.5625,50.75,1167600,43.226982
1999-12-02,45.75,48.125,45.75,47.9375,1079400,40.831398
1999-12-01,47.125,47.3125,45.9375,46.40625,1384700,39.527135
1999-11-30,45.625,47.50,45.3125,46.5625,1566700,39.660223
1999-11-29,47.0625,47.0625,45.4375,45.875,758800,39.074636
1999-11-26,46.8125,47.625,46.6875,47.3125,207100,40.299046
1999-11-24,46.875,47.25,46.3125,47.0625,317800,40.086105
1999-11-23,47.9375,48.00,46.50,47.25,673600,40.245811
1999-11-22,50.00,50.00,47.75,48.0625,683400,40.937868
1999-11-19,49.625,50.3125,49.0625,50.00,604100,42.588159
1999-11-18,50.00,50.25,48.6875,49.875,855700,42.481689
1999-11-17,51.625,51.625,49.1875,49.375,1016400,42.055807
1999-11-16,50.50,52.5625,50.50,51.8125,996800,44.13198
1999-11-15,50.625,51.00,49.375,50.1875,815200,42.724867
1999-11-12,46.875,51.0625,46.875,50.625,1298300,43.097313
1999-11-11,46.00,46.6875,45.50,45.75,2689400,38.947201
1999-11-10,49.0625,49.5625,45.50,45.50,1346200,38.734375
1999-11-09,50.75,51.1875,49.0625,49.4375,1022400,42.086388
1999-11-08,53.0625,53.125,49.50,49.9375,2952500,42.512041
1999-11-05,54.50,54.875,53.0625,53.125,2151800,45.225575
1999-11-04,50.75,52.1875,50.6875,51.6875,1028300,44.001825
1999-11-03,51.1875,51.9375,50.50,50.75,728100,43.203726
1999-11-02,50.00,52.9375,50.00,51.00,1329000,43.416552
1999-11-01,52.50,52.875,49.375,50.1875,1882000,42.724867
1999-10-29,51.4375,54.125,51.00,53.00,3043100,45.119162
1999-10-28,51.25,51.3125,49.125,50.50,4148200,42.9909
1999-10-27,43.75,46.4375,43.625,46.25,1472200,39.372854
1999-10-26,42.8125,43.9375,42.6875,43.00,947100,36.606113
1999-10-25,43.3125,43.3125,41.8125,42.5625,1115500,36.233667
1999-10-22,43.875,44.1875,42.5625,43.3125,1117000,36.872146
1999-10-21,40.1875,41.50,39.75,41.375,648100,35.222742
1999-10-20,39.6875,40.5625,39.50,40.1875,1040100,34.211818
1999-10-19,40.50,41.375,39.4375,39.50,1205000,33.626545
1999-10-18,37.5625,39.25,37.25,39.25,2085600,33.413719
1999-10-15,38.00,38.5625,35.875,36.00,2955200,30.646978
1999-10-14,41.00,41.125,39.00,39.25,3869600,33.413719
1999-10-13,44.25,45.50,41.8125,43.25,1222700,36.818939
1999-10-12,46.125,46.125,44.8125,45.00,513400,38.308723
1999-10-11,46.4375,47.25,45.6875,46.125,712500,39.266441
1999-10-08,45.00,48.00,43.875,46.4375,2477300,39.532474
1999-10-07,46.625,46.625,44.5625,45.25,1506300,38.521549
1999-10-06,42.125,45.3125,42.0625,44.8125,2512500,38.149103
1999-10-05,41.00,42.50,40.125,42.125,2044300,35.861221
1999-10-04,40.00,40.25,39.00,39.9375,935200,33.998991
1999-10-01,38.8125,39.1875,38.4375,38.5625,757900,32.828447
1999-09-30,39.6875,39.8125,38.4375,39.00,1240500,33.200893
1999-09-29,39.25,40.4375,38.8125,39.6875,691500,33.786165
1999-09-28,39.50,39.50,36.875,39.3125,1186800,33.466926
1999-09-27,41.00,41.0625,39.4375,39.50,875600,33.626545
1999-09-24,39.625,39.6875,38.375,39.625,1251800,33.732959
1999-09-23,40.125,40.75,39.50,39.50,1054600,33.626545
1999-09-22,39.00,39.9375,38.50,39.6875,869100,33.786165
1999-09-21,39.8125,39.8125,38.375,38.75,830400,32.988067
1999-09-20,40.625,40.625,39.1875,39.9375,955100,33.998991
1999-09-17,37.75,38.4375,37.75,38.3125,770900,32.615621
1999-09-16,38.9375,39.00,37.00,37.1875,885900,31.657903
1999-09-15,39.25,40.125,38.75,38.9375,713900,33.147686
1999-09-14,40.625,40.875,39.25,39.25,1120100,33.413719
1999-09-13,39.5625,40.9375,39.5625,40.375,910000,34.371437
1999-09-10,39.625,40.50,38.9375,39.6875,978800,33.786165
1999-09-09,37.8125,38.9375,37.25,38.875,974300,33.09448
1999-09-08,38.4375,39.25,37.625,38.00,1246600,32.349588
1999-09-07,40.6875,41.0625,38.25,38.6875,1050600,32.93486
1999-09-03,40.25,40.75,39.6875,40.75,1704100,34.690677
1999-09-02,35.875,38.00,35.8125,37.4375,1810900,31.870729
1999-09-01,38.00,38.125,36.25,36.8125,1423400,31.338663
1999-08-31,37.50,37.875,36.00,37.75,1787000,32.136762
1999-08-30,39.75,39.8125,36.25,36.8125,2291400,31.338663
1999-08-27,41.6875,41.875,39.375,39.50,1676900,33.626545
1999-08-26,43.4375,44.00,41.375,41.6875,1304400,35.488775
1999-08-25,44.125,44.25,42.3125,43.375,3915500,36.925352
1999-08-24,46.875,47.125,45.5625,46.6875,1259200,39.7453
1999-08-23,44.25,47.25,43.875,47.25,1576200,40.224159
1999-08-20,41.25,43.00,41.25,43.00,920700,36.606113
1999-08-19,41.625,41.625,41.00,41.3125,767900,35.169536
1999-08-18,43.375,43.4375,41.8125,41.875,750200,35.648395
1999-08-17,44.50,44.625,43.3125,43.75,2155600,37.244591
1999-08-16,42.25,42.4375,41.5625,42.00,1228900,35.754808
1999-08-13,41.50,41.75,40.75,41.4375,1154600,35.275949
1999-08-12,40.75,41.9375,40.5625,40.625,790200,34.584264
1999-08-11,41.3125,41.50,40.50,40.8125,1131400,34.743883
1999-08-10,40.125,41.25,38.625,41.0625,1418600,34.956709
1999-08-09,41.25,41.5625,40.4375,40.6875,1339800,34.613633
1999-08-06,41.00,41.75,39.75,40.5625,1426400,34.507293
1999-08-05,39.9375,42.9375,39.50,42.875,1971900,36.474581
1999-08-04,41.00,42.1875,39.5625,39.8125,1971500,33.869254
1999-08-03,46.375,46.625,43.125,43.5625,1081500,37.059451
1999-08-02,46.4375,47.625,45.875,45.9375,525000,39.079908
1999-07-30,48.25,48.5625,46.125,46.375,749200,39.452098
1999-07-29,48.125,48.75,47.25,48.00,1665800,40.834517
1999-07-28,48.00,49.125,47.8125,48.5625,2004100,41.313046
1999-07-27,47.25,47.9375,46.6875,47.875,1527100,40.728177
1999-07-26,47.00,48.0625,46.625,47.25,1545400,40.196477
1999-07-23,46.50,47.50,46.1875,46.50,1282500,39.558438
1999-07-22,46.25,47.375,45.6875,46.50,2000100,39.558438
1999-07-21,46.00,46.5625,45.625,46.00,1271600,39.133078
1999-07-20,47.9375,47.9375,46.00,46.1875,1111800,39.292588
1999-07-19,50.125,50.125,47.00,47.9375,1403200,40.781347
1999-07-16,49.00,50.5625,48.75,50.0625,1913800,42.589125
1999-07-15,45.25,49.25,44.6875,48.9375,10258500,41.632066
1999-07-14,53.375,54.25,52.8125,52.8125,657900,44.928602
1999-07-13,53.75,54.25,53.375,53.375,685200,45.407132
1999-07-12,53.125,55.3125,53.125,55.00,1206200,46.78955
1999-07-09,55.75,56.375,55.1875,55.375,559500,47.10857
1999-07-08,57.00,57.00,55.4375,56.00,992100,47.640269
1999-07-07,57.1875,57.8125,56.625,57.4375,760300,48.863178
1999-07-06,56.5625,57.75,56.125,56.625,742500,48.171969
1999-07-02,55.5625,57.0625,55.3125,56.6875,561100,48.225139
1999-07-01,54.00,55.9375,53.6875,55.75,1326700,47.42759
1999-06-30,52.0625,55.6875,51.375,55.6875,1603500,47.37442
1999-06-29,51.0625,52.50,50.875,51.5625,967000,43.865203
1999-06-28,51.00,51.25,50.875,51.0625,719200,43.439844
1999-06-25,51.00,51.50,50.00,50.8125,432400,43.227164
1999-06-24,51.25,51.25,49.6875,50.875,664400,43.280334
1999-06-23,52.875,52.875,49.5625,51.50,990200,43.812033
1999-06-22,52.5625,53.25,51.625,52.6875,598100,44.822262
1999-06-21,52.125,53.625,52.125,52.375,1066100,44.556413
1999-06-18,53.125,54.125,52.75,53.50,715600,45.513472
1999-06-17,53.00,53.8125,52.5625,53.25,1087500,45.300792
1999-06-16,51.1875,53.9375,51.1875,53.4375,1286500,45.460302
1999-06-15,51.0625,51.625,50.375,50.50,1277400,42.961314
1999-06-14,53.125,53.375,50.9375,51.0625,1250700,43.439844
1999-06-11,52.75,53.5625,51.50,51.75,1527600,44.024713
1999-06-10,54.50,54.50,51.1875,53.25,1923700,45.300792
1999-06-09,56.00,57.625,54.9375,55.00,1396800,46.78955
1999-06-08,52.625,56.25,52.5625,55.00,1119400,46.78955
1999-06-07,52.5625,53.0625,51.875,52.50,631500,44.662752
1999-06-04,51.375,52.8125,51.375,52.5625,970100,44.715922
1999-06-03,52.75,53.50,51.3125,51.375,1415200,43.705693
1999-06-02,51.6875,53.00,50.6875,52.5625,1218600,44.715922
1999-06-01,152.625,158.0625,149.750015,157.812515,2160600,44.751373
1999-05-28,150.75,152.375015,149.937515,150.687515,2644200,42.730915
1999-05-27,149.375015,153.249985,147.999985,149.000015,3547800,42.252386
1999-05-26,147.9375,151.125,140.625,144.00,3318300,40.834517
1999-05-25,147.999985,151.812515,146.625,148.125,2770200,42.004255
1999-05-24,158.000015,158.0625,138.1875,146.0625,6651900,41.419386
1999-05-21,164.750015,166.250015,159.125015,159.125015,1600500,45.123563
1999-05-20,165.249985,170.187515,163.125,165.249985,2065200,46.860439
1999-05-19,166.6875,168.9375,158.000015,164.187515,3422400,46.559151
1999-05-18,171.500015,174.999985,164.874985,166.6875,2114700,47.26808
1999-05-17,169.3125,171.9375,165.999985,171.249985,1209300,48.561877
1999-05-14,174.75,174.75,166.50,169.562485,1930200,48.083348
1999-05-13,174.00,180.75,173.4375,178.062515,1012800,50.493727
1999-05-12,171.875015,175.374985,169.562485,174.00,997800,49.341707
1999-05-11,165.437485,174.375,165.437485,171.999985,1569000,48.774557
1999-05-10,168.999985,168.999985,165.125015,165.312515,909600,46.855482
1999-05-07,169.3125,170.937515,167.750015,169.374985,1094100,48.006931
1999-05-06,171.812485,171.812485,166.062515,168.75,1693800,47.829788
1999-05-05,169.374985,172.125,168.1875,171.812485,1199100,48.697806
1999-05-04,170.499985,172.125,167.687485,169.250015,1532700,47.97151
1999-05-03,174.75,176.499985,168.5625,170.000015,1563900,48.184087
1999-04-30,174.999985,176.874985,170.187515,173.687485,2687400,49.229248
1999-04-29,167.25,171.999985,166.749985,167.687485,1280400,47.528633
1999-04-28,166.875,168.00,165.500015,165.999985,1073700,47.050335
1999-04-27,166.374985,167.937515,162.999985,166.875,1122300,47.298346
1999-04-26,164.874985,167.874985,164.25,164.874985,595200,46.73147
1999-04-23,165.375,165.437485,163.062515,164.25,508800,46.554327
1999-04-22,163.749985,166.812515,160.562485,165.624985,1555800,46.944047
1999-04-21,153.249985,162.999985,153.125015,161.937515,1884900,45.898886
1999-04-20,152.25,153.437485,147.062485,152.625,2264400,43.259386
1999-04-19,164.25,168.00,153.500015,153.500015,1427100,43.507397
1999-04-16,159.999985,165.00,159.999985,164.000015,1398600,46.483473
1999-04-15,171.00,171.00,159.125015,159.1875,3023700,45.119434
1999-04-14,171.999985,175.250015,170.000015,171.500015,2391900,48.609241
1999-04-13,159.999985,170.000015,159.9375,168.5625,2355900,47.776644
1999-04-12,157.937485,161.874985,156.687515,160.937485,1407600,45.615442
1999-04-09,156.312515,159.500015,154.50,158.874985,769800,45.030856
1999-04-08,156.999985,157.625015,155.000015,156.500015,1352700,44.357704
1999-04-07,154.50,157.187485,154.437515,157.187485,1305000,44.552558
1999-04-06,154.749985,155.000015,153.125015,153.9375,1369200,43.631396
1999-04-05,156.00,157.250015,152.687485,154.374985,1230900,43.755394
1999-04-01,152.937515,158.499985,151.6875,154.374985,1778100,43.755394
1999-03-31,150.00,154.437515,149.499985,150.999985,1913100,42.798799
1999-03-30,146.0625,149.750015,146.000015,148.125,1606500,41.983925
1999-03-29,143.625,146.874985,143.499985,146.000015,1738800,41.381628
1999-03-26,138.062485,143.937515,136.437515,143.562515,2284200,40.690754
1999-03-25,134.750015,138.00,134.375015,138.00,1336500,39.114138
1999-03-24,129.999985,133.125,129.9375,132.999985,1952100,37.696955
1999-03-23,134.499985,134.499985,127.3125,128.562515,1361700,36.439217
1999-03-22,135.00,136.875,134.375015,135.249985,886500,38.334685
1999-03-19,136.374985,137.499985,134.499985,134.937515,1567800,38.24612
1999-03-18,129.125015,136.875,128.625,136.374985,1354200,38.65355
1999-03-17,129.999985,129.999985,127.187485,127.50,441000,36.138062
1999-03-16,133.437515,133.437515,128.937515,129.999985,1154700,36.846647
1999-03-15,134.874985,135.812485,132.9375,133.562485,566400,37.856387
1999-03-12,134.000015,135.249985,133.125,134.625,555900,38.157542
1999-03-11,135.875015,135.9375,132.687515,133.062515,952800,37.714678
1999-03-10,134.375015,136.437515,132.75,135.875015,837900,38.511841
1999-03-09,133.374985,136.50,132.624985,134.562515,1698000,38.139832
1999-03-08,134.000015,135.1875,129.5625,133.3125,2247600,37.785533
1999-03-05,134.000015,136.749985,133.749985,135.812485,1581600,38.494118
1999-03-04,130.125,133.749985,129.062485,132.812485,1129500,37.64381
1999-03-03,132.312515,133.812515,129.375,130.374985,1426200,36.952936
1999-03-02,128.625,134.375015,126.875015,132.5625,1344000,37.572956
1999-03-01,126.875015,131.562515,126.875015,128.8125,1512000,36.510072
1999-02-26,126.375,130.50,125.312485,127.625015,1491000,36.173496
1999-02-25,128.499985,128.625,120.999985,123.875015,2559300,35.110612
1999-02-24,132.375,133.875,128.625,129.00,1353900,36.563216
1999-02-23,129.624985,132.999985,128.312485,132.5625,1581900,37.572956
1999-02-22,123.75,131.375015,123.624985,129.375,1585200,36.669504
1999-02-19,121.374985,125.8125,120.437485,123.875015,1269900,35.110612
1999-02-18,118.374985,121.437515,117.5625,119.937515,1006800,33.994583
1999-02-17,118.250015,121.749985,116.750015,116.750015,707100,33.091132
1999-02-16,122.874985,124.749985,119.375015,120.00,874200,34.012294
1999-02-12,119.187515,126.875015,118.50,121.812515,1982100,34.526025
1999-02-11,113.499985,120.5625,113.25,119.4375,2402100,33.852861
1999-02-10,110.8125,113.750015,109.125,113.4375,1083900,32.152246
1999-02-09,113.750015,114.00,110.000015,111.1875,1283700,31.514516
1999-02-08,116.000015,116.499985,113.375015,114.75,1331700,32.524256
1999-02-05,117.249985,118.937485,115.250015,115.437515,1258200,32.696444
1999-02-04,123.500015,123.500015,117.00,117.500015,1405200,33.280625
1999-02-03,126.687515,126.687515,120.500015,123.500015,1627500,34.980061
1999-02-02,130.250015,130.250015,123.500015,126.9375,2282100,35.953692
1999-02-01,132.125015,133.437515,131.687485,131.750015,1072500,37.316785
1999-01-29,130.374985,132.812485,130.374985,132.375,1050900,37.493806
1999-01-28,131.375015,131.937515,129.999985,130.625015,1118400,36.998141
1999-01-27,129.312515,132.500015,128.750015,131.499985,1029900,37.245967
1999-01-26,128.874985,130.250015,126.500015,129.062485,975600,36.555571
1999-01-25,128.562515,130.3125,128.562515,129.875015,1184400,36.785712
1999-01-22,129.999985,130.937485,128.4375,128.687485,1587300,36.449356
1999-01-21,134.750015,134.8125,130.562485,131.000015,967200,37.104356
1999-01-20,134.000015,140.000015,133.374985,135.00,1817100,38.237309
1999-01-19,130.437515,131.499985,129.00,131.499985,1471500,37.245967
1999-01-15,128.499985,131.000015,127.374985,130.437515,1712100,36.945034
1999-01-14,128.375015,129.437485,126.812485,127.187485,1625100,36.024497
1999-01-13,125.000015,129.875015,123.500015,128.375015,2035500,36.360853
1999-01-12,126.500015,132.500015,126.437485,128.687485,1569900,36.449356
1999-01-11,127.437515,127.812515,123.00,126.500015,1203300,35.829779
1999-01-08,128.000015,128.187515,122.562515,127.3125,2104200,36.059907
1999-01-07,123.500015,126.5625,122.375015,126.437485,1539300,35.812068
1999-01-06,122.000015,124.937485,122.000015,124.937485,1705800,35.387209
1999-01-05,117.125015,120.500015,117.00,118.937485,937800,33.687773
1999-01-04,116.000015,119.312485,114.500015,116.000015,1847400,32.855766
1998-12-31,117.875015,119.0625,114.500015,114.999985,598500,32.572518
1998-12-30,118.749985,119.937515,117.00,117.624985,597900,33.316021
1998-12-29,119.0625,121.187485,118.3125,118.374985,725700,33.528451
1998-12-28,121.374985,122.000015,119.625,120.687515,337500,34.18345
1998-12-24,121.749985,121.937485,120.249985,121.125,165600,34.307363
1998-12-23,121.250015,122.499985,117.75,122.000015,758400,34.555202
1998-12-22,122.124985,122.375015,117.375,120.999985,1099500,34.271954
1998-12-21,119.687485,125.4375,119.687485,121.937485,1563900,34.537491
1998-12-18,112.50,120.249985,111.999985,119.687485,2337300,33.900202
1998-12-17,108.500015,114.00,108.500015,113.8125,1995900,32.236176
1998-12-16,107.625,108.9375,104.499985,107.874985,1236300,30.554438
1998-12-15,102.75,107.937515,101.750015,107.375015,1653600,30.412827
1998-12-14,100.6875,103.125,100.6875,101.687485,1110900,28.801895
1998-12-11,101.937515,102.249985,97.875,100.875,2276100,28.571767
1998-12-10,106.749985,106.937485,101.499985,101.8125,1690500,28.837304
1998-12-09,107.499985,108.687515,106.374985,106.749985,1231200,30.235794
1998-12-08,111.00,111.00,105.500015,107.000015,3159000,30.306612
1998-12-07,108.875015,114.00,108.875015,112.749985,947100,31.93523
1998-12-04,106.374985,109.749985,106.374985,109.125,996300,30.908491
1998-12-03,106.749985,108.500015,104.312485,105.1875,870600,29.793236
1998-12-02,107.625,109.437515,106.625015,106.625015,725100,30.200397
1998-12-01,108.062485,109.250015,105.812485,107.874985,1543200,30.554438
1998-11-30,111.00,112.50,108.812485,110.000015,1032900,31.15633
1998-11-27,110.000015,113.0625,110.000015,111.500015,525900,31.581189
1998-11-25,110.937515,111.312515,108.375,109.937485,901500,31.138619
1998-11-24,113.499985,114.125015,110.625,111.00,1622700,31.439565
1998-11-23,105.125015,114.999985,104.375015,114.999985,2305200,32.572518
1998-11-20,103.562485,105.500015,103.187485,104.000015,1027200,29.456894
1998-11-19,102.312515,104.687485,101.25,102.312515,1109400,28.978928
1998-11-18,106.187485,107.499985,102.375,102.5625,1302000,29.049733
1998-11-17,99.500015,107.000015,99.500015,106.187485,2718600,30.076471
1998-11-16,102.062485,103.875,99.624985,99.624985,1101600,28.217713
1998-11-13,96.500015,102.624985,96.500015,101.8125,1657800,28.837304
1998-11-12,96.875015,98.000015,95.00001,96.500015,1057800,27.332599
1998-11-11,99.999985,100.50,93.00,97.125,2214300,27.509619
1998-11-10,101.499985,103.374985,99.00,99.062485,1957800,28.058391
1998-11-09,107.124985,107.187515,101.0625,102.062485,2109600,28.885449
1998-11-06,105.75,109.374985,105.75,107.4375,2223900,30.406671
1998-11-05,99.500015,107.625,98.375015,107.000015,2518200,30.282855
1998-11-04,98.499985,100.50,98.0625,99.687515,1878000,28.213291
1998-11-03,99.125015,99.9375,96.5625,96.812485,2740800,27.399608
1998-11-02,101.937515,103.625015,97.125,98.0625,3252300,27.753384
1998-10-30,97.374985,102.875015,96.875015,101.750015,1961400,28.797014
1998-10-29,93.75,96.624985,93.00,95.87499,2019000,27.134281
1998-10-28,90.12501,93.31251,89.00001,93.00,1484400,26.320609
1998-10-27,93.50001,94.875,90.1875,91.06251,2373600,25.772265
1998-10-26,96.062485,96.062485,92.56251,93.00,2515500,26.320609
1998-10-23,95.75001,99.999985,93.375,96.00,2057100,27.169661
1998-10-22,93.99999,95.56251,90.50001,95.49999,2218200,27.028149
1998-10-21,93.00,96.9375,90.99999,93.43749,3969000,26.444426
1998-10-20,93.9375,95.12499,86.8125,91.62501,3699300,25.931463
1998-10-19,89.49999,93.99999,89.37501,93.99999,2803500,26.603623
1998-10-16,89.25,90.00,86.00001,87.62499,5145600,24.799388
1998-10-15,76.125,87.50001,75.50001,86.93751,4447500,24.604819
1998-10-14,73.74999,78.62499,73.06251,75.87501,3540300,21.47394
1998-10-13,71.25,77.68749,69.62499,73.50,8670900,20.801771
1998-10-12,72.99999,76.50,66.50001,71.25,6183600,20.164982
1998-10-09,63.99999,74.00001,54.50001,70.62501,9795600,19.988099
1998-10-08,62.00001,63.24999,51.75,62.0625,10429800,17.564761
1998-10-07,84.00,84.00,61.74999,66.99999,10114500,18.962156
1998-10-06,90.00,93.99999,81.50001,84.99999,4396800,24.056468
1998-10-05,91.25001,92.25,85.50,90.50001,3235500,25.613068
1998-10-02,89.75001,97.374985,85.50,96.624985,5322000,27.346542
1998-10-01,99.00,100.875,87.75,90.99999,3231300,25.754571
1998-09-30,110.124985,110.124985,102.999985,103.062515,1634100,29.168475
1998-09-29,112.062515,113.625,110.499985,111.249985,1279800,31.48567
1998-09-28,111.624985,114.999985,110.499985,111.999985,963300,31.697933
1998-09-25,111.500015,111.999985,108.062485,111.375,1368600,31.521052
1998-09-24,114.1875,115.562485,112.250015,112.749985,2246400,31.910196
1998-09-23,109.437515,114.999985,109.437515,114.1875,1742700,32.317038
1998-09-22,107.687485,111.500015,107.687485,109.187485,1539900,30.901947
1998-09-21,104.000015,108.00,103.875,107.4375,2013300,30.406671
1998-09-18,104.499985,107.625,104.0625,107.000015,1565700,30.282855
1998-09-17,105.500015,105.812485,101.937515,103.937485,2300100,29.416106
1998-09-16,104.687485,109.625015,104.562515,109.50,3654000,30.990394
1998-09-15,96.00,106.187485,95.75001,104.4375,4195200,29.557619
1998-09-14,95.00001,96.9375,93.99999,94.06251,2098500,26.621317
1998-09-11,84.24999,92.25,83.49999,91.50,3913500,25.896083
1998-09-10,88.50,88.50,83.00001,84.00,2391300,23.773453
1998-09-09,93.00,95.00001,90.06249,90.06249,1964100,25.489243
1998-09-08,95.00001,95.00001,90.06249,93.00,2989800,26.320609
1998-09-04,90.99999,91.125,83.75001,86.56251,2501700,24.498688
1998-09-03,92.49999,93.50001,90.50001,90.99999,2835600,25.754571
1998-09-02,92.8125,94.56249,90.99999,93.43749,3179100,26.444426
1998-09-01,89.4375,93.5625,83.25,93.06249,3766800,26.338295
1998-08-31,104.687485,105.500015,87.00,87.50001,5966700,24.764016
1998-08-28,107.625,108.00,100.250015,104.4375,4455300,29.557619
1998-08-27,116.687485,116.750015,105.812485,107.4375,3419100,30.406671
1998-08-26,118.437515,118.625015,116.687485,116.937515,1022100,33.09534
1998-08-25,117.312515,120.375,116.874985,119.375015,1183800,33.785194
1998-08-24,115.50,117.999985,115.50,116.375015,793800,32.936142
1998-08-21,118.125,118.125,112.50,115.625015,1674600,32.723879
1998-08-20,117.9375,119.8125,116.874985,118.625015,920100,33.572931
1998-08-19,118.062515,118.812515,117.125015,117.875015,1199100,33.360668
1998-08-18,115.625015,118.3125,115.50,118.125,1406700,33.431418
1998-08-17,114.062485,115.625015,114.062485,115.437515,1021800,32.670814
1998-08-14,114.75,115.812515,113.562515,114.062485,1461000,32.281656
1998-08-13,114.249985,115.562485,114.00,114.125015,676500,32.299353
1998-08-12,114.75,115.749985,114.249985,114.249985,1283700,32.334722
1998-08-11,114.999985,115.875,113.562515,114.062485,1416000,32.281656
1998-08-10,113.25,117.00,113.000015,116.625,1090200,32.984247
1998-08-07,112.562485,115.6875,112.3125,113.499985,793800,32.10042
1998-08-06,110.562515,112.812515,110.000015,112.3125,858300,31.764572
1998-08-05,111.500015,113.375015,109.625015,110.562515,2256600,31.269636
1998-08-04,113.187515,113.937515,108.75,109.937485,1465800,31.092863
1998-08-03,115.125,115.3125,112.749985,112.812515,941100,31.905988
1998-07-31,115.812515,117.00,114.125015,116.0625,1144500,32.825159
1998-07-30,111.249985,115.875,110.750015,115.3125,1185900,32.613042
1998-07-29,110.0625,110.499985,109.374985,110.124985,963600,31.145892
1998-07-28,114.125015,114.375,109.50,110.000015,1620600,31.110548
1998-07-27,111.999985,113.874985,110.625,113.874985,1298700,32.206479
1998-07-24,116.124985,116.375015,111.125015,113.000015,1206600,31.959017
1998-07-23,116.000015,118.3125,115.3125,115.875,792300,32.77213
1998-07-22,117.249985,117.375,114.500015,116.25,1641000,32.878188
1998-07-21,122.687485,122.687485,118.749985,118.749985,1208400,33.585242
1998-07-20,123.999985,123.999985,122.0625,122.687485,1350900,34.698858
1998-07-17,124.6875,124.937485,120.375,124.125,2808600,35.10542
1998-07-16,128.0625,129.375,124.625015,124.6875,2362500,35.264508
1998-07-15,128.562515,128.562515,126.5625,127.125,916200,35.95389
1998-07-14,125.874985,128.750015,125.124985,128.562515,1487400,36.360452
1998-07-13,126.312515,126.312515,124.875,125.625,902100,35.529655
1998-07-10,128.000015,128.375015,125.375015,126.999985,1897200,35.918533
1998-07-09,127.062515,129.9375,126.375,128.0625,2562600,36.219037
1998-07-08,124.937485,127.3125,124.875,127.3125,1425600,36.006919
1998-07-07,123.375,125.562515,122.000015,124.812515,1288200,35.299866
1998-07-06,123.00,123.9375,122.687485,123.062485,1239600,34.804917
1998-07-02,125.499985,126.375,122.000015,123.00,1927500,34.787244
1998-07-01,123.75,125.499985,122.000015,125.375015,3197400,35.458954
1998-06-30,120.500015,125.375015,120.00,124.187485,11581200,35.123093
1998-06-29,116.8125,119.625,116.8125,119.562515,1769400,33.815044
1998-06-26,116.4375,117.375,116.000015,116.874985,1164000,33.054948
1998-06-25,115.125,116.499985,114.875015,115.937485,2402100,32.789802
1998-06-24,116.499985,116.750015,114.500015,114.875015,2889000,32.489311
1998-06-23,109.6875,110.562515,108.75,110.562515,646800,31.269636
1998-06-22,106.749985,109.374985,106.437515,108.687515,907500,30.739343
1998-06-19,105.999985,106.374985,104.625,105.375,1337400,29.802487
1998-06-18,104.124985,107.499985,103.875,107.124985,724800,30.297423
1998-06-17,101.562515,104.750015,101.562515,104.25,878400,29.484311
1998-06-16,101.499985,101.937515,99.75,101.25,953700,28.635841
1998-06-15,103.250015,103.250015,101.25,101.25,1587600,28.635841
1998-06-12,101.625,104.874985,101.625,103.374985,3055800,29.236836
1998-06-11,101.375015,101.625,101.000015,101.000015,565500,28.56514
1998-06-10,101.562515,101.562515,100.749985,101.375015,646200,28.671199
1998-06-09,102.00,102.125015,101.625,101.937515,805500,28.830287
1998-06-08,102.875015,102.9375,101.4375,102.125015,1067100,28.883316
1998-06-05,101.874985,102.624985,101.750015,102.500015,1118100,28.989375
1998-06-04,100.812515,102.624985,99.500015,101.750015,1164000,28.777257
1998-06-03,99.687515,102.500015,99.687515,100.562485,1536900,28.441396
1998-06-02,99.875015,100.374985,99.00,99.5625,583800,28.158577
1998-06-01,99.999985,99.999985,98.874985,99.437485,460500,28.12322
1998-05-29,99.249985,99.999985,99.00,99.812485,337200,28.229279
1998-05-28,99.1875,100.812515,98.625,98.750015,963600,27.928788
1998-05-27,97.749985,99.500015,97.6875,99.437485,1384200,28.12322
1998-05-26,101.8125,102.875015,98.499985,99.00,858300,27.999489
1998-05-22,102.312515,103.250015,101.687485,101.687485,585300,28.759572
1998-05-21,101.8125,102.624985,101.687485,102.249985,720900,28.91866
1998-05-20,101.25,101.687485,99.75,101.312485,727500,28.653514
1998-05-19,100.6875,102.249985,100.6875,100.875,1024500,28.529783
1998-05-18,99.437485,100.937485,99.437485,100.625015,833700,28.459081
1998-05-15,99.00,99.500015,98.562515,98.937515,379500,27.981817
1998-05-14,98.625,100.250015,97.749985,99.00,1224900,27.999489
1998-05-13,96.00,99.75,96.00,98.625,4505400,27.893431
1998-05-12,95.37501,96.312515,94.25001,96.00,522000,27.15102
1998-05-11,95.12499,97.50,95.12499,95.4375,719100,26.991932
1998-05-08,93.75,96.125015,93.68751,95.12499,498900,26.903547
1998-05-07,94.56249,94.74999,92.75001,93.5625,516600,26.461639
1998-05-06,97.374985,97.937485,93.00,94.50,925200,26.726785
1998-05-05,97.812515,97.812515,95.37501,97.125,669000,27.469196
1998-05-04,96.687515,98.625,96.687515,97.875,1078200,27.658686
1998-05-01,96.125015,97.3125,96.125015,96.75,618900,27.34077
1998-04-30,95.00001,96.249985,93.99999,96.062485,1640100,27.146484
1998-04-29,91.81251,92.4375,91.81251,92.12499,456300,26.03378
1998-04-28,93.00,94.56249,90.99999,91.74999,1707000,25.927808
1998-04-27,92.00001,92.68749,87.12501,91.37499,2478600,25.821836
1998-04-24,99.5625,101.750015,96.00,96.9375,1540800,27.393756
1998-04-23,104.000015,104.187515,99.125015,99.624985,1406700,28.153218
1998-04-22,100.749985,104.937515,100.6875,104.187515,1421700,29.442552
1998-04-21,99.75,100.937485,99.500015,100.875,1136100,28.506462
1998-04-20,99.812485,100.374985,99.249985,99.500015,1468500,28.117902
1998-04-17,96.999985,100.6875,96.00,99.687515,1667400,28.170888
1998-04-16,93.00,97.3125,92.49999,97.3125,3265500,27.499728
1998-04-15,90.00,90.1875,87.75,88.25001,2071200,24.938741
1998-04-14,90.50001,91.25001,89.00001,90.00,1118400,25.433275
1998-04-13,87.9375,90.43749,87.87501,90.375,1395900,25.539246
1998-04-09,86.31249,88.18749,86.31249,87.68751,1029600,24.779783
1998-04-08,87.9375,88.3125,85.50,86.31249,624000,24.391214
1998-04-07,89.75001,89.93751,87.24999,87.9375,1355100,24.850429
1998-04-06,87.24999,89.56251,87.24999,89.0625,1167600,25.168345
1998-04-03,84.99999,87.68751,84.5625,87.24999,1345200,24.656144
1998-04-02,85.62501,86.49999,84.75,84.75,873300,23.949667
1998-04-01,82.74999,84.99999,82.3125,84.81249,1597800,23.967326
1998-03-31,79.6875,80.18751,78.81249,78.87501,627000,22.289442
1998-03-30,78.50001,79.875,78.50001,79.06251,766200,22.342428
1998-03-27,81.24999,81.87501,78.375,78.375,1623300,22.148143
1998-03-26,76.74999,81.375,76.74999,80.75001,1660800,22.819302
1998-03-25,77.37501,79.18749,76.50,76.50,801900,21.618283
1998-03-24,76.125,77.87499,76.125,77.4375,458400,21.883213
1998-03-23,76.62501,77.31249,76.125,76.125,279000,21.512311
1998-03-20,76.62501,77.37501,76.3125,77.18751,270600,21.812568
1998-03-19,77.4375,78.50001,77.31249,77.37501,360300,21.865554
1998-03-18,76.37499,77.625,75.99999,77.18751,528300,21.812568
1998-03-17,76.875,76.93749,75.99999,76.50,659100,21.618283
1998-03-16,77.625,78.00,76.43751,76.81251,879300,21.706596
1998-03-13,77.31249,79.18749,75.9375,77.68749,946800,21.953859
1998-03-12,74.0625,77.625,74.0625,77.31249,1367700,21.847887
1998-03-11,72.50001,74.4375,72.43749,74.18751,928800,20.964792
1998-03-10,69.375,71.49999,69.24999,71.25,701400,20.134676
1998-03-09,68.87499,70.43751,68.49999,69.12501,993600,19.53417
1998-03-06,64.56249,69.12501,64.56249,69.06249,1097700,19.516503
1998-03-05,64.125,65.25,64.125,64.56249,1022100,18.244839
1998-03-04,66.75,67.125,65.49999,65.87499,610200,18.615741
1998-03-03,66.9375,67.125,66.50001,66.99999,358500,18.933657
1998-03-02,67.25001,67.43751,66.87501,66.99999,458700,18.933657
1998-02-27,67.25001,67.43751,65.8125,67.18749,866700,18.986643
1998-02-26,67.43751,68.49999,67.43751,67.43751,1238100,19.057297
1998-02-25,67.6875,67.6875,66.75,67.43751,608700,19.057297
1998-02-24,67.81251,68.25,67.62501,67.6875,373500,19.127942
1998-02-23,69.5625,69.75,67.37499,67.62501,636300,19.110283
1998-02-20,69.99999,70.18749,69.1875,69.43749,715800,19.622475
1998-02-19,69.50001,70.18749,69.06249,70.06251,579000,19.7991
1998-02-18,68.49999,70.37499,68.49999,69.50001,1494600,19.640142
1998-02-17,65.31249,69.62499,65.31249,68.12499,1730400,19.251573
1998-02-13,65.93751,66.24999,64.74999,64.875,426900,18.333152
1998-02-12,66.87501,66.9375,65.8125,66.00,643500,18.651068
1998-02-11,66.99999,67.125,66.62499,66.75,507900,18.863012
1998-02-10,67.18749,67.56249,66.68751,67.25001,590700,19.004311
1998-02-09,64.81251,67.37499,64.74999,66.99999,916800,18.933657
1998-02-06,64.25001,65.00001,64.25001,64.62501,518700,18.262507
1998-02-05,65.31249,65.31249,64.125,64.3125,465600,18.174194
1998-02-04,64.81251,65.49999,64.81251,65.12499,705000,18.381186
1998-02-03,66.43749,66.87501,64.875,65.00001,775800,18.345911
1998-02-02,65.12499,66.375,65.12499,66.1875,683100,18.681074
1998-01-30,65.56251,66.12501,65.00001,65.12499,897900,18.381186
1998-01-29,63.1875,66.87501,62.0625,65.31249,1152900,18.434107
1998-01-28,61.56249,64.50,61.56249,63.06249,2019300,17.799056
1998-01-27,59.31249,62.25,59.18751,61.56249,1502700,17.375689
1998-01-26,57.50001,59.56251,57.50001,59.31249,813600,16.740639
1998-01-23,58.25001,58.56249,57.00,57.24999,683100,16.158509
1998-01-22,59.625,59.625,57.87501,58.06251,1515600,16.387838
1998-01-21,60.1875,60.1875,58.74999,59.87499,969600,16.899401
1998-01-20,59.93751,60.9375,59.00001,60.75,1380300,17.146368
1998-01-16,59.75001,60.50001,59.00001,59.68749,2294700,16.84648
1998-01-15,56.75001,59.56251,56.4375,59.56251,2665800,16.811205
1998-01-14,54.00,55.06251,54.00,55.06251,1422000,15.541104
1998-01-13,52.93749,53.93751,52.62501,53.93751,710400,15.223578
1998-01-12,51.50001,52.93749,50.56251,52.875,1164600,14.923691
1998-01-09,53.0625,53.68749,52.25001,52.3125,802800,14.764928
1998-01-08,52.875,53.4375,52.6875,53.0625,594900,14.976612
1998-01-07,53.625,53.93751,52.875,53.00001,723300,14.958974
1998-01-06,54.00,54.68751,53.75001,54.43749,2449200,15.364695
1998-01-05,54.06249,54.375,53.49999,54.00,1589100,15.241216
1998-01-02,54.1875,55.3125,54.1875,54.24999,1390800,15.311775
1997-12-31,53.68749,54.31251,53.4375,54.1875,266700,15.294137
1997-12-30,52.06251,53.87499,51.5625,53.87499,920700,15.205933
1997-12-29,51.75,52.6875,51.43749,52.3125,776700,14.764928
1997-12-26,51.5625,51.99999,51.00,51.81249,391500,14.623803
1997-12-24,51.9375,51.99999,51.375,51.5625,755700,14.553245
1997-12-23,51.24999,53.56251,51.24999,51.9375,2975700,14.659086
1997-12-22,50.31249,50.87499,50.00001,50.25,2445000,14.182798
1997-12-19,48.99999,48.99999,48.375,48.43749,762000,13.671227
1997-12-18,48.5625,49.125,48.375,48.9375,1101600,13.812352
1997-12-17,49.81251,50.56251,48.24999,48.31251,1430100,13.635952
1997-12-16,48.50001,49.81251,48.43749,49.74999,1395000,14.041673
1997-12-15,47.4375,48.31251,47.4375,48.31251,623100,13.635952
1997-12-12,46.875,47.625,46.56249,47.31249,474900,13.353702
1997-12-11,46.93749,46.93749,45.99999,46.62501,529200,13.159664
1997-12-10,48.24999,48.31251,46.43751,47.12499,538200,13.300781
1997-12-09,48.9375,48.99999,48.24999,48.31251,327300,13.635952
1997-12-08,48.50001,50.00001,48.50001,48.9375,886500,13.812352
1997-12-05,48.1875,48.375,47.87499,48.375,904800,13.653589
1997-12-04,48.00,48.375,47.18751,48.1875,496800,13.600669
1997-12-03,48.00,48.5625,47.87499,48.06249,926100,13.565385
1997-12-02,46.3125,47.625,46.3125,47.4375,933600,13.388985
1997-12-01,45.31251,46.93749,45.31251,46.56249,434400,13.142018
1997-11-28,45.81249,45.81249,45.31251,45.31251,150000,12.789218
1997-11-26,45.24999,45.9375,45.24999,45.62499,623100,12.877414
1997-11-25,45.9375,45.9375,45.24999,45.24999,1125000,12.771572
1997-11-24,46.875,46.875,45.75,45.75,299700,12.912697
1997-11-21,47.49999,47.49999,46.6875,46.74999,739500,13.194939
1997-11-20,46.6875,47.8125,46.6875,47.37501,905100,13.371347
1997-11-19,46.06251,46.74999,45.99999,46.50,891300,13.12438
1997-11-18,45.5625,46.125,45.50001,45.99999,508800,12.983255
1997-11-17,44.00001,45.68751,44.00001,45.5625,517200,12.859776
1997-11-14,44.37501,44.4375,43.43751,44.12499,660900,12.454047
1997-11-13,45.43749,45.43749,44.0625,44.625,245100,12.595172
1997-11-12,46.18749,46.18749,45.43749,45.43749,300300,12.824493
1997-11-11,46.18749,46.93749,46.18749,46.3125,410700,13.07146
1997-11-10,46.43751,46.6875,46.25001,46.25001,759300,13.053822
1997-11-07,46.875,46.875,46.06251,46.50,640800,13.12438
1997-11-06,47.00001,47.4375,46.74999,47.31249,496500,13.353702
1997-11-05,45.12501,46.875,45.12501,46.74999,878100,13.194939
1997-11-04,45.99999,45.99999,45.12501,45.31251,708900,12.789218
1997-11-03,45.62499,46.06251,45.31251,46.06251,609600,13.000901
1997-10-31,45.12501,45.87501,45.12501,45.62499,822000,12.877414
1997-10-30,45.50001,45.68751,44.12499,45.00,552300,12.678431
1997-10-29,45.75,47.00001,45.00,46.81251,981600,13.189093
1997-10-28,42.00,45.24999,42.00,45.12501,2206200,12.713652
1997-10-27,47.0625,47.12499,44.25,44.25,747000,12.467124
1997-10-24,47.31249,47.56251,47.18751,47.49999,1498500,13.382786
1997-10-23,47.37501,47.4375,46.875,47.0625,843300,13.259526
1997-10-22,48.43749,48.43749,47.87499,48.06249,1098600,13.541266
1997-10-21,47.625,48.24999,47.625,48.24999,697500,13.594093
1997-10-20,47.93751,48.00,47.49999,47.68749,697200,13.435612
1997-10-17,48.75,48.75,47.75001,48.00,2262900,13.52366
1997-10-16,48.50001,49.56249,47.87499,48.75,4991100,13.734967
1997-10-15,46.56249,47.0625,46.18749,46.81251,1042200,13.189093
1997-10-14,47.625,48.31251,47.4375,47.56251,1653900,13.4004
1997-10-13,46.25001,47.12499,46.18749,47.0625,1106400,13.259526
1997-10-10,46.18749,46.18749,45.81249,46.06251,797400,12.977786
1997-10-09,45.87501,46.93749,45.81249,46.37499,1692900,13.065825
1997-10-08,46.37499,46.50,45.9375,45.99999,1177500,12.960171
1997-10-07,46.43751,46.62501,46.06251,46.62501,965400,13.136266
1997-10-06,46.125,46.6875,46.125,46.6875,1479900,13.153872
1997-10-03,45.81249,46.25001,45.62499,46.25001,2525700,13.030612
1997-10-02,45.62499,45.62499,44.87499,45.5625,1223700,12.836911
1997-10-01,45.68751,46.62501,44.87499,45.87501,3043200,12.924959
1997-09-30,45.31251,45.75,45.06249,45.75,1226100,12.889738
1997-09-29,44.75001,45.375,44.75001,45.31251,1158300,12.766478
1997-09-26,43.56249,45.00,43.50,44.68749,1905900,12.590384
1997-09-25,44.00001,44.00001,43.25001,43.50,2601300,12.255817
1997-09-24,44.37501,44.75001,43.74999,44.4375,4350600,12.519951
1997-09-23,42.12501,43.37499,41.87499,43.37499,2763600,12.220596
1997-09-22,42.06249,42.43749,41.25,42.00,1738500,11.833202
1997-09-19,41.00001,42.12501,41.00001,42.06249,1988400,11.850808
1997-09-18,41.18751,41.37501,40.50,41.00001,2096400,11.551462
1997-09-17,40.50,41.18751,40.3125,41.00001,2913900,11.551462
1997-09-16,38.87499,39.81249,38.49999,39.68751,2146200,11.181674
1997-09-15,37.50,38.4375,37.3125,37.875,1077900,10.671013
1997-09-12,38.12499,38.12499,36.99999,37.37499,937200,10.530139
1997-09-11,38.25,38.25,37.6875,37.875,1753800,10.671013
1997-09-10,38.625,38.68749,37.74999,37.74999,1214100,10.635792
1997-09-09,39.12501,39.12501,38.25,38.56251,1446300,10.864714
1997-09-08,38.8125,39.1875,38.56251,38.93751,1137300,10.970367
1997-09-05,39.31251,39.375,38.75001,39.00,2848200,10.987974
1997-09-04,38.87499,39.75,38.56251,39.1875,2333100,11.0408
1997-09-03,38.8125,39.00,38.49999,39.00,1559100,10.987974
1997-09-02,38.68749,39.24999,38.49999,39.06249,1262700,11.00558
1997-08-29,39.62499,40.25001,38.18751,38.625,2096400,10.88232
1997-08-28,37.6875,40.50,37.62501,39.375,3748500,11.093627
1997-08-27,38.00001,38.00001,37.25001,37.43751,1294800,10.547753
1997-08-26,38.87499,38.87499,37.62501,37.81251,1454100,10.653406
1997-08-25,38.49999,39.1875,38.0625,38.87499,1824600,10.952753
1997-08-22,39.00,40.18749,37.875,39.24999,4458000,11.058407
1997-08-21,36.9375,41.00001,36.87501,40.125,6766200,11.304934
1997-08-20,37.62501,37.62501,36.06249,36.375,3296100,10.248398
1997-08-19,35.12499,39.375,35.0625,39.00,3816300,10.987974
1997-08-18,35.4375,35.4375,34.56249,35.00001,961800,9.861005
1997-08-15,35.625,35.75001,35.25,35.75001,1100400,10.072312
1997-08-14,36.00,36.375,35.49999,35.625,1251000,10.037091
1997-08-13,36.87501,36.9375,35.75001,36.00,2702700,10.142745
1997-08-12,36.75,36.9375,36.5625,36.62499,727200,10.318831
1997-08-11,36.375,37.125,36.31251,37.125,666900,10.459706
1997-08-08,37.25001,37.25001,35.87499,36.375,1410600,10.248398
1997-08-07,37.62501,38.00001,37.37499,37.50,1074600,10.565359
1997-08-06,36.43749,37.74999,36.31251,37.50,1415100,10.565359
1997-08-05,35.87499,36.50001,35.87499,36.31251,555300,10.230792
1997-08-04,35.75001,36.50001,35.56251,36.12501,670500,10.177965
1997-08-01,36.68751,36.87501,35.68749,35.75001,617400,10.072312
1997-07-31,36.99999,37.18749,36.50001,36.81249,1593600,10.349117
1997-07-30,36.12501,37.25001,35.87499,36.99999,1338600,10.401828
1997-07-29,35.00001,36.31251,34.875,36.31251,874800,10.208557
1997-07-28,34.81251,35.25,34.74999,34.93749,796800,9.821997
1997-07-25,35.4375,35.56251,34.56249,34.74999,471900,9.769285
1997-07-24,35.56251,35.56251,34.62501,35.25,662100,9.909853
1997-07-23,36.00,36.5625,35.31249,35.49999,1404000,9.980133
1997-07-22,33.50001,35.8125,33.375,35.75001,1505100,10.050421
1997-07-21,32.8125,33.75,32.8125,33.50001,948000,9.417877
1997-07-18,33.375,33.375,32.625,32.8125,1864800,9.224597
1997-07-17,33.12501,33.50001,32.75001,33.50001,1866300,9.417877
1997-07-16,33.9375,34.62501,33.375,33.50001,2344800,9.417877
1997-07-15,35.25,35.25,32.625,34.18749,4230900,9.611149
1997-07-14,34.93749,35.4375,34.93749,35.18751,1371900,9.892285
1997-07-11,34.43751,35.00001,34.125,35.00001,2361900,9.839573
1997-07-10,33.50001,34.93749,33.43749,34.18749,2493900,9.611149
1997-07-09,35.4375,36.12501,33.75,33.75,1344000,9.488157
1997-07-08,38.0625,38.0625,35.37501,35.37501,1263600,9.944997
1997-07-07,40.125,40.125,37.74999,38.0625,1439400,10.700532
1997-07-03,39.81249,40.37499,39.1875,40.37499,1618200,11.350644
1997-07-02,38.00001,39.24999,37.81251,39.24999,912600,11.034372
1997-07-01,37.93749,38.25,37.62501,37.93749,1150500,10.665388
1997-06-30,36.43749,38.00001,36.43749,37.74999,1184700,10.612676
1997-06-27,36.00,36.62499,36.00,36.50001,383700,10.261269
1997-06-26,36.00,36.375,36.00,36.12501,429300,10.155845
1997-06-25,36.1875,36.62499,36.00,36.24999,876300,10.190981
1997-06-24,36.75,36.75,36.00,36.1875,730200,10.173413
1997-06-23,36.99999,36.99999,36.12501,36.12501,1016100,10.155845
1997-06-20,36.24999,37.37499,36.12501,36.99999,1372800,10.401828
1997-06-19,35.75001,36.99999,35.49999,36.12501,1511700,10.155845
1997-06-18,33.50001,35.625,33.50001,35.25,1896600,9.909853
1997-06-17,33.99999,35.12499,33.00,33.75,1296000,9.488157
1997-06-16,35.00001,35.12499,34.125,34.25001,306300,9.628725
1997-06-13,34.25001,35.12499,34.25001,35.00001,1136100,9.839573
1997-06-12,33.375,33.99999,33.375,33.99999,704100,9.558437
1997-06-11,32.37501,33.99999,32.25,33.62499,1710900,9.453013
1997-06-10,32.00001,32.37501,31.875,32.12499,795900,9.031317
1997-06-09,31.74999,32.25,31.62501,31.74999,1364700,8.925893
1997-06-06,30.99999,31.74999,30.62499,31.74999,3511500,8.925893
1997-06-05,31.74999,31.74999,30.87501,31.37499,935100,8.820469
1997-06-04,33.24999,33.24999,31.62501,31.62501,3441900,8.890757
1997-06-03,32.49999,33.24999,32.00001,33.24999,3347700,9.347589
1997-06-02,32.37501,32.75001,32.12499,32.25,1593900,9.066461
1997-05-30,31.25001,32.49999,30.50001,32.12499,6501000,9.031317
1997-05-29,32.25,32.37501,31.25001,31.62501,3998700,8.890757
1997-05-28,31.62501,31.74999,31.50,31.62501,3572100,8.890757
1997-05-27,32.37501,32.49999,31.50,31.50,2671200,8.855613
1997-05-23,31.50,32.75001,31.50,32.625,4154100,9.171885
1997-05-22,32.87499,32.87499,31.25001,31.37499,4376700,8.820469
1997-05-21,34.50,34.50,33.12501,33.24999,3869400,9.347589
1997-05-20,34.37499,34.875,34.125,34.62501,1386900,9.734149
1997-05-19,35.00001,35.00001,34.37499,34.62501,1694700,9.734149
1997-05-16,36.24999,36.75,35.00001,35.00001,3872400,9.839573
1997-05-15,35.25,37.37499,34.875,36.375,8831700,10.226125
1997-05-14,39.62499,39.99999,39.50001,39.87501,459300,11.210084
1997-05-13,39.00,39.87501,39.00,39.375,932700,11.069516
1997-05-12,38.25,38.75001,38.25,38.49999,208800,10.823524
1997-05-09,36.99999,38.00001,36.99999,38.00001,322200,10.682964
1997-05-08,36.75,36.99999,36.75,36.87501,213300,10.366693
1997-05-07,37.25001,37.25001,36.75,36.75,371400,10.331549
1997-05-06,37.37499,37.62501,36.99999,37.125,267000,10.436972
1997-05-05,37.74999,37.74999,37.125,37.62501,393300,10.57754
1997-05-02,36.62499,37.875,36.62499,37.62501,460500,10.57754
1997-05-01,36.12501,36.75,36.12501,36.75,809700,10.309055
1997-04-30,34.875,36.375,34.74999,36.12501,1600500,10.133734
1997-04-29,34.62501,35.49999,34.37499,34.875,1572900,9.783083
1997-04-28,34.37499,34.37499,33.87501,33.99999,309600,9.537627
1997-04-25,34.50,34.50,34.25001,34.25001,118200,9.607762
1997-04-24,34.62501,34.74999,34.37499,34.50,345300,9.677889
1997-04-23,35.00001,35.00001,34.62501,34.62501,575100,9.712956
1997-04-22,35.25,35.25,34.74999,35.12499,731700,9.85321
1997-04-21,34.74999,35.37501,34.74999,35.25,1240800,9.888278
1997-04-18,33.99999,34.74999,33.99999,34.74999,1461600,9.748016
1997-04-17,33.24999,35.00001,33.24999,33.87501,1056600,9.502567
1997-04-16,33.375,33.62499,33.12501,33.24999,681300,9.327238
1997-04-15,33.24999,33.87501,33.24999,33.50001,813600,9.397373
1997-04-14,33.375,33.50001,33.12501,33.12501,456900,9.292178
1997-04-11,34.37499,34.50,33.375,33.50001,907200,9.397373
1997-04-10,34.62501,34.74999,34.50,34.50,386100,9.677889
1997-04-09,34.875,35.37501,34.62501,34.74999,1117800,9.748016
1997-04-08,35.00001,35.00001,34.37499,35.00001,752700,9.818151
1997-04-07,34.37499,35.00001,34.37499,35.00001,1872600,9.818151
1997-04-04,33.99999,34.62501,33.87501,34.25001,1377900,9.607762
1997-04-03,34.125,34.25001,33.12501,33.87501,3227100,9.502567
1997-04-02,36.50001,36.50001,34.50,34.50,1222800,9.677889
1997-04-01,37.125,37.37499,36.87501,36.99999,1330500,10.379182
1997-03-31,38.25,38.25,37.125,37.25001,1331100,10.449317
1997-03-27,39.62499,39.62499,38.00001,38.49999,438000,10.79996
1997-03-26,39.50001,39.75,38.37501,39.62499,718800,11.115543
1997-03-25,39.24999,39.87501,39.12501,39.50001,766200,11.080484
1997-03-24,38.625,39.50001,38.12499,39.24999,648000,11.010349
1997-03-21,38.12499,38.625,38.12499,38.625,470100,10.835028
1997-03-20,37.37499,37.74999,36.99999,37.74999,627000,10.589571
1997-03-19,36.87501,37.37499,36.75,37.37499,1500300,10.484377
1997-03-18,37.62501,37.62501,36.50001,37.125,1420800,10.41425
1997-03-17,38.25,38.25,37.37499,37.50,2800500,10.519444
1997-03-14,39.50001,39.50001,39.00,39.12501,287400,10.975289
1997-03-13,40.37499,40.37499,39.24999,39.50001,954300,11.080484
1997-03-12,41.12499,41.25,40.25001,40.50,726900,11.361
1997-03-11,40.37499,41.25,39.99999,41.25,479400,11.571389
1997-03-10,40.37499,40.50,40.125,40.50,214800,11.361
1997-03-07,39.99999,40.875,39.87501,40.62501,678000,11.396067
1997-03-06,39.99999,39.99999,39.87501,39.99999,420600,11.220738
1997-03-05,39.75,39.99999,39.75,39.99999,1011000,11.220738
1997-03-04,40.125,40.125,39.62499,39.75,346500,11.150611
1997-03-03,39.50001,40.125,39.12501,40.125,463500,11.255805
1997-02-28,39.99999,40.125,39.12501,39.75,605700,11.150611
1997-02-27,40.62501,40.74999,40.125,40.25001,320700,11.290873
1997-02-26,41.00001,41.00001,40.37499,40.62501,2254800,11.396067
1997-02-25,41.12499,41.25,40.62501,40.74999,300900,11.431127
1997-02-24,40.875,41.37501,40.62501,41.25,258000,11.571389
1997-02-21,40.25001,40.875,39.99999,40.875,868500,11.466194
1997-02-20,42.24999,42.375,40.25001,40.25001,495900,11.290873
1997-02-19,43.25001,43.25001,42.62499,42.62499,506400,11.957099
1997-02-18,44.12499,44.37501,43.25001,43.25001,447000,12.132428
1997-02-14,42.12501,43.875,42.00,43.62501,776700,12.237623
1997-02-13,42.00,42.50001,41.625,42.24999,430800,11.851904
1997-02-12,41.49999,42.24999,41.49999,42.12501,291600,11.816845
1997-02-11,41.49999,41.75001,41.37501,41.75001,273300,11.711651
1997-02-10,41.25,41.49999,41.25,41.37501,115500,11.606456
1997-02-07,40.74999,41.37501,40.74999,41.12499,384900,11.536321
1997-02-06,40.50,41.12499,40.50,40.74999,369000,11.431127
1997-02-05,39.87501,40.875,39.87501,40.50,936300,11.361
1997-02-04,39.87501,40.125,39.87501,39.99999,285000,11.220738
1997-02-03,39.99999,40.125,39.87501,39.99999,498300,11.220738
1997-01-31,39.75,40.125,39.75,39.99999,673500,11.220738
1997-01-30,39.24999,39.62499,38.87499,39.62499,465000,11.093099
1997-01-29,40.37499,40.37499,39.00,39.00,646800,10.918131
1997-01-28,40.25001,41.25,40.25001,40.62501,823500,11.373056
1997-01-27,40.74999,40.74999,39.87501,40.25001,898800,11.268074
1997-01-24,40.62501,41.25,40.62501,41.00001,1085700,11.478038
1997-01-23,39.87501,41.87499,39.62499,40.875,1133700,11.443042
1997-01-22,38.75001,40.25001,38.37501,39.87501,1346400,11.163092
1997-01-21,38.25,40.62501,38.25,39.00,3656400,10.918131
1997-01-20,37.37499,39.375,36.99999,38.37501,5639400,10.743164
1997-01-17,33.50001,33.50001,33.00,33.50001,1628700,9.378398
1997-01-16,33.99999,33.99999,33.24999,33.24999,491100,9.308404
1997-01-15,34.50,34.50,33.50001,33.75,607200,9.448383
1997-01-14,34.74999,34.74999,34.37499,34.62501,715500,9.693344
1997-01-13,34.875,35.12499,34.50,34.62501,647100,9.693344
1997-01-10,34.37499,34.875,33.99999,34.875,613500,9.763329
1997-01-09,34.25001,34.62501,33.99999,34.37499,357000,9.62335
1997-01-08,34.62501,34.62501,34.125,34.50,471000,9.658347
1997-01-07,34.25001,34.74999,33.87501,33.99999,476400,9.518368
1997-01-06,34.62501,34.62501,34.125,34.37499,247200,9.62335
1997-01-03,34.37499,34.62501,34.25001,34.50,651000,9.658347
1997-01-02,36.00,36.00,33.99999,34.25001,591000,9.588362
1996-12-31,36.00,36.24999,35.87499,36.00,330000,10.078275
1996-12-30,36.12501,36.375,35.87499,36.24999,168300,10.148261
1996-12-27,36.24999,36.375,35.87499,36.00,91500,10.078275
1996-12-26,36.00,36.62499,35.87499,36.24999,292200,10.148261
1996-12-24,36.00,36.00,35.49999,36.00,163800,10.078275
1996-12-23,35.49999,36.50001,35.37501,35.75001,266400,10.00829
1996-12-20,35.25,35.25,34.875,35.25,490200,9.868311
1996-12-19,34.74999,35.00001,34.50,35.00001,236400,9.798326
1996-12-18,34.62501,34.74999,34.50,34.62501,247800,9.693344
1996-12-17,35.25,35.25,34.62501,34.62501,367200,9.693344
1996-12-16,35.00001,35.49999,34.875,35.25,282900,9.868311
1996-12-13,34.125,35.00001,34.125,34.74999,687900,9.728332
1996-12-12,34.25001,34.37499,33.87501,34.125,286500,9.553365
1996-12-11,34.37499,34.37499,33.75,33.99999,372600,9.518368
1996-12-10,34.74999,35.12499,34.50,34.875,342600,9.763329
1996-12-09,34.37499,34.62501,34.37499,34.50,247500,9.658347
1996-12-06,34.125,34.74999,33.62499,34.50,632700,9.658347
1996-12-05,34.74999,35.00001,34.74999,35.00001,676200,9.798326
1996-12-04,36.12501,36.24999,34.74999,35.00001,706500,9.798326
1996-12-03,36.62499,36.87501,36.00,36.00,585900,10.078275
1996-12-02,36.24999,36.62499,36.00,36.62499,539400,10.253243
1996-11-29,35.625,36.24999,35.625,36.12501,254700,10.113272
1996-11-27,35.625,35.87499,35.49999,35.75001,540900,10.00829
1996-11-26,36.00,36.24999,35.625,35.625,270600,9.973293
1996-11-25,36.00,36.375,35.75001,36.24999,427800,10.148261
1996-11-22,35.25,35.75001,35.25,35.75001,185100,10.00829
1996-11-21,35.49999,35.625,35.25,35.49999,484500,9.938296
1996-11-20,34.50,35.37501,34.37499,35.25,922500,9.868311
1996-11-19,35.87499,35.87499,34.50,34.50,1097700,9.658347
1996-11-18,35.75001,36.75,35.625,36.375,1046700,10.183257
1996-11-15,35.625,35.75001,35.25,35.37501,852300,9.903308
1996-11-14,34.875,35.49999,34.74999,35.37501,811500,9.903308
1996-11-13,34.875,34.875,34.25001,34.62501,631200,9.693344
1996-11-12,34.25001,35.00001,34.125,34.74999,1260300,9.728332
1996-11-11,33.75,33.87501,33.50001,33.87501,569100,9.48338
1996-11-08,33.24999,33.75,33.12501,33.62499,148500,9.413386
1996-11-07,33.00,33.24999,33.00,33.12501,337500,9.273416
1996-11-06,33.24999,33.50001,33.00,33.12501,675000,9.273416
1996-11-05,31.37499,32.87499,31.37499,32.87499,1181100,9.203422
1996-11-04,31.37499,31.62501,31.25001,31.50,451800,8.818491
1996-11-01,31.37499,31.50,31.25001,31.25001,1316700,8.748505
1996-10-31,32.00001,32.00001,30.99999,31.125,947400,8.69111
1996-10-30,32.49999,32.625,31.875,31.875,508500,8.900534
1996-10-29,32.87499,32.87499,32.25,32.37501,262500,9.040153
1996-10-28,33.24999,33.24999,32.75001,32.87499,138900,9.179764
1996-10-25,33.00,33.12501,32.49999,33.12501,754800,9.249577
1996-10-24,32.87499,33.12501,32.87499,33.00,406200,9.214671
1996-10-23,33.375,33.50001,32.87499,33.00,318600,9.214671
1996-10-22,33.75,33.87501,33.24999,33.24999,425700,9.284476
1996-10-21,33.75,33.99999,33.62499,33.62499,935700,9.389188
1996-10-18,33.87501,33.99999,33.75,33.87501,702600,9.459002
1996-10-17,33.62499,34.125,33.375,33.99999,1123500,9.4939
1996-10-16,33.87501,33.87501,32.25,33.50001,2054100,9.354289
1996-10-15,32.625,33.87501,32.625,33.87501,1206900,9.459002
1996-10-14,32.12499,32.49999,31.875,32.37501,360600,9.040153
1996-10-11,31.62501,32.25,31.50,32.00001,824700,8.935441
1996-10-10,31.74999,31.875,30.99999,31.37499,582000,8.760915
1996-10-09,31.74999,32.37501,31.62501,31.875,471600,8.900534
1996-10-08,31.62501,32.00001,31.62501,31.62501,698700,8.830729
1996-10-07,31.50,31.62501,31.125,31.25001,177000,8.726016
1996-10-04,31.125,31.50,30.87501,31.50,963300,8.795822
1996-10-03,30.87501,30.87501,30.50001,30.62499,414600,8.551491
1996-10-02,30.12501,30.62499,30.12501,30.24999,818100,8.446779
1996-10-01,30.00,30.50001,29.75001,29.87499,509100,8.342067
1996-09-30,29.625,30.00,29.49999,29.87499,309600,8.342067
1996-09-27,30.00,30.24999,29.75001,29.75001,583200,8.307168
1996-09-26,29.625,29.75001,29.37501,29.625,260700,8.272261
1996-09-25,28.62501,29.37501,28.62501,29.37501,636600,8.202456
1996-09-24,28.875,28.875,28.25001,28.50,752400,7.958125
1996-09-23,29.37501,29.37501,28.74999,28.875,380700,8.062837
1996-09-20,29.12499,29.49999,29.12499,29.37501,260100,8.202456
1996-09-19,29.12499,29.37501,29.12499,29.37501,142800,8.202456
1996-09-18,29.75001,29.75001,29.12499,29.12499,434400,8.132642
1996-09-17,30.375,30.50001,29.625,29.75001,339300,8.307168
1996-09-16,30.50001,30.62499,30.375,30.50001,147300,8.516592
1996-09-13,30.75,30.99999,30.62499,30.75,610200,8.586398
1996-09-12,30.87501,30.87501,30.375,30.50001,350400,8.516592
1996-09-11,30.24999,31.25001,30.12501,30.87501,375600,8.621304
1996-09-10,29.87499,30.50001,29.75001,30.50001,720900,8.516592
1996-09-09,29.75001,30.12501,29.625,29.87499,339300,8.342067
1996-09-06,29.12499,29.87499,29.12499,29.75001,377700,8.307168
1996-09-05,30.00,30.12501,28.875,28.875,546900,8.062837
1996-09-04,29.625,30.24999,29.625,30.12501,403800,8.41188
1996-09-03,29.49999,29.625,29.00001,29.49999,549900,8.237354
1996-08-30,30.375,30.50001,30.00,30.12501,399000,8.41188
1996-08-29,30.87501,30.87501,30.375,30.375,259500,8.481685
1996-08-28,30.87501,30.99999,30.87501,30.87501,113700,8.621304
1996-08-27,30.87501,31.125,30.75,31.125,289500,8.69111
1996-08-26,31.50,31.50,30.75,30.75,186300,8.586398
1996-08-23,31.25001,31.50,31.125,31.50,204000,8.795822
1996-08-22,30.99999,31.37499,30.87501,31.37499,287700,8.760915
1996-08-21,30.99999,31.50,30.99999,30.99999,412500,8.656203
1996-08-20,32.00001,32.00001,30.62499,30.87501,615000,8.621304
1996-08-19,32.00001,32.49999,31.74999,31.875,720300,8.900534
1996-08-16,31.50,32.12499,31.25001,31.74999,556500,8.865627
1996-08-15,31.25001,31.50,31.25001,31.50,390300,8.795822
1996-08-14,30.50001,31.50,30.50001,31.37499,330300,8.760915
1996-08-13,31.125,31.125,30.50001,30.50001,337500,8.516592
1996-08-12,30.375,31.37499,30.24999,31.37499,678900,8.760915
1996-08-09,30.12501,30.375,29.87499,30.24999,378000,8.446779
1996-08-08,30.12501,30.375,29.625,29.87499,300300,8.342067
1996-08-07,30.62499,30.62499,30.00,30.24999,343800,8.446779
1996-08-06,30.375,30.87501,30.375,30.75,431700,8.586398
1996-08-05,30.50001,30.62499,30.375,30.50001,180000,8.516592
1996-08-02,29.625,30.62499,29.49999,30.62499,477000,8.551491
1996-08-01,28.875,29.37501,28.74999,29.25,250200,8.167549
1996-07-31,28.875,29.00001,28.62501,28.875,231000,8.040495
1996-07-30,29.00001,29.00001,28.50,28.875,195600,8.040495
1996-07-29,29.37501,29.37501,28.74999,28.74999,265200,8.005685
1996-07-26,29.12499,29.37501,29.12499,29.37501,321900,8.179727
1996-07-25,28.74999,29.25,28.62501,29.12499,507300,8.110107
1996-07-24,28.37499,28.74999,28.25001,28.50,1006500,7.936073
1996-07-23,28.50,28.74999,28.37499,28.62501,1113300,7.970883
1996-07-22,28.62501,28.62501,28.25001,28.62501,246000,7.970883
1996-07-19,28.37499,28.74999,28.125,28.62501,505200,7.970883
1996-07-18,27.24999,28.74999,26.625,28.62501,1384800,7.970883
1996-07-17,26.25,27.24999,26.25,27.12501,433500,7.553195
1996-07-16,26.00001,26.00001,24.99999,25.875,813000,7.205119
1996-07-15,26.625,26.625,25.74999,26.12499,729600,7.274731
1996-07-12,26.625,26.625,26.25,26.625,298800,7.413963
1996-07-11,27.12501,27.12501,26.00001,26.37501,312000,7.344351
1996-07-10,27.75,27.99999,27.12501,27.24999,380700,7.587997
1996-07-09,27.50001,27.87501,27.375,27.62499,557700,7.692419
1996-07-08,28.37499,28.74999,27.62499,27.62499,871800,7.692419
1996-07-05,28.74999,28.74999,28.50,28.62501,329700,7.970883
1996-07-03,28.875,29.12499,28.875,29.12499,425400,8.110107
1996-07-02,29.00001,29.00001,28.74999,29.00001,351600,8.075305
1996-07-01,28.37499,29.12499,28.37499,29.00001,330900,8.075305
1996-06-28,28.62501,28.875,28.125,28.50,758100,7.936073
1996-06-27,28.62501,28.74999,28.50,28.74999,977400,8.005685
1996-06-26,29.00001,29.00001,28.62501,28.62501,224100,7.970883
1996-06-25,29.12499,29.12499,28.50,28.74999,382200,8.005685
1996-06-24,29.12499,29.12499,28.74999,29.00001,416400,8.075305
1996-06-21,29.49999,29.75001,29.00001,29.00001,917700,8.075305
1996-06-20,29.87499,30.24999,29.12499,29.25,2403600,8.144917
1996-06-19,31.125,31.25001,30.24999,30.375,2315700,8.458183
1996-06-18,29.87499,31.50,29.87499,30.99999,1615200,8.632217
1996-06-17,29.37501,29.87499,29.25,29.625,259500,8.249339
1996-06-14,28.875,30.00,28.74999,29.625,437400,8.249339
1996-06-13,29.00001,29.00001,28.37499,29.00001,739200,8.075305
1996-06-12,30.00,30.12501,28.875,28.875,706200,8.040495
1996-06-11,30.24999,30.24999,29.625,30.00,538800,8.353761
1996-06-10,30.375,30.375,29.75001,30.12501,269700,8.388571
1996-06-07,30.24999,30.24999,29.75001,30.12501,253200,8.388571
1996-06-06,30.99999,31.25001,30.24999,30.24999,677400,8.423373
1996-06-05,30.75,30.75,30.24999,30.62499,189000,8.527795
1996-06-04,30.62499,30.99999,30.62499,30.62499,268200,8.527795
1996-06-03,30.24999,30.75,30.24999,30.50001,679500,8.492993
1996-05-31,30.75,30.75,30.12501,30.375,258000,8.458183
1996-05-30,30.50001,30.99999,29.87499,30.62499,598500,8.527795
1996-05-29,30.99999,30.99999,30.24999,30.24999,727800,8.423373
1996-05-28,32.25,32.25,31.125,31.125,435900,8.667027
1996-05-24,31.74999,32.25,31.74999,32.12499,569700,8.945484
1996-05-23,32.37501,32.37501,31.74999,31.74999,885900,8.841062
1996-05-22,30.50001,32.37501,30.375,31.74999,1394400,8.841062
1996-05-21,30.12501,31.25001,30.12501,30.62499,1390500,8.527795
1996-05-20,29.12499,29.75001,28.875,29.49999,487500,8.214529
1996-05-17,28.74999,29.00001,28.62501,28.875,298800,8.040495
1996-05-16,29.12499,29.12499,28.37499,28.50,332700,7.936073
1996-05-15,29.49999,29.75001,29.00001,29.12499,220500,8.110107
1996-05-14,29.625,29.75001,29.37501,29.49999,365700,8.214529
1996-05-13,29.00001,30.00,29.00001,29.625,719400,8.249339
1996-05-10,28.125,29.12499,28.125,29.00001,412200,8.075305
1996-05-09,27.99999,27.99999,27.12501,27.62499,209100,7.692419
1996-05-08,27.24999,27.99999,27.00,27.87501,696600,7.762039
1996-05-07,27.99999,28.25001,27.24999,27.24999,288000,7.587997
1996-05-06,28.74999,28.74999,27.50001,27.75,247800,7.727229
1996-05-03,29.12499,29.25,28.62501,28.74999,189000,8.005685
1996-05-02,29.25,29.625,28.74999,28.875,1226400,8.040495
1996-05-01,29.49999,30.00,29.25,29.75001,696300,8.284149
1996-04-30,30.00,30.12501,29.49999,29.49999,1189800,8.214529
1996-04-29,29.49999,30.12501,29.49999,30.12501,578400,8.388571
1996-04-26,28.125,29.87499,28.125,29.87499,842100,8.318951
1996-04-25,28.37499,28.50,28.125,28.25001,249600,7.844182
1996-04-24,28.50,29.12499,28.25001,28.37499,899400,7.878885
1996-04-23,27.00,28.74999,27.00,28.50,1182000,7.913597
1996-04-22,27.50001,27.62499,27.00,27.24999,551400,7.566507
1996-04-19,27.50001,27.62499,27.00,27.24999,509100,7.566507
1996-04-18,26.00001,27.50001,25.74999,27.50001,1168500,7.635929
1996-04-17,25.25001,26.12499,24.99999,25.875,1256100,7.184713
1996-04-16,25.50,25.74999,24.99999,25.125,955800,6.97646
1996-04-15,25.875,25.875,25.25001,25.37499,330000,7.045875
1996-04-12,25.125,26.00001,24.99999,25.74999,486600,7.150002
1996-04-11,26.25,26.25,24.99999,24.99999,1425300,6.941749
1996-04-10,26.25,26.37501,26.12499,26.25,579300,7.288839
1996-04-09,26.87499,26.87499,26.25,26.25,621600,7.288839
1996-04-08,26.25,26.75001,26.25,26.625,706800,7.392965
1996-04-04,27.62499,27.75,27.24999,27.375,280500,7.601218
1996-04-03,27.62499,27.87501,27.24999,27.62499,464700,7.670633
1996-04-02,28.74999,28.74999,27.50001,27.62499,801600,7.670633
1996-04-01,27.50001,28.50,27.375,28.50,1332600,7.913597
1996-03-29,27.375,27.50001,27.24999,27.50001,493200,7.635929
1996-03-28,27.12501,27.375,26.75001,27.375,297600,7.601218
1996-03-27,27.24999,27.50001,27.12501,27.24999,348600,7.566507
1996-03-26,27.62499,27.62499,27.00,27.00,292200,7.497092
1996-03-25,27.50001,27.87501,27.50001,27.62499,1081800,7.670633
1996-03-22,27.00,27.50001,26.49999,27.50001,598500,7.635929
1996-03-21,27.75,27.75,26.75001,27.00,983100,7.497092
1996-03-20,27.99999,28.74999,27.50001,27.87501,1590000,7.740056
1996-03-19,26.75001,27.375,26.75001,27.24999,2922300,7.566507
1996-03-18,25.25001,26.00001,24.87501,26.00001,1247400,7.219424
1996-03-15,24.99999,24.99999,24.62499,24.75,990900,6.872334
1996-03-14,24.62499,25.37499,24.62499,25.125,1775400,6.97646
1996-03-13,24.75,24.75,24.24999,24.50001,749100,6.802919
1996-03-12,24.62499,24.87501,24.24999,24.75,553800,6.872334
1996-03-11,24.12501,24.99999,24.00,24.99999,1164900,6.941749
1996-03-08,25.50,25.62501,23.75001,24.12501,1207800,6.698793
1996-03-07,26.25,26.37501,26.12499,26.25,296700,7.288839
1996-03-06,26.75001,26.75001,26.25,26.49999,603600,7.358254
1996-03-05,26.625,27.12501,26.49999,26.75001,937200,7.427677
1996-03-04,26.49999,27.00,26.49999,26.75001,416100,7.427677
1996-03-01,26.87499,26.87499,26.25,26.37501,666300,7.323551
1996-02-29,26.49999,26.87499,26.25,26.75001,753600,7.427677
1996-02-28,26.49999,27.00,26.49999,26.625,557700,7.392965
1996-02-27,27.00,27.00,26.25,26.37501,381900,7.323551
1996-02-26,27.375,27.375,26.75001,27.00,580800,7.497092
1996-02-23,26.625,27.24999,26.625,27.24999,695100,7.566507
1996-02-22,26.625,27.00,26.25,26.75001,579000,7.427677
1996-02-21,25.875,26.49999,25.875,26.12499,476400,7.254128
1996-02-20,26.49999,26.49999,25.875,26.00001,423600,7.219424
1996-02-16,26.625,27.00,26.625,26.75001,563100,7.427677
1996-02-15,27.24999,27.75,26.75001,26.87499,500400,7.46238
1996-02-14,27.375,27.99999,27.375,27.62499,671100,7.670633
1996-02-13,26.49999,27.99999,26.25,27.62499,1220100,7.670633
1996-02-12,26.75001,27.00,26.25,26.625,545400,7.392965
1996-02-09,26.49999,27.12501,26.49999,26.87499,635700,7.46238
1996-02-08,26.49999,26.625,26.37501,26.49999,614700,7.358254
1996-02-07,26.25,26.75001,26.12499,26.25,690600,7.288839
1996-02-06,26.37501,26.49999,25.62501,26.00001,816300,7.219424
1996-02-05,26.87499,26.87499,26.37501,26.49999,525900,7.358254
1996-02-02,26.625,27.87501,26.625,27.24999,2105400,7.566507
1996-02-01,27.00,27.00,26.37501,26.75001,1199400,7.40546
1996-01-31,25.875,27.00,25.74999,26.87499,1879500,7.44006
1996-01-30,25.875,26.00001,25.74999,26.00001,403800,7.197831
1996-01-29,26.37501,26.37501,25.62501,26.00001,431700,7.197831
1996-01-26,26.75001,26.75001,25.62501,26.25,1248900,7.267038
1996-01-25,25.74999,26.625,25.50,26.625,1086900,7.370853
1996-01-24,25.875,25.875,24.24999,24.99999,2760600,6.920986
1996-01-23,25.74999,26.12499,25.74999,26.12499,1107600,7.23243
1996-01-22,25.125,25.74999,25.125,25.62501,1104000,7.094016
1996-01-19,24.50001,25.125,24.375,24.99999,1419000,6.920986
1996-01-18,24.75,24.75,24.24999,24.50001,1306800,6.782571
1996-01-17,22.37499,24.12501,22.37499,23.87499,2289000,6.609541
1996-01-16,21.99999,22.50,21.99999,22.25001,680400,6.159682
1996-01-15,22.50,22.50,21.75,21.87501,1642200,6.055867
1996-01-12,22.74999,22.875,22.25001,22.37499,1610400,6.194282
1996-01-11,22.74999,23.12499,22.74999,23.00001,1362600,6.367312
1996-01-10,23.625,23.625,22.50,22.50,802200,6.22889
1996-01-09,24.12501,24.50001,23.75001,23.87499,522600,6.609541
1996-01-08,23.75001,24.12501,23.75001,24.12501,157500,6.678756
1996-01-05,23.49999,23.87499,23.49999,23.75001,549000,6.574942
1996-01-04,24.375,24.62499,23.625,23.625,593700,6.540334
1996-01-03,23.75001,24.62499,23.75001,24.375,371400,6.747964
1996-01-02,23.75001,23.75001,23.37501,23.37501,477300,6.471127
1995-12-29,23.625,23.87499,23.49999,23.87499,798900,6.609541
1995-12-28,24.00,24.12501,23.625,23.625,632100,6.540334
1995-12-27,24.24999,24.375,24.12501,24.12501,464100,6.678756
1995-12-26,24.12501,24.50001,24.12501,24.24999,286200,6.713356
1995-12-22,24.12501,24.75,24.00,24.24999,900300,6.713356
1995-12-21,23.37501,24.12501,23.25,23.87499,1581900,6.609541
1995-12-20,23.87499,23.87499,23.00001,23.37501,1534800,6.471127
1995-12-19,22.875,23.87499,22.875,23.87499,906900,6.609541
1995-12-18,23.625,23.625,22.74999,23.12499,987000,6.401912
1995-12-15,23.49999,24.12501,23.49999,23.625,935100,6.540334
1995-12-14,24.87501,24.87501,23.00001,23.49999,1485600,6.505726
1995-12-13,25.125,25.37499,24.62499,24.87501,381300,6.886386
1995-12-12,25.25001,25.37499,24.87501,24.99999,154200,6.920986
1995-12-11,25.50,25.62501,25.25001,25.50,168000,7.059408
1995-12-08,25.74999,25.74999,25.37499,25.37499,366900,7.024801
1995-12-07,26.12499,26.12499,25.25001,25.74999,351300,7.128615
1995-12-06,26.75001,26.87499,25.875,26.12499,644100,7.23243
1995-12-05,26.37501,26.75001,26.25,26.75001,776400,7.40546
1995-12-04,25.74999,26.625,25.62501,26.37501,550500,7.301645
1995-12-01,24.99999,26.25,24.99999,25.62501,543300,7.094016
1995-11-30,24.75,25.25001,24.62499,25.25001,601200,6.990201
1995-11-29,23.625,24.375,23.625,23.75001,1827600,6.574942
1995-11-28,23.625,23.625,23.12499,23.49999,602100,6.505726
1995-11-27,23.87499,24.00,23.49999,23.625,609900,6.540334
1995-11-24,23.625,24.00,23.49999,23.87499,863700,6.609541
1995-11-22,24.00,24.00,23.37501,23.49999,1599300,6.505726
1995-11-21,24.50001,24.62499,23.75001,23.87499,430800,6.609541
1995-11-20,25.37499,25.37499,24.50001,24.62499,677100,6.817171
1995-11-17,25.50,25.50,24.99999,25.25001,361500,6.990201
1995-11-16,25.125,25.875,25.125,25.50,270300,7.059408
1995-11-15,25.875,26.00001,24.87501,25.125,607800,6.955593
1995-11-14,26.25,26.25,26.00001,26.00001,276600,7.197831
1995-11-13,26.37501,26.625,26.25,26.49999,274200,7.336245
1995-11-10,26.87499,27.00,26.625,26.625,183000,7.370853
1995-11-09,26.75001,27.50001,26.75001,27.12501,607500,7.509275
1995-11-08,26.625,27.12501,26.49999,27.00,258300,7.474667
1995-11-07,26.625,26.625,26.37501,26.49999,500700,7.336245
1995-11-06,26.37501,26.625,26.25,26.625,782400,7.370853
1995-11-03,26.25,26.87499,26.25,26.37501,696300,7.301645
1995-11-02,25.25001,26.37501,24.99999,26.37501,402300,7.279495
1995-11-01,24.62499,25.62501,24.24999,25.62501,780000,7.072496
1995-10-31,25.37499,25.74999,24.00,24.50001,730200,6.761996
1995-10-30,26.25,26.25,25.25001,25.37499,276300,7.00349
1995-10-27,24.87501,26.25,24.62499,26.25,1077600,7.244993
1995-10-26,25.37499,25.875,24.62499,25.50,821400,7.037993
1995-10-25,26.25,26.37501,24.24999,25.37499,2077500,7.00349
1995-10-24,26.75001,27.12501,26.25,26.25,788100,7.244993
1995-10-23,26.49999,27.00,26.49999,26.625,787500,7.348493
1995-10-20,27.00,27.12501,26.37501,26.49999,1298700,7.31399
1995-10-19,26.87499,27.375,26.625,27.12501,1185900,7.486495
1995-10-18,27.99999,28.25001,26.49999,26.625,2778000,7.348493
1995-10-17,28.875,28.875,27.50001,27.75,532200,7.658992
1995-10-16,28.62501,28.62501,28.25001,28.50,165300,7.865992
1995-10-13,27.50001,29.12499,27.50001,28.74999,968400,7.934989
1995-10-12,27.375,27.87501,27.12501,27.375,377400,7.555492
1995-10-11,27.12501,27.375,26.87499,27.24999,308700,7.52099
1995-10-10,27.375,27.375,26.87499,27.12501,426000,7.486495
1995-10-09,28.50,28.50,27.75,27.87501,152400,7.693495
1995-10-06,28.74999,28.74999,28.25001,28.50,124500,7.865992
1995-10-05,28.125,28.74999,27.99999,28.74999,282300,7.934989
1995-10-04,28.25001,28.25001,27.75,28.125,233700,7.762492
1995-10-03,28.875,28.875,27.87501,28.25001,651900,7.796995
1995-10-02,29.25,29.25,28.62501,28.62501,481500,7.900495
1995-09-29,27.24999,29.37501,27.24999,29.37501,1134900,8.107495
1995-09-28,26.87499,27.375,26.87499,27.375,617100,7.555492
1995-09-27,27.50001,27.50001,26.37501,26.75001,812100,7.382995
1995-09-26,27.50001,27.75,27.24999,27.50001,371100,7.589995
1995-09-25,28.25001,28.25001,27.24999,27.50001,332100,7.589995
1995-09-22,27.75,28.37499,27.62499,28.37499,1347300,7.83149
1995-09-21,27.75,28.62501,27.75,28.37499,1110000,7.83149
1995-09-20,27.00,27.75,26.49999,27.62499,1197000,7.62449
1995-09-19,27.375,27.62499,26.625,27.12501,1443600,7.486495
1995-09-18,28.25001,28.50,27.00,27.62499,2009700,7.62449
1995-09-15,29.25,29.625,28.74999,29.00001,1400700,8.003995
1995-09-14,28.74999,29.49999,28.74999,29.49999,888900,8.141989
1995-09-13,28.50,28.74999,28.25001,28.74999,590100,7.934989
1995-09-12,28.62501,28.62501,28.25001,28.50,901200,7.865992
1995-09-11,28.37499,28.74999,28.25001,28.62501,602400,7.900495
1995-09-08,27.87501,28.74999,27.75,28.25001,522900,7.796995
1995-09-07,27.50001,27.99999,27.50001,27.87501,1010700,7.693495
1995-09-06,27.50001,28.125,27.12501,27.24999,1263900,7.52099
1995-09-05,27.00,27.87501,26.625,27.62499,1095000,7.62449
1995-09-01,26.12499,27.00,26.00001,27.00,579900,7.451993
1995-08-31,26.25,26.25,26.00001,26.00001,282900,7.175995
1995-08-30,25.74999,26.12499,25.74999,26.12499,1369500,7.21049
1995-08-29,25.50,25.50,25.25001,25.50,1081200,7.037993
1995-08-28,26.00001,26.00001,24.99999,25.25001,965400,6.968996
1995-08-25,26.00001,26.00001,25.74999,25.875,852900,7.141493
1995-08-24,26.00001,26.00001,25.74999,25.875,627900,7.141493
1995-08-23,25.875,26.12499,25.875,26.00001,1199100,7.175995
1995-08-22,25.875,25.875,25.62501,25.74999,676500,7.10699
1995-08-21,26.00001,26.37501,25.74999,25.875,1090800,7.141493
1995-08-18,25.50,25.875,25.37499,25.875,1061700,7.141493
1995-08-17,25.74999,26.00001,25.25001,25.37499,1470300,7.00349
1995-08-16,24.50001,25.125,24.375,24.99999,1821600,6.89999
1995-08-15,23.625,23.75001,23.25,23.75001,392400,6.554996
1995-08-14,23.00001,23.625,23.00001,23.625,209100,6.520493
1995-08-11,22.875,23.25,22.875,23.12499,592200,6.382491
1995-08-10,23.37501,23.37501,22.37499,22.74999,604800,6.278991
1995-08-09,23.87499,24.00,23.49999,23.625,393300,6.520493
1995-08-08,24.24999,24.24999,23.625,23.75001,324900,6.554996
1995-08-07,23.87499,24.50001,23.75001,24.375,205500,6.727493
1995-08-04,23.625,23.75001,23.37501,23.625,478200,6.520493
1995-08-03,23.49999,23.625,23.37501,23.49999,883200,6.463908
1995-08-02,24.00,24.24999,23.75001,23.75001,319200,6.532679
1995-08-01,23.75001,23.87499,23.625,23.75001,299100,6.532679
1995-07-31,23.75001,23.87499,23.625,23.75001,329700,6.532679
1995-07-28,23.625,24.12501,23.625,24.00,916800,6.601441
1995-07-27,23.12499,23.625,23.12499,23.625,561600,6.498293
1995-07-26,23.25,23.25,22.875,23.12499,903900,6.360761
1995-07-25,22.74999,23.25,22.62501,23.25,1042800,6.395146
1995-07-24,22.74999,22.875,22.50,22.74999,581400,6.257613
1995-07-21,22.37499,22.62501,22.37499,22.62501,2566800,6.223236
1995-07-20,21.99999,22.74999,21.99999,22.50,1734000,6.188851
1995-07-19,21.99999,22.50,21.50001,21.75,1749900,5.982556
1995-07-18,21.50001,22.25001,21.50001,21.62499,1637400,5.948171
1995-07-17,21.375,21.87501,21.24999,21.62499,633000,5.948171
1995-07-14,22.125,22.125,21.12501,21.375,963000,5.879408
1995-07-13,22.62501,22.62501,21.75,22.25001,1132500,6.120088
1995-07-12,22.74999,23.49999,22.62501,22.74999,1351200,6.257613
1995-07-11,21.75,22.37499,21.62499,22.37499,1636800,6.154466
1995-07-10,21.50001,22.37499,21.375,22.37499,1336200,6.154466
1995-07-07,21.12501,21.375,20.87499,21.24999,766200,5.845023
1995-07-06,20.37501,21.00,20.37501,20.87499,1308600,5.741876
1995-07-05,19.62501,20.12499,19.50,20.12499,1657200,5.535581
1995-07-03,19.50,19.875,19.50,19.74999,416400,5.432433
1995-06-30,20.37501,20.75001,19.50,19.62501,2285400,5.398056
1995-06-29,20.00001,20.625,19.875,20.25,1941300,5.569966
1995-06-28,20.49999,20.49999,19.875,20.00001,1972500,5.501203
1995-06-27,21.75,21.75,20.12499,20.25,1230300,5.569966
1995-06-26,21.75,21.87501,21.12501,21.50001,534900,5.913793
1995-06-23,21.99999,22.125,21.75,21.99999,268500,6.051318
1995-06-22,21.87501,22.125,21.87501,21.87501,1039500,6.016941
1995-06-21,22.25001,22.37499,21.87501,21.99999,1056900,6.051318
1995-06-20,22.25001,22.50,21.99999,22.125,1350000,6.085703
1995-06-19,21.87501,22.125,21.75,21.99999,872100,6.051318
1995-06-16,21.375,21.75,21.12501,21.75,1255500,5.982556
1995-06-15,21.50001,21.75,21.12501,21.375,807600,5.879408
1995-06-14,21.50001,21.50001,21.12501,21.12501,522900,5.810646
1995-06-13,20.87499,21.50001,20.75001,21.24999,620400,5.845023
1995-06-12,20.625,20.87499,20.625,20.625,498600,5.673113
1995-06-09,21.00,21.00,20.37501,20.75001,1050300,5.707498
1995-06-08,21.24999,21.375,21.00,21.00,496800,5.776261
1995-06-07,21.62499,21.62499,21.12501,21.12501,525000,5.810646
1995-06-06,21.99999,22.125,21.62499,21.62499,396000,5.948171
1995-06-05,21.87501,22.37499,21.87501,21.99999,860100,6.051318
1995-06-02,21.24999,22.125,21.00,21.99999,2133900,6.051318
1995-06-01,20.625,21.50001,20.25,21.50001,3034800,5.913793
1995-05-31,20.87499,21.00,20.49999,21.00,1002600,5.776261
1995-05-30,21.50001,21.62499,20.87499,21.00,384600,5.776261
1995-05-26,21.50001,21.50001,21.375,21.50001,390300,5.913793
1995-05-25,21.75,21.75,21.24999,21.375,497700,5.879408
1995-05-24,21.75,21.87501,21.50001,21.75,943800,5.982556
1995-05-23,21.12501,22.25001,21.12501,21.75,1245900,5.982556
1995-05-22,21.00,21.24999,20.87499,21.24999,693900,5.845023
1995-05-19,21.12501,21.24999,20.49999,20.87499,368100,5.741876
1995-05-18,21.75,21.75,21.12501,21.375,648000,5.879408
1995-05-17,21.99999,22.50,21.87501,21.87501,894900,6.016941
1995-05-16,21.375,21.99999,21.375,21.99999,1050900,6.051318
1995-05-15,21.50001,21.62499,20.87499,21.24999,266700,5.845023
1995-05-12,21.50001,21.75,21.50001,21.50001,769800,5.913793
1995-05-11,21.75,21.75,21.24999,21.50001,659700,5.913793
1995-05-10,21.87501,21.87501,21.12501,21.62499,856800,5.948171
1995-05-09,21.00,21.50001,21.00,21.50001,986100,5.913793
1995-05-08,20.49999,20.87499,20.49999,20.87499,460500,5.741876
1995-05-05,20.25,20.75001,20.25,20.625,762000,5.673113
1995-05-04,20.625,20.87499,20.00001,20.37501,1530900,5.604351
1995-05-03,20.12499,20.75001,20.12499,20.625,1772700,5.651106
1995-05-02,19.62501,20.12499,19.62501,20.12499,987900,5.514107
1995-05-01,20.12499,20.12499,19.25001,19.50,719400,5.342864
1995-04-28,20.12499,20.37501,19.875,20.12499,1125900,5.514107
1995-04-27,20.00001,20.12499,19.875,20.12499,456000,5.514107
1995-04-26,19.875,20.12499,19.62501,20.00001,1323300,5.479863
1995-04-25,19.74999,20.00001,19.74999,19.74999,781500,5.411359
1995-04-24,19.74999,19.875,19.50,19.875,459300,5.445611
1995-04-21,20.00001,20.00001,19.74999,19.74999,675000,5.411359
1995-04-20,19.74999,20.37501,19.62501,20.00001,2178300,5.479863
1995-04-19,20.25,20.625,19.37499,19.74999,2268000,5.411359
1995-04-18,20.49999,20.49999,20.12499,20.25,2180100,5.548359
1995-04-17,20.49999,20.87499,20.37501,20.37501,832800,5.58261
1995-04-13,19.875,20.49999,19.875,20.37501,1372200,5.58261
1995-04-12,19.50,20.12499,19.50,19.875,2507400,5.445611
1995-04-11,18.99999,19.50,18.99999,19.125,620700,5.240116
1995-04-10,18.375,19.125,18.375,19.125,1105500,5.240116
1995-04-07,18.87501,18.87501,18.24999,18.24999,1371000,5.00037
1995-04-06,18.75,18.87501,18.75,18.75,546000,5.137369
1995-04-05,18.62499,19.125,18.62499,18.62499,1110900,5.103117
1995-04-04,19.125,19.25001,18.87501,18.87501,529800,5.171621
1995-04-03,19.125,19.125,18.87501,19.125,462300,5.240116
1995-03-31,19.37499,19.37499,18.87501,19.125,720300,5.240116
1995-03-30,19.125,19.125,18.87501,19.125,700200,5.240116
1995-03-29,19.25001,19.50,18.99999,18.99999,1026900,5.205865
1995-03-28,19.25001,19.50,19.125,19.25001,741300,5.274368
1995-03-27,18.87501,19.37499,18.87501,19.37499,937500,5.308612
1995-03-24,18.62499,19.125,18.62499,18.75,1575600,5.137369
1995-03-23,18.87501,18.87501,18.62499,18.75,672600,5.137369
1995-03-22,18.87501,18.99999,18.62499,18.99999,452700,5.205865
1995-03-21,19.125,19.50,18.75,18.75,1121100,5.137369
1995-03-20,18.62499,19.125,18.50001,19.125,735000,5.240116
1995-03-17,18.50001,18.99999,18.50001,18.62499,1276500,5.103117
1995-03-16,19.50,19.50,18.50001,18.75,1067100,5.137369
1995-03-15,19.37499,19.62501,19.25001,19.37499,1154700,5.308612
1995-03-14,19.125,19.37499,18.87501,19.37499,1176600,5.308612
1995-03-13,18.99999,18.99999,18.87501,18.87501,583200,5.171621
1995-03-10,18.99999,19.125,18.75,18.87501,770400,5.171621
1995-03-09,19.125,19.125,18.99999,19.125,480000,5.240116
1995-03-08,19.125,19.37499,19.125,19.125,774300,5.240116
1995-03-07,18.75,18.99999,18.75,18.99999,1043100,5.205865
1995-03-06,18.99999,19.25001,18.75,18.87501,1407900,5.171621
1995-03-03,19.875,19.875,19.37499,19.37499,1156800,5.308612
1995-03-02,19.50,20.00001,19.37499,19.875,2352900,5.445611
1995-03-01,18.375,19.50,18.24999,19.37499,3259200,5.308612
1995-02-28,17.25,18.24999,17.25,18.24999,3169500,5.00037
1995-02-27,17.00001,17.12499,16.875,17.00001,310500,4.657884
1995-02-24,17.37501,17.37501,17.00001,17.12499,830700,4.692128
1995-02-23,17.49999,17.625,17.37501,17.37501,1391700,4.760631
1995-02-22,17.12499,17.49999,17.12499,17.37501,874800,4.760631
1995-02-21,17.00001,17.12499,16.875,17.12499,644400,4.692128
1995-02-17,17.00001,17.00001,16.875,17.00001,154200,4.657884
1995-02-16,17.12499,17.12499,16.875,17.00001,347700,4.657884
1995-02-15,16.37499,17.12499,16.37499,17.12499,870000,4.692128
1995-02-14,16.74999,16.74999,16.25001,16.37499,1084800,4.486633
1995-02-13,17.12499,17.12499,16.74999,16.875,516300,4.623632
1995-02-10,17.49999,17.49999,17.00001,17.12499,137400,4.692128
1995-02-09,17.25,17.75001,17.25,17.37501,214200,4.760631
1995-02-08,16.62501,17.12499,16.50,17.00001,494400,4.657884
1995-02-07,16.74999,16.74999,16.50,16.62501,361500,4.555136
1995-02-06,16.74999,16.875,16.62501,16.74999,227100,4.58938
1995-02-03,16.62501,16.74999,16.50,16.74999,278700,4.58938
1995-02-02,16.37499,16.875,16.37499,16.74999,306600,4.58938
1995-02-01,16.25001,16.37499,16.125,16.37499,133200,4.486633
1995-01-31,16.125,16.18749,15.99999,16.18749,354000,4.435259
1995-01-30,16.125,16.125,15.99999,16.125,70800,4.418137
1995-01-27,16.125,16.125,15.99999,16.125,24300,4.418137
1995-01-26,16.125,16.25001,15.99999,15.99999,92100,4.383886
1995-01-25,15.62499,16.37499,15.62499,16.125,83100,4.418137
1995-01-24,15.62499,15.62499,15.62499,15.62499,35100,4.281138
1995-01-23,15.62499,15.62499,15.375,15.50001,115200,4.246894
1995-01-20,15.62499,15.62499,15.50001,15.50001,43500,4.246894
1995-01-19,15.75,15.75,15.62499,15.62499,48600,4.281138
1995-01-18,15.99999,15.99999,15.62499,15.75,60900,4.31539
1995-01-17,15.99999,15.99999,15.99999,15.99999,186300,4.383886
1995-01-16,15.87501,16.125,15.87501,15.99999,834300,4.383886
1995-01-13,15.75,15.75,15.50001,15.75,84600,4.31539
1995-01-12,15.75,15.75,15.75,15.75,76200,4.31539
1995-01-11,15.75,15.75,15.75,15.75,10800,4.31539
1995-01-10,15.75,15.87501,15.75,15.87501,19200,4.349642
1995-01-09,15.87501,15.87501,15.75,15.75,24000,4.31539
1995-01-06,15.87501,15.87501,15.62499,15.75,294000,4.31539
1995-01-05,16.125,16.25001,15.87501,16.125,54300,4.418137
1995-01-04,15.99999,16.125,15.87501,16.125,45300,4.418137
1995-01-03,16.125,16.125,15.75,15.99999,93300,4.383886
1994-12-30,15.99999,15.99999,15.99999,15.99999,15900,4.383886
1994-12-29,16.125,16.125,15.99999,15.99999,190800,4.383886
1994-12-28,15.99999,16.125,15.99999,16.125,62100,4.418137
1994-12-27,15.99999,16.25001,15.87501,16.125,113700,4.418137
1994-12-23,15.75,15.99999,15.75,15.99999,189600,4.383886
1994-12-22,15.50001,15.62499,15.24999,15.62499,248400,4.281138
1994-12-21,15.24999,15.50001,15.24999,15.50001,96600,4.246894
1994-12-20,15.12501,15.375,15.12501,15.12501,128400,4.144147
1994-12-19,15.24999,15.24999,15.00,15.12501,47400,4.144147
1994-12-16,14.625,15.375,14.625,15.375,442500,4.212643
1994-12-15,14.37501,14.625,14.37501,14.49999,274200,3.972896
1994-12-14,14.25,14.49999,14.25,14.37501,442200,3.938652
1994-12-13,14.25,14.25,14.12499,14.12499,146100,3.870149
1994-12-12,14.25,14.625,14.12499,14.25,284400,3.9044
1994-12-09,14.25,14.25,13.875,14.00001,272100,3.835905
1994-12-08,14.49999,14.625,14.37501,14.37501,169200,3.938652
1994-12-07,14.75001,14.75001,14.49999,14.49999,77700,3.972896
1994-12-06,14.75001,14.75001,14.625,14.625,91200,4.007148
1994-12-05,14.75001,14.75001,14.625,14.75001,19800,4.0414
1994-12-02,14.75001,14.75001,14.625,14.75001,54600,4.0414
1994-12-01,15.375,15.375,14.75001,14.75001,794400,4.0414
1994-11-30,15.24999,15.375,15.24999,15.24999,130800,4.178391
1994-11-29,15.24999,15.375,15.24999,15.375,187500,4.212643
1994-11-28,15.62499,15.62499,15.24999,15.24999,280500,4.178391
1994-11-25,15.24999,15.50001,15.24999,15.50001,132600,4.246894
1994-11-23,15.24999,15.50001,15.12501,15.24999,906600,4.178391
1994-11-22,15.99999,16.125,15.375,15.375,709800,4.212643
1994-11-21,16.62501,16.62501,16.125,16.125,348600,4.418137
1994-11-18,16.37499,16.62501,16.25001,16.50,1468800,4.520885
1994-11-17,15.99999,16.25001,15.87501,16.25001,4872000,4.452389
1994-11-16,15.99999,16.125,15.99999,15.99999,8343900,4.383886
