Date,Open,High,Low,Close,Volume,Adj Close
2016-10-21,55.080002,55.650002,54.610001,55.490002,1598600,55.490002
2016-10-20,55.549999,55.98,55.220001,55.459999,2721500,55.459999
2016-10-19,54.82,55.810001,54.599998,55.560001,2133500,55.560001
2016-10-18,54.43,54.880001,53.779999,54.700001,1754500,54.700001
2016-10-17,54.200001,54.549999,53.59,53.849998,1648400,53.849998
2016-10-14,53.330002,54.560001,52.990002,54.189999,2608300,54.189999
2016-10-13,51.790001,53.279999,51.220001,52.939999,2265100,52.939999
2016-10-12,50.619999,51.689999,50.41,51.48,1500300,51.48
2016-10-11,51.150002,51.439999,50.48,50.50,1240000,50.50
2016-10-10,50.98,51.630001,50.98,51.080002,821000,51.080002
2016-10-07,51.529999,51.689999,50.68,50.84,2195000,50.84
2016-10-06,51.470001,51.860001,51.27,51.73,1681100,51.73
2016-10-05,51.75,52.110001,51.59,51.630001,763000,51.630001
2016-10-04,51.830002,52.169998,51.049999,51.450001,1219900,51.450001
2016-10-03,51.93,52.380001,51.68,51.869999,1486100,51.869999
2016-09-30,52.200001,52.950001,52.040001,52.209999,1888300,52.209999
2016-09-29,52.939999,53.459999,51.900002,52.25,1131200,52.25
2016-09-28,51.990002,52.990002,51.630001,52.900002,1526800,52.900002
2016-09-27,51.540001,52.130001,51.200001,52.099998,1057300,52.099998
2016-09-26,51.080002,51.700001,50.43,51.560001,2479400,51.560001
2016-09-23,51.400002,51.900002,51.209999,51.57,1472200,51.57
2016-09-22,51.639999,52.040001,51.490002,51.869999,1393700,51.869999
2016-09-21,50.139999,51.400002,49.799999,51.360001,2135100,51.360001
2016-09-20,50.360001,50.50,49.279999,49.310001,1283400,49.310001
2016-09-19,49.119999,50.889999,49.119999,49.790001,2698700,49.790001
2016-09-16,48.32,48.959999,47.459999,48.889999,2700000,48.889999
2016-09-15,46.400002,49.00,46.27,48.459999,2635700,48.459999
2016-09-14,45.759998,46.32,45.619999,46.299999,1407900,46.299999
2016-09-13,46.84,46.880001,45.549999,45.830002,1327700,45.830002
2016-09-12,46.200001,47.330002,46.200001,47.189999,2339100,47.189999
2016-09-09,46.759998,46.860001,46.23,46.419998,1453400,46.419998
2016-09-08,47.630001,47.68,46.970001,47.099998,1383000,47.099998
2016-09-07,47.950001,48.060001,47.720001,47.740002,1594500,47.740002
2016-09-06,49.400002,49.400002,47.939999,48.00,1110400,48.00
2016-09-02,47.990002,49.279999,47.959999,49.080002,1765800,49.080002
2016-09-01,47.09,48.369999,46.869999,47.630001,2020100,47.630001
2016-08-31,46.630001,47.099998,46.169998,47.040001,1174100,47.040001
2016-08-30,46.73,46.810001,46.330002,46.799999,936200,46.799999
2016-08-29,45.919998,46.970001,45.919998,46.610001,838500,46.610001
2016-08-26,47.080002,47.130001,46.060001,46.110001,720200,45.970001
2016-08-25,46.669998,47.119999,46.380001,46.959999,916000,46.817419
2016-08-24,47.34,47.349998,46.459999,46.799999,1497600,46.657905
2016-08-23,47.07,47.43,46.869999,47.349998,1568300,47.206234
2016-08-22,45.93,46.779999,45.830002,46.779999,1291000,46.637965
2016-08-19,45.669998,46.080002,45.650002,46.040001,1597900,45.900214
2016-08-18,45.740002,46.099998,45.369999,45.759998,2591700,45.621062
2016-08-17,46.610001,46.630001,45.549999,45.740002,1129500,45.601126
2016-08-16,47.099998,47.299999,46.490002,46.77,1961300,46.627997
2016-08-15,46.68,47.450001,46.68,47.349998,1511400,47.206234
2016-08-12,46.779999,47.220001,46.57,46.689999,1739900,46.548238
2016-08-11,46.889999,47.240002,46.549999,47.029999,1119200,46.887206
2016-08-10,47.630001,47.700001,46.25,46.84,1798900,46.697784
2016-08-09,48.00,49.200001,47.240002,47.759998,3560000,47.614989
2016-08-08,48.470001,48.470001,47.700001,48.02,1271600,47.874202
2016-08-05,48.00,48.77,47.639999,48.52,773500,48.372684
2016-08-04,47.57,48.00,47.560001,47.990002,817600,47.844294
2016-08-03,47.560001,48.119999,47.299999,47.639999,1064000,47.495355
2016-08-02,47.869999,47.880001,47.310001,47.59,1098800,47.445507
2016-08-01,47.84,48.27,47.529999,47.84,702400,47.694748
2016-07-29,47.73,48.279999,47.209999,47.830002,1692800,47.68478
2016-07-28,47.990002,48.139999,47.689999,47.700001,733300,47.555174
2016-07-27,48.450001,48.450001,47.82,48.049999,689200,47.90411
2016-07-26,48.00,48.259998,47.77,48.119999,850700,47.973897
2016-07-25,47.990002,48.00,47.759998,47.959999,644900,47.814383
2016-07-22,47.700001,48.080002,47.369999,47.959999,804800,47.814383
2016-07-21,48.380001,48.619999,47.610001,47.759998,1533100,47.614989
2016-07-20,48.549999,48.849998,48.099998,48.549999,1394200,48.402592
2016-07-19,48.639999,48.77,47.790001,48.220001,1989600,48.073596
2016-07-18,48.540001,48.880001,48.540001,48.630001,575500,48.482351
2016-07-15,48.82,49.18,48.389999,48.610001,1198700,48.462411
2016-07-14,49.150002,49.330002,48.509998,48.98,1283300,48.831286
2016-07-13,49.400002,49.610001,48.68,48.689999,1395000,48.542166
2016-07-12,50.009998,50.18,49.099998,49.169998,1584200,49.020708
2016-07-11,49.709999,49.950001,49.450001,49.619999,1089500,49.469343
2016-07-08,49.34,50.00,49.029999,49.540001,870200,49.389588
2016-07-07,49.189999,49.360001,48.580002,48.799999,1437300,48.651833
2016-07-06,48.580002,49.130001,48.25,48.990002,1821600,48.841258
2016-07-05,49.099998,49.419998,48.59,48.919998,1072500,48.771467
2016-07-01,49.580002,49.720001,49.189999,49.43,1077400,49.279921
2016-06-30,48.560001,49.650002,48.560001,49.650002,2044500,49.499254
2016-06-29,48.18,48.73,47.900002,48.529999,2499000,48.382652
2016-06-28,47.380001,47.720001,47.169998,47.59,1722700,47.445507
2016-06-27,48.650002,48.759998,46.860001,46.869999,3007100,46.727692
2016-06-24,50.07,50.459999,49.41,49.48,4847100,49.329768
2016-06-23,51.580002,51.849998,51.310001,51.810001,1456100,51.652696
2016-06-22,51.360001,51.360001,50.889999,51.00,1120400,50.845154
2016-06-21,51.189999,51.380001,50.869999,51.130001,1597400,50.97476
2016-06-20,50.970001,51.490002,50.939999,51.130001,1925500,50.97476
2016-06-17,50.77,50.799999,50.16,50.299999,2046400,50.147278
2016-06-16,51.139999,51.27,50.759998,51.00,2422800,50.845154
2016-06-15,51.73,52.110001,51.389999,51.669998,1219600,51.513118
2016-06-14,51.400002,51.889999,51.200001,51.689999,1459400,51.533057
2016-06-13,51.34,51.790001,51.099998,51.560001,1431800,51.403455
2016-06-10,51.790001,51.880001,51.389999,51.650002,1386800,51.493182
2016-06-09,52.150002,52.549999,52.049999,52.50,1904900,52.201023
2016-06-08,51.709999,52.419998,51.57,52.419998,2325300,52.121476
2016-06-07,51.50,52.029999,51.259998,51.709999,2016400,51.415521
2016-06-06,50.799999,51.66,50.740002,51.630001,2140700,51.335978
2016-06-03,50.080002,50.869999,49.830002,50.860001,2003700,50.570363
2016-06-02,48.91,50.450001,48.740002,50.43,2245800,50.142811
2016-06-01,48.82,49.18,48.720001,48.990002,1721300,48.711013
2016-05-31,49.240002,49.50,49.02,49.200001,2564200,48.919816
2016-05-27,48.130001,49.360001,48.02,49.240002,3099800,48.959589
2016-05-26,50.540001,51.099998,48.080002,48.189999,10606500,47.915566
2016-05-25,47.41,50.900002,46.599998,50.650002,21574700,50.36156
2016-05-24,35.080002,36.02,35.080002,35.650002,3472900,35.446982
2016-05-23,34.98,35.150002,34.779999,35.00,913800,34.800682
2016-05-20,34.470001,35.060001,34.450001,35.009998,1394800,34.810623
2016-05-19,34.150002,34.700001,34.110001,34.439999,1128100,34.243869
2016-05-18,34.009998,34.41,33.880001,34.18,704600,33.985352
2016-05-17,34.419998,34.650002,33.93,34.009998,1089200,33.816318
2016-05-16,33.84,34.650002,33.84,34.389999,1315300,34.194155
2016-05-13,33.740002,34.040001,33.529999,33.830002,793600,33.637347
2016-05-12,33.959999,33.959999,33.34,33.720001,917700,33.527972
2016-05-11,34.00,34.189999,33.650002,33.759998,926700,33.567742
2016-05-10,33.759998,34.119999,33.59,34.110001,930100,33.915751
2016-05-09,33.610001,33.880001,33.459999,33.580002,727600,33.38877
2016-05-06,32.84,33.57,32.669998,33.540001,624400,33.348997
2016-05-05,32.630001,33.34,32.610001,33.049999,1082400,32.861786
2016-05-04,32.889999,32.98,32.619999,32.700001,796100,32.513781
2016-05-03,33.330002,33.369999,32.77,33.049999,798400,32.861786
2016-05-02,33.16,33.529999,33.040001,33.52,854200,33.329111
2016-04-29,33.279999,33.279999,32.509998,33.130001,1189100,32.941332
2016-04-28,33.470001,33.880001,33.259998,33.32,798200,33.130249
2016-04-27,33.27,33.619999,33.049999,33.57,864400,33.378825
2016-04-26,33.07,33.50,32.919998,33.279999,843500,33.090476
2016-04-25,33.029999,33.349998,32.799999,33.02,1391000,32.831958
2016-04-22,32.98,33.290001,32.93,33.240002,1563400,33.050706
2016-04-21,33.040001,33.369999,32.91,33.080002,991300,32.891618
2016-04-20,33.139999,33.43,32.970001,33.139999,1796600,32.951274
2016-04-19,33.43,33.790001,32.919998,33.07,1334100,32.881672
2016-04-18,33.189999,33.50,32.959999,33.41,1891300,33.219736
2016-04-15,33.540001,33.790001,33.389999,33.43,914300,33.239623
2016-04-14,33.259998,33.669998,33.209999,33.439999,521100,33.249564
2016-04-13,32.869999,33.32,32.639999,33.32,1093900,33.130249
2016-04-12,33.130001,33.50,32.939999,33.200001,721500,33.010933
2016-04-11,33.509998,33.75,33.080002,33.119999,551600,32.931387
2016-04-08,33.23,33.509998,33.080002,33.32,668700,33.130249
2016-04-07,33.400002,33.419998,32.720001,32.970001,936400,32.782243
2016-04-06,33.209999,33.52,33.060001,33.50,623500,33.309224
2016-04-05,33.470001,33.630001,33.169998,33.209999,1198500,33.020875
2016-04-04,34.310001,34.389999,33.57,33.700001,1301300,33.508086
2016-04-01,34.080002,34.299999,33.669998,34.27,1561200,34.074839
2016-03-31,34.029999,34.490002,33.900002,34.389999,1179200,34.054953
2016-03-30,33.610001,34.189999,33.560001,34.029999,1548700,33.69846
2016-03-29,32.299999,33.529999,32.25,33.48,3251500,33.153819
2016-03-28,31.959999,32.639999,31.83,32.360001,1704200,32.044731
2016-03-24,31.48,31.870001,31.40,31.860001,621300,31.549603
2016-03-23,31.559999,31.90,31.43,31.65,730100,31.341648
2016-03-22,31.51,31.73,31.41,31.60,706100,31.292136
2016-03-21,31.35,31.65,31.32,31.58,697200,31.27233
2016-03-18,31.559999,31.77,31.27,31.440001,1226500,31.133695
2016-03-17,30.91,31.68,30.85,31.59,791900,31.282233
2016-03-16,30.809999,30.940001,30.469999,30.889999,808800,30.589052
2016-03-15,30.49,30.98,30.41,30.90,1164000,30.598955
2016-03-14,30.540001,30.85,29.98,30.629999,843600,30.331585
2016-03-11,30.33,30.790001,30.309999,30.559999,806400,30.262267
2016-03-10,30.370001,30.73,29.66,30.10,1185600,29.806749
2016-03-09,30.25,30.389999,30.02,30.309999,1081000,30.014703
2016-03-08,30.530001,30.700001,29.76,30.030001,2040500,29.737432
2016-03-07,30.440001,30.90,30.27,30.700001,1163700,30.400904
2016-03-04,30.76,30.790001,30.25,30.51,1354800,30.212755
2016-03-03,30.25,30.780001,30.07,30.77,1388000,30.470222
2016-03-02,29.75,30.24,29.610001,30.219999,1729400,29.925579
2016-03-01,29.030001,30.00,28.879999,29.75,3197300,29.460159
2016-02-29,28.440001,29.10,28.129999,28.809999,2189200,28.529316
2016-02-26,28.07,28.620001,27.65,28.530001,2055700,28.252046
2016-02-25,27.82,27.92,27.34,27.879999,2226000,27.608377
2016-02-24,27.10,27.889999,27.10,27.790001,2157400,27.519255
2016-02-23,27.75,28.10,27.610001,27.68,1628500,27.410326
2016-02-22,27.82,28.10,27.459999,27.780001,1386400,27.509352
2016-02-19,27.200001,27.540001,26.91,27.450001,1874300,27.182568
2016-02-18,27.950001,28.030001,27.379999,27.530001,2043000,27.261788
2016-02-17,27.780001,28.07,27.34,28.02,1802100,27.747014
2016-02-16,28.10,28.41,27.559999,27.639999,2125500,27.370715
2016-02-12,27.25,27.75,26.91,27.620001,2126600,27.350911
2016-02-11,27.23,27.950001,26.74,27.049999,4212300,26.786463
2016-02-10,24.27,28.190001,24.27,27.719999,6942100,27.449936
2016-02-09,30.41,31.16,30.389999,30.799999,3363000,30.499928
2016-02-08,30.75,30.879999,30.17,30.700001,3019100,30.400904
2016-02-05,31.860001,32.080002,31.450001,31.49,2334400,31.183207
2016-02-04,31.24,32.150002,31.24,31.91,1488700,31.599115
2016-02-03,31.559999,31.75,30.75,31.280001,1859300,30.975253
2016-02-02,31.51,31.860001,31.190001,31.309999,1881000,31.00496
2016-02-01,31.90,32.029999,31.58,31.74,1835100,31.430771
2016-01-29,30.93,32.080002,30.92,32.07,1761000,31.757556
2016-01-28,30.82,31.08,30.450001,30.76,1240400,30.460319
2016-01-27,30.23,31.23,30.18,30.370001,1909100,30.074119
2016-01-26,29.82,30.48,29.74,30.27,1268600,29.975093
2016-01-25,30.309999,30.49,29.610001,29.790001,2071000,29.49977
2016-01-22,29.35,30.40,29.35,30.360001,3317100,30.064217
2016-01-21,29.190001,29.450001,28.76,28.809999,2915700,28.529316
2016-01-20,28.32,29.620001,28.15,29.219999,2096900,28.935322
2016-01-19,29.40,29.469999,28.709999,28.879999,1713200,28.598634
2016-01-15,28.58,29.120001,28.40,29.059999,1535400,28.776881
2016-01-14,29.00,29.719999,28.59,29.459999,1573600,29.172983
2016-01-13,29.969999,30.040001,28.690001,28.82,1773900,28.539219
2016-01-12,29.799999,30.00,29.34,29.809999,1705800,29.519574
2016-01-11,29.530001,29.709999,29.09,29.57,1941700,29.281912
2016-01-08,30.440001,30.549999,29.469999,29.50,2018000,29.212595
2016-01-07,30.17,30.76,30.129999,30.32,1429800,30.024605
2016-01-06,30.610001,30.950001,30.549999,30.74,1719800,30.440514
2016-01-05,31.639999,31.690001,30.959999,31.049999,2930800,30.747493
2016-01-04,31.860001,32.16,31.309999,31.639999,2683000,31.331745
2015-12-31,32.950001,33.110001,32.470001,32.68,1439800,32.361614
2015-12-30,33.150002,33.400002,33.009998,33.119999,1238100,32.65869
2015-12-29,33.049999,33.66,33.02,33.150002,1553000,32.688275
2015-12-28,33.09,33.139999,32.59,33.060001,995100,32.599528
2015-12-24,33.00,33.279999,32.98,33.169998,736200,32.707993
2015-12-23,32.25,33.209999,32.200001,33.040001,2002400,32.579806
2015-12-22,32.220001,32.470001,32.099998,32.220001,1848800,31.771228
2015-12-21,31.620001,32.360001,31.49,32.25,4134000,31.800809
2015-12-18,31.280001,31.75,31.02,31.51,6668000,31.071116
2015-12-17,31.33,31.92,31.059999,31.379999,4680200,30.942926
2015-12-16,30.60,31.48,30.280001,31.370001,3257300,30.933066
2015-12-15,30.219999,30.629999,29.950001,30.309999,2727800,29.887829
2015-12-14,29.889999,30.209999,29.51,29.92,2385500,29.503262
2015-12-11,30.219999,30.440001,29.559999,29.790001,2527200,29.375073
2015-12-10,30.48,30.76,30.35,30.620001,2960000,30.193513
2015-12-09,30.52,31.07,30.23,30.51,3207100,30.085044
2015-12-08,30.35,30.870001,30.200001,30.459999,3362000,30.03574
2015-12-07,30.50,30.799999,30.35,30.780001,3874900,30.351284
2015-12-04,30.07,30.690001,30.07,30.610001,4034100,30.183652
2015-12-03,30.889999,30.90,29.709999,30.07,5845700,29.651172
2015-12-02,31.25,31.50,30.83,30.870001,2821100,30.440031
2015-12-01,31.290001,31.540001,30.92,31.33,4804900,30.893623
2015-11-30,30.85,31.959999,29.780001,31.33,30648500,30.893623
2015-11-27,69.129998,70.299995,68.499996,68.619997,16264100,18.160463
2015-11-25,69.489998,69.829997,67.719997,69.459999,9338000,18.382772
2015-11-24,69.769998,70.209998,69.409998,69.559999,4147300,18.409237
2015-11-23,69.729996,70.329999,69.319996,69.949998,4944400,18.512451
2015-11-20,70.439998,70.719998,69.449996,69.789999,6171700,18.470107
2015-11-19,70.459999,70.459999,69.109997,70.039996,5946500,18.53627
2015-11-18,70.789995,71.149995,69.939996,70.529996,4508200,18.665949
2015-11-17,64.599999,71.119996,64.599999,70.469997,7302200,18.65007
2015-11-16,64.599999,69.119995,64.599999,68.769998,10549600,18.200161
2015-11-13,66.079996,66.19,64.599999,64.799995,3106700,17.14949
2015-11-12,66.819997,66.989999,66.209996,66.379998,2193600,17.567641
2015-11-11,67.249998,67.269999,66.759999,67.099998,2660100,17.758191
2015-11-10,67.209996,67.239996,66.399999,67.039999,3233700,17.742312
2015-11-09,67.529999,67.669997,66.569996,67.429998,4784900,17.845527
2015-11-06,66.939999,67.779996,66.449999,67.749996,4465700,17.930215
2015-11-05,67.649996,68.489997,65.329997,66.999997,4664400,17.731726
2015-11-04,67.769997,68.199999,67.259997,68.099998,6437500,18.022844
2015-11-03,67.299999,67.779996,66.999997,67.489997,2975300,17.861406
2015-11-02,66.619996,67.399999,66.619996,67.399999,3202100,17.837587
2015-10-30,66.429998,66.979996,66.199998,66.589997,2739200,17.623218
2015-10-29,66.799996,66.859999,65.959999,66.179997,2151800,17.514711
2015-10-28,66.329998,67.039999,66.059995,67.039999,3082300,17.742312
2015-10-27,66.119998,66.269999,65.769997,66.059995,1376800,17.482952
2015-10-26,66.279997,66.539997,66.089999,66.37,1705000,17.564995
2015-10-23,66.55,66.579999,65.899996,66.309997,2331000,17.549115
2015-10-22,65.419999,66.379998,64.709998,65.899996,3991100,17.440608
2015-10-21,65.059999,65.399998,64.589996,64.839997,3190300,17.160076
2015-10-20,64.329997,64.859998,64.319998,64.75,1621000,17.136258
2015-10-19,64.219998,64.719996,63.989998,64.39,2515900,17.040983
2015-10-16,64.199997,64.439995,63.659997,64.319998,2174900,17.022457
2015-10-15,64.459996,64.75,63.939997,64.099996,2061400,16.964233
2015-10-14,64.57,65.819997,64.059999,64.329997,1963400,17.025103
2015-10-13,64.699999,65.329997,64.489996,64.689997,2158700,17.120378
2015-10-12,64.829999,65.139999,64.39,65.009999,2614300,17.205068
2015-10-09,64.289999,64.839997,64.03,64.659997,2073500,17.112439
2015-10-08,63.299997,64.419999,63.249997,64.329997,1964600,17.025103
2015-10-07,63.389999,64.079995,63.049996,63.549998,2059800,16.818675
2015-10-06,62.999996,63.469999,62.709997,63.139998,2128300,16.710167
2015-10-05,62.679998,63.429997,62.579997,63.26,1388900,16.741926
2015-10-02,60.629996,62.429996,60.209998,62.389999,1618400,16.511678
2015-10-01,61.499997,61.739996,60.999999,61.409999,2386300,16.252318
2015-09-30,60.369997,61.479996,60.20,61.379996,5285100,16.244378
2015-09-29,59.909996,60.169996,59.139996,59.809996,3968400,15.828873
2015-09-28,60.979998,61.059998,59.679996,59.869999,3844300,15.844753
2015-09-25,61.049999,61.809997,60.569998,61.309999,2129100,16.225853
2015-09-24,60.279999,60.649997,59.089996,60.489998,2330500,16.008838
2015-09-23,60.879998,61.10,60.189997,60.889996,1201700,16.114698
2015-09-22,60.629996,61.039997,60.339998,60.899999,1653300,16.117345
2015-09-21,61.339998,61.869995,60.779997,61.409999,2068500,16.252318
2015-09-18,61.329995,61.829998,60.779997,60.889996,3098700,16.114698
2015-09-17,62.699999,63.019997,62.059998,62.189998,1345300,16.458747
2015-09-16,62.239998,62.909998,62.159999,62.749999,1461300,16.606953
2015-09-15,61.839996,62.589995,61.369997,62.429996,2660100,16.522263
2015-09-14,62.199996,62.429996,61.239998,61.489999,1415300,16.27349
2015-09-11,61.599998,62.239998,61.439999,62.189998,1316100,16.458747
2015-09-10,61.139997,62.36,60.999999,61.969996,1832900,16.400523
2015-09-09,62.849999,62.90,61.149995,61.28,1593200,16.217913
2015-09-08,61.669999,62.189998,61.119996,62.129999,1871600,16.442868
2015-09-04,60.669998,61.299996,60.349996,60.589999,1913100,16.035303
2015-09-03,61.119996,62.119997,61.039997,61.609996,1963200,16.305248
2015-09-02,60.519998,61.139997,59.989996,61.139997,3448400,16.180861
2015-09-01,61.289998,61.409999,59.749998,60.119996,7208900,15.850047
2015-08-31,62.499998,62.949995,61.909997,61.989997,1962000,16.343054
2015-08-28,62.219997,63.059999,62.009998,62.969996,2299200,16.601421
2015-08-27,62.609996,63.209999,61.289998,62.639996,2212300,16.51442
2015-08-26,61.28,62.029999,59.829997,61.959998,2639500,16.335145
2015-08-25,62.469998,62.469998,59.869999,59.909996,4593700,15.794683
2015-08-24,59.61,62.549998,58.769998,60.499997,4228700,15.95023
2015-08-21,64.739997,65.099997,63.089998,63.169997,2830300,16.65415
2015-08-20,65.83,66.069998,65.199997,65.249998,1934700,17.202521
2015-08-19,67.549995,67.589997,66.169999,66.519996,1609400,17.537344
2015-08-18,67.719997,67.989999,67.449999,67.759999,2140900,17.864259
2015-08-17,67.309997,67.749996,66.829995,67.699996,1668500,17.84844
2015-08-14,66.199998,67.829996,66.01,67.469996,3484300,17.787802
2015-08-13,66.899997,66.969998,65.839998,66.329998,4481400,17.487253
2015-08-12,67.429998,67.749996,65.259996,66.769997,9470600,17.603254
2015-08-11,64.989998,65.509997,63.749999,64.199997,3631600,16.925699
2015-08-10,64.999996,65.759998,64.739997,65.359996,2645200,17.231522
2015-08-07,63.969997,64.999996,63.49,64.959999,4161800,17.126066
2015-08-06,65.419999,65.579998,63.49,63.539995,3416400,16.751696
2015-08-05,65.499999,65.989999,65.039998,65.409997,4093400,17.244704
2015-08-04,65.269999,65.909999,64.959999,65.139999,1841700,17.173521
2015-08-03,65.419999,65.47,64.629998,65.249998,1498300,17.202521
2015-07-31,65.359996,65.47,64.719996,65.429998,1583000,17.249977
2015-07-30,64.719996,65.099997,63.879999,64.989998,1056900,17.133975
2015-07-29,64.739997,65.159995,64.329997,65.039998,1287400,17.147157
2015-07-28,64.869997,65.099997,64.079995,64.829999,1317500,17.091793
2015-07-27,64.979995,65.179996,64.379997,64.589996,1331500,17.028519
2015-07-24,66.499999,66.539997,64.989998,65.459997,1763600,17.257886
2015-07-23,66.619996,66.969998,66.359997,66.55,1368300,17.545254
2015-07-22,66.249998,66.999997,66.179997,66.629999,2014700,17.566345
2015-07-21,67.079997,67.599996,66.389996,66.509998,2586600,17.534708
2015-07-20,67.719997,67.959996,67.299999,67.429998,1849300,17.777257
2015-07-17,67.719997,67.869998,67.019998,67.499995,3326500,17.795711
2015-07-16,68.349999,68.569997,67.729995,67.799997,2346900,17.874804
2015-07-15,67.479999,68.239996,66.979996,67.899997,2412400,17.901168
2015-07-14,67.259997,67.699996,66.969998,67.329998,2846400,17.750893
2015-07-13,66.999997,67.479999,66.949997,67.369995,2072600,17.761438
2015-07-10,66.219999,66.969998,66.139999,66.739998,2037700,17.595345
2015-07-09,66.019998,66.449999,65.249998,65.489996,2560900,17.265795
2015-07-08,65.849996,66.029996,65.089999,65.219998,2490500,17.194612
2015-07-07,66.089999,66.499999,65.239999,66.299998,2131000,17.479344
2015-07-06,65.379997,66.439996,65.139999,66.099997,2755300,17.426616
2015-07-02,66.19,66.259996,65.669996,66.099997,1313900,17.426616
2015-07-01,66.109996,66.309997,65.499999,65.919997,1847400,17.37916
2015-06-30,66.249998,66.559998,65.449999,65.639997,2424000,17.305341
2015-06-29,66.259996,66.439996,65.549999,65.749996,2872300,17.334341
2015-06-26,66.429998,67.089999,66.429998,66.759999,2688100,17.600618
2015-06-25,66.929996,67.039999,66.029996,66.349999,1415700,17.492526
2015-06-24,67.299999,67.579999,66.399999,66.689998,1549600,17.582163
2015-06-23,67.509998,67.799997,67.289996,67.309997,1834100,17.74562
2015-06-22,68.119999,68.159997,67.319995,67.409997,2770200,17.771984
2015-06-19,67.489997,68.029997,67.149998,67.709999,3094400,17.851077
2015-06-18,67.429998,67.999998,67.329998,67.729995,2251300,17.856349
2015-06-17,66.979996,67.579999,66.829995,67.309997,1672000,17.74562
2015-06-16,66.409997,67.049997,66.069998,66.939999,2192200,17.648074
2015-06-15,67.029996,67.049997,66.069998,66.199998,2900000,17.45298
2015-06-12,68.879997,68.969999,67.529999,67.749996,3519900,17.861622
2015-06-11,67.819998,69.609999,67.649996,69.379999,4662200,18.291356
2015-06-10,66.659998,67.549995,66.379998,67.479999,2155200,17.790439
2015-06-09,67.099998,67.099998,66.159996,66.429998,2629800,17.452983
2015-06-08,67.569996,67.68,67.039999,67.050002,1802300,17.615875
2015-06-05,67.980001,68.209997,67.019994,67.689998,2510400,17.784019
2015-06-04,68.440002,68.519992,66.749996,67.709994,3477900,17.789273
2015-06-03,68.289996,69.149999,68.149998,68.86,1774800,18.091411
2015-06-02,67.839994,68.489997,67.73,68.239996,1603700,17.928519
2015-06-01,68.769993,69.010001,67.83,67.949993,2245300,17.852327
2015-05-29,69.339993,69.539998,68.58,68.599996,2986200,18.023101
2015-05-28,68.809995,69.389997,68.650001,69.339993,2146600,18.217518
2015-05-27,68.139996,69.669993,68.139996,69.209997,4729200,18.183365
2015-05-26,68.249999,68.249999,67.219999,67.479999,4333300,17.728847
2015-05-22,68.679996,68.919994,68.329998,68.479999,3357100,17.991574
2015-05-21,68.949993,69.249999,68.539998,68.989995,3242500,18.125564
2015-05-20,70.209998,70.999999,68.519992,69.259998,10849800,18.196501
2015-05-19,68.169995,68.329998,67.139995,67.660003,5034100,17.776139
2015-05-18,67.709994,68.449995,67.419996,68.269995,3809600,17.9364
2015-05-15,67.499995,67.939999,66.609998,67.789998,4480000,17.810292
2015-05-14,65.16,69.109997,64.969997,67.279998,8548000,17.676301
2015-05-13,64.189999,64.870001,64.189999,64.510001,1305200,16.948547
2015-05-12,64.699995,64.699995,63.849995,64.249997,2707600,16.880237
2015-05-11,65.269994,65.989994,64.969997,65.199993,1738200,17.129826
2015-05-08,64.669996,65.609998,64.669996,65.309996,1375400,17.158727
2015-05-07,64.549999,65.009999,64.269994,64.579998,1749100,16.966937
2015-05-06,65.239995,65.529998,63.999996,64.379997,2087300,16.914391
2015-05-05,65.199993,65.499999,64.829999,64.949996,2400100,17.064145
2015-05-04,65.399998,65.839993,65.399998,65.639997,1324100,17.245428
2015-05-01,64.789997,65.300002,64.579998,65.230001,1681500,17.13771
2015-04-30,64.679998,65.039998,63.909998,64.449994,4140400,16.932781
2015-04-29,65.239995,65.279997,64.609997,64.809994,1364700,17.027363
2015-04-28,65.009999,65.62,64.669996,65.389996,1390800,17.179745
2015-04-27,65.499999,65.749996,64.919997,65.069998,2092000,17.095673
2015-04-24,65.499999,65.749996,65.199993,65.559993,1997100,17.224408
2015-04-23,65.609998,65.959995,65.499999,65.65,1828900,17.248056
2015-04-22,65.249998,66.019993,65.199993,65.83,2029900,17.295346
2015-04-21,65.579998,65.749996,64.999996,65.059995,2396500,17.093045
2015-04-20,65.789998,66.299998,65.359996,65.539996,2634000,17.219155
2015-04-17,65.499999,65.870002,65.26,65.599995,2896700,17.234918
2015-04-16,65.44,66.759999,65.300002,65.839993,3158500,17.297972
2015-04-15,64.62,65.83,64.469999,65.669996,3807700,17.253309
2015-04-14,64.379997,64.969997,64.249997,64.589992,2499000,16.969562
2015-04-13,66.039999,66.269995,65.399998,65.399998,2233200,17.182373
2015-04-10,64.62,65.98,64.489996,65.849996,3264100,17.3006
2015-04-09,64.879995,65.139999,64.279996,64.489996,2768600,16.943291
2015-04-08,65.269994,65.559993,64.389995,64.779994,2802500,17.019481
2015-04-07,65.309996,65.699995,65.139999,65.279997,1921200,17.150846
2015-04-06,65.009999,65.739997,64.419994,65.329997,2996400,17.163982
2015-04-02,65.249998,65.989994,65.099997,65.379993,1692700,17.177117
2015-04-01,65.199993,65.720001,64.389995,65.230001,2050000,17.13771
2015-03-31,66.080001,66.299998,65.26,65.279997,3782300,17.150846
2015-03-30,65.969998,66.719997,65.969998,66.449995,1867600,17.458236
2015-03-27,65.309996,65.849996,64.919997,65.769992,3374900,17.279581
2015-03-26,64.069997,65.419995,64.059994,65.169994,4157300,17.121945
2015-03-25,66.329998,66.339996,64.330001,64.359996,3128600,16.848712
2015-03-24,66.429998,66.779995,65.660002,65.729999,2465100,17.207363
2015-03-23,66.889999,67.389996,66.379993,66.509998,4176200,17.411557
2015-03-20,66.919998,67.309997,66.709999,66.73,3263300,17.469151
2015-03-19,67.109996,67.609998,66.749996,66.779995,1636900,17.48224
2015-03-18,66.599995,67.410002,65.879995,67.069998,3087000,17.558159
2015-03-17,67.269995,67.329998,66.690002,66.699996,2193600,17.461297
2015-03-16,67.939999,68.179998,67.260001,67.47,2668900,17.662875
2015-03-13,67.709994,68.230002,66.929996,67.37,4170500,17.636696
2015-03-12,66.719997,68.109996,66.719997,68.099994,4731300,17.8278
2015-03-11,67.279998,67.759999,66.269995,66.65,4929000,17.448208
2015-03-10,68.869998,68.999998,67.249998,67.309997,4280200,17.620988
2015-03-09,68.879997,69.48,68.739994,69.129993,2875400,18.097442
2015-03-06,69.669993,70.499996,68.769993,68.86,2852600,18.026761
2015-03-05,69.999999,70.129994,69.410003,69.859996,3990900,18.288549
2015-03-04,70.319997,70.359999,69.919995,70.059997,3533400,18.340907
2015-03-03,70.629996,70.649997,69.980002,70.589994,2425700,18.479654
2015-03-02,70.919995,71.160002,70.239997,70.999999,2910500,18.586988
2015-02-27,70.580001,71.379995,70.519993,70.919995,4122400,18.566044
2015-02-26,70.779997,71.219996,70.190001,70.859996,3910900,18.550337
2015-02-25,70.61,70.859996,70.149999,70.48,4696400,18.450859
2015-02-24,72.69,72.979999,69.609999,70.839995,10342200,18.545101
2015-02-23,69.129993,73.289999,68.999998,71.739995,12991700,18.780711
2015-02-20,66.759999,67.139995,66.319999,66.929996,1939500,17.521508
2015-02-19,66.999997,67.129992,66.399999,66.889999,2531500,17.511037
2015-02-18,66.639997,67.329998,66.489997,67.019994,5214400,17.545069
2015-02-17,66.16,66.939999,66.11,66.690002,2551400,17.45868
2015-02-13,64.609997,66.639997,64.419994,66.099997,4451300,17.304224
2015-02-12,62.279996,64.739997,62.279996,64.499998,6558700,16.885363
2015-02-11,60.959997,62.339999,60.489998,62.139998,7641500,16.267541
2015-02-10,60.179999,62.199996,59.879997,60.889996,13612200,15.940305
2015-02-09,64.829999,64.98,64.399998,64.839993,4098200,16.974369
2015-02-06,64.069997,65.349998,63.929999,65.019993,3736800,17.021491
2015-02-05,62.95,63.519999,62.609996,63.449998,2915500,16.610484
2015-02-04,61.959998,63.059999,61.819995,62.629997,4550200,16.395818
2015-02-03,61.74,62.399997,61.489999,62.049995,4369400,16.24398
2015-02-02,60.319997,61.38,59.799998,61.319997,4088000,16.052875
2015-01-30,62.00,62.00,60.419997,60.679997,5273000,15.88533
2015-01-29,62.039997,62.929999,61.15,62.839997,3200200,16.450793
2015-01-28,63.189998,63.439995,61.939997,61.979999,2710400,16.225655
2015-01-27,62.909998,63.399997,62.269997,62.749999,2497600,16.427233
2015-01-26,64.389995,64.499998,63.379996,63.689996,2304400,16.673313
2015-01-23,63.659997,65.019993,63.659997,64.449994,2953900,16.872272
2015-01-22,62.90,63.560001,62.54,63.560001,2652300,16.639282
2015-01-21,62.649998,62.970001,61.949999,62.499998,2142600,16.361785
2015-01-20,63.409996,63.859998,62.479997,62.970001,1816300,16.484827
2015-01-16,62.299997,62.95,61.839996,62.889997,2716600,16.463883
2015-01-15,62.819996,63.389995,62.089997,62.36,2203300,16.325135
2015-01-14,62.459996,63.639996,62.339999,63.449998,2677700,16.610484
2015-01-13,63.49,64.349998,62.599998,63.139998,2848300,16.52933
2015-01-12,64.189999,64.489996,63.109999,63.189998,2525100,16.542419
2015-01-09,63.499998,64.44,63.339999,64.289999,2268400,16.830387
2015-01-08,62.959998,63.659997,62.72,63.289999,3024400,16.568598
2015-01-07,62.380001,62.819996,61.749998,62.580002,1856600,16.382729
2015-01-06,62.089997,62.529997,61.599998,62.129999,2407600,16.264924
2015-01-05,62.869996,62.970001,61.859997,61.97,1775500,16.223038
2015-01-02,63.31,63.579997,62.369998,63.249997,1802800,16.558126
2014-12-31,64.279996,64.499998,63.009994,63.049996,1350200,16.505768
2014-12-30,64.429997,64.999996,64.369999,64.44,1475300,16.809446
2014-12-29,63.919996,64.449994,63.839997,63.979995,717400,16.689451
2014-12-26,64.469999,64.699995,64.099996,64.150001,519700,16.733798
2014-12-24,64.289999,64.739997,64.159999,64.359996,438100,16.788576
2014-12-23,64.359996,64.629994,64.039998,64.120002,1334300,16.725973
2014-12-22,63.839997,64.44,63.099996,64.230001,1746300,16.754666
2014-12-19,64.029995,64.339995,63.529997,63.839997,3307300,16.652932
2014-12-18,63.119997,63.72,62.839997,63.72,2080200,16.621631
2014-12-17,61.209998,62.219997,60.909997,62.18,1787600,16.219915
2014-12-16,61.549997,62.289998,60.899999,60.929998,1905300,15.893847
2014-12-15,61.56,62.049995,61.299996,61.929998,3220600,16.154701
2014-12-12,62.18,62.549998,61.289998,61.319997,2658200,15.99558
2014-12-11,62.909998,63.319998,62.369998,62.479997,3009000,16.29817
2014-12-10,63.649999,63.90,62.429996,62.779998,3578500,16.376427
2014-12-09,63.989998,64.189999,63.369998,63.909998,2427600,16.671192
2014-12-08,65.189999,65.519995,64.319998,64.429997,1971000,16.806836
2014-12-05,65.129996,65.690002,64.809994,65.569996,2947700,17.10421
2014-12-04,66.01,66.179997,64.999996,65.230001,3697800,17.015521
2014-12-03,64.129996,66.989994,63.479997,66.230002,6512700,17.276375
2014-12-02,63.419994,64.109999,63.209995,64.089994,2287100,16.718145
2014-12-01,63.299997,63.939997,62.869996,63.519999,2072300,16.569459
2014-11-28,63.419994,63.889997,63.139998,63.379996,946800,16.532939
2014-11-26,63.269998,63.569999,62.849995,63.289999,1648800,16.509463
2014-11-25,63.36,63.72,62.919996,63.139998,1766900,16.470335
2014-11-24,62.759997,63.609997,62.489999,63.449998,2065500,16.551199
2014-11-21,63.449998,63.589996,62.109998,62.479997,2136900,16.29817
2014-11-20,61.899999,62.909998,61.669994,62.709997,2303700,16.358167
2014-11-19,61.899999,62.319998,61.499997,62.279996,2266200,16.245999
2014-11-18,62.309999,62.569999,61.97,62.019996,2448200,16.178177
2014-11-17,61.749998,62.499998,61.689995,62.389999,2098400,16.274694
2014-11-14,61.699998,62.15,61.400001,61.759997,2933500,16.110355
2014-11-13,61.429996,61.699998,60.679997,61.669994,3107000,16.086878
2014-11-12,60.089996,61.369997,59.479995,61.249996,4276400,15.97732
2014-11-11,59.349996,60.220001,58.899998,60.20,3168400,15.703424
2014-11-10,59.61,59.689994,59.019999,59.309998,3111000,15.471263
2014-11-07,56.779995,60.339998,56.559998,59.669998,6994700,15.56517
2014-11-06,60.459995,60.899999,59.679996,59.689994,5409000,15.570387
2014-11-05,60.459995,60.61,59.999999,60.38,3502500,15.750377
2014-11-04,60.189997,60.729997,60.129998,60.209998,2743000,15.706032
2014-11-03,60.449996,60.449996,60.139997,60.20,2102200,15.703424
2014-10-31,60.639999,60.719999,60.139997,60.400001,2621200,15.755595
2014-10-30,60.239997,60.359999,59.759996,60.040001,2836400,15.661687
2014-10-29,59.769999,60.349996,59.499996,60.139997,2262200,15.687772
2014-10-28,59.309998,59.999999,59.309998,59.769999,2467000,15.591256
2014-10-27,59.289997,60.009997,59.07,59.489998,2968100,15.518217
2014-10-24,59.329999,59.649997,59.079998,59.549997,2689800,15.533868
2014-10-23,59.25,59.409999,58.939995,59.119995,3635900,15.4217
2014-10-22,58.749997,59.43,58.549996,58.669998,3594100,15.304316
2014-10-21,56.849997,59.199999,56.70,58.749997,4796300,15.325184
2014-10-20,55.799996,56.719997,55.729999,56.639997,2214000,14.774782
2014-10-17,55.909999,56.599995,55.529998,56.439996,2189600,14.722611
2014-10-16,54.289999,55.65,54.229996,55.379998,3323900,14.446106
2014-10-15,55.679999,56.159996,54.769996,55.369995,3341400,14.443497
2014-10-14,56.539997,56.809999,56.209996,56.259996,3110800,14.675657
2014-10-13,57.24,57.529995,56.389996,56.389996,2471200,14.709568
2014-10-10,57.68,58.249999,57.129997,57.129997,3319100,14.902601
2014-10-09,59.179998,59.299995,57.619997,57.639998,2815800,15.035636
2014-10-08,57.999998,59.329999,57.979997,59.229999,3700700,15.450395
2014-10-07,58.939995,59.199999,57.979997,57.999998,2585600,15.129544
2014-10-06,59.659995,59.919995,59.25,59.25,2500200,15.455612
2014-10-03,59.149999,59.709995,59.139996,59.169996,2837200,15.434743
2014-10-02,59.009997,59.240001,58.04,58.709995,2146600,15.31475
2014-10-01,61.049995,61.929998,58.569997,58.99,7134200,15.38779
2014-09-30,60.419997,61.679997,60.009997,61.15,9143600,15.951235
2014-09-29,56.339996,62.00,56.189995,59.619998,11167800,15.552128
2014-09-26,56.709999,56.839998,56.47,56.629999,1575900,14.772174
2014-09-25,57.209997,57.359997,56.310001,56.629999,2232800,14.772174
2014-09-24,57.139995,57.619997,57.139995,57.439997,2797100,14.983465
2014-09-23,57.519996,57.609999,57.189996,57.229998,2408800,14.928686
2014-09-22,58.409998,58.529995,57.759995,57.799997,2864900,15.077373
2014-09-19,59.450001,59.459999,58.439997,58.699997,3859200,15.312142
2014-09-18,59.319996,59.559999,59.179998,59.199999,2006100,15.442569
2014-09-17,59.450001,59.699997,59.139996,59.189997,3007300,15.43996
2014-09-16,59.61,59.739999,59.199999,59.479995,3949400,15.515607
2014-09-15,59.79,59.929997,59.369997,59.599997,2048600,15.54691
2014-09-12,59.799998,60.079998,59.450001,59.709995,2393200,15.575604
2014-09-11,59.58,59.959997,59.549997,59.859996,1813200,15.614732
2014-09-10,59.22,59.959997,59.22,59.749998,1092800,15.586039
2014-09-09,59.669998,59.669998,59.129998,59.359998,1914500,15.484306
2014-09-08,60.029998,60.279995,59.719998,59.819999,1201700,15.604299
2014-09-05,59.999999,60.359999,59.810001,60.249995,1042700,15.716465
2014-09-04,60.259994,60.629996,59.779997,59.979998,1294900,15.646035
2014-09-03,60.249995,60.749998,59.979998,60.049999,2722800,15.664295
2014-09-02,59.959997,60.409999,59.739999,60.229999,1754600,15.711249
2014-08-29,59.97,59.97,59.369997,59.79,1808200,15.596473
2014-08-28,60.069995,60.299996,59.639999,59.979998,1429300,15.586042
2014-08-27,60.220001,60.469997,59.929997,60.400001,2306300,15.695182
2014-08-26,59.859996,60.299996,59.639999,60.049999,1776200,15.604232
2014-08-25,60.02,60.259994,59.689994,59.97,1139500,15.583444
2014-08-22,60.369997,60.599997,59.779997,59.799998,1617900,15.539268
2014-08-21,59.999999,60.679997,59.919995,60.439998,1683600,15.705575
2014-08-20,59.879997,60.169996,59.659995,59.999999,2800900,15.591239
2014-08-19,59.599997,59.889995,59.599997,59.84,1181000,15.549663
2014-08-18,59.309998,59.899998,59.049999,59.630001,2198800,15.495094
2014-08-15,58.999998,59.43,58.409998,58.819998,2395500,15.284612
2014-08-14,58.729996,58.99,58.519997,58.769998,1888000,15.271619
2014-08-13,58.279998,58.669998,57.939995,58.519997,3714500,15.206655
2014-08-12,58.439997,58.799997,57.899997,57.99,3313700,15.068933
2014-08-11,57.799997,58.869999,57.789999,58.599996,3982600,15.227443
2014-08-08,59.079998,59.509995,56.939994,57.50,6993900,14.941605
2014-08-07,62.36,62.599998,61.299996,61.33,2759600,15.936846
2014-08-06,61.939997,62.72,61.899999,62.099996,1919300,16.136932
2014-08-05,62.59,62.970001,62.049995,62.36,1993100,16.204495
2014-08-04,62.659997,63.019997,62.169997,62.789996,1554100,16.316231
2014-08-01,62.089997,62.919996,62.049995,62.649998,2380800,16.279852
2014-07-31,63.849995,64.069997,61.799999,62.389999,3251000,16.212291
2014-07-30,64.559997,64.729999,63.95,64.239994,1371400,16.693019
2014-07-29,64.789997,64.999996,64.319998,64.319998,1662300,16.713809
2014-07-28,64.809994,64.910003,64.379997,64.559997,2862500,16.776173
2014-07-25,64.80,65.189999,64.510001,64.789997,1108700,16.83594
2014-07-24,64.999996,65.519995,64.769996,64.910003,1956100,16.867124
2014-07-23,64.660002,65.069998,64.279996,64.999996,1927400,16.890509
2014-07-22,63.809998,64.779994,63.689996,64.679998,1860900,16.807356
2014-07-21,63.579997,63.639996,62.919996,63.54,1418800,16.511123
2014-07-18,64.169998,64.289999,63.639996,63.829999,1956300,16.58648
2014-07-17,63.239999,64.519995,63.199997,63.799995,2776900,16.578684
2014-07-16,62.999996,63.429997,62.849995,63.419994,2860900,16.479939
2014-07-15,62.699999,62.999996,62.449997,62.709997,2421600,16.295443
2014-07-14,63.209995,63.339999,62.669995,62.699999,1584200,16.292845
2014-07-11,62.779998,63.099996,62.519999,62.72,1598000,16.298043
2014-07-10,62.529997,62.979999,62.399997,62.709997,1848300,16.295443
2014-07-09,62.939997,63.839997,62.939997,63.299997,2178200,16.448757
2014-07-08,62.929999,63.699999,62.869996,62.929999,2621700,16.352612
2014-07-07,64.239994,64.459996,63.839997,63.849995,1477000,16.591676
2014-07-03,64.059994,64.339995,64.029995,64.26,1026600,16.698218
2014-07-02,63.799995,64.480002,63.729998,63.989998,1918300,16.628057
2014-07-01,63.499998,64.399998,63.349997,63.979995,2679800,16.625457
2014-06-30,63.189998,64.199992,63.009994,63.199997,2161600,16.422772
2014-06-27,63.009994,63.279996,62.72,62.959998,2761700,16.360407
2014-06-26,63.929999,63.989998,62.999996,63.18,1782800,16.417576
2014-06-25,63.879999,64.159999,63.72,63.989998,1469100,16.628057
2014-06-24,63.909998,64.330001,63.909998,63.929999,2482400,16.612466
2014-06-23,64.099996,64.230001,63.839997,64.069997,1590600,16.648845
2014-06-20,63.779998,64.249997,63.649999,64.019992,2608900,16.635851
2014-06-19,63.659997,63.869996,63.249997,63.759997,1628400,16.56829
2014-06-18,63.449998,63.709997,63.18,63.629998,1553600,16.534509
2014-06-17,63.169997,63.749999,63.13,63.549998,1390100,16.513721
2014-06-16,63.259995,63.459996,62.849995,63.059999,1502100,16.386393
2014-06-13,62.859998,63.499998,62.819996,63.279996,1937100,16.44356
2014-06-12,63.389995,63.499998,62.639996,62.789996,2598400,16.316231
2014-06-11,63.509996,63.729998,63.269998,63.589996,2775700,16.524115
2014-06-10,63.389995,63.769996,63.389995,63.639996,2386300,16.537107
2014-06-09,63.599994,63.969997,63.389995,63.689996,3070200,16.490335
2014-06-06,63.279996,63.740001,63.219998,63.579997,2043200,16.461854
2014-06-05,63.229996,63.36,62.95,63.150001,1424700,16.350522
2014-06-04,62.509996,63.289999,62.259995,63.08,2194800,16.332397
2014-06-03,62.409995,62.789996,62.139998,62.749999,2663500,16.246955
2014-06-02,62.789996,62.989997,61.899999,62.380001,2669200,16.151156
2014-05-30,62.509996,62.95,62.419994,62.889997,2978400,16.283202
2014-05-29,62.189998,62.909998,62.129999,62.560001,4354500,16.197761
2014-05-28,62.00,62.339999,62.00,62.059998,2279000,16.068303
2014-05-27,61.829998,62.339999,61.819995,62.099996,2650200,16.078659
2014-05-23,61.309999,61.759997,61.129999,61.639995,1238000,15.959558
2014-05-22,61.169996,61.479996,60.829997,61.099995,1101800,15.819743
2014-05-21,61.189997,61.359999,60.79,61.179999,1170600,15.840457
2014-05-20,61.38,61.839996,61.109998,61.139997,2655900,15.8301
2014-05-19,60.639999,61.539999,60.38,61.389998,1392000,15.894829
2014-05-16,60.839996,61.049995,60.220001,60.899999,2107900,15.767961
2014-05-15,61.099995,61.369997,60.569998,61.229995,2950400,15.853402
2014-05-14,61.549997,61.669994,61.089997,61.159998,1967200,15.835279
2014-05-13,61.759997,62.289998,61.529996,61.649998,3162500,15.962147
2014-05-12,62.439995,62.649998,61.909997,62.129999,3431100,16.086427
2014-05-09,58.709995,64.72,58.029997,62.389999,13561200,16.153745
2014-05-08,57.969999,58.709995,57.699996,58.04,3040500,15.027463
2014-05-07,58.569997,58.839999,57.529995,58.019999,2095600,15.022284
2014-05-06,59.419997,59.419997,58.419996,58.529995,1667300,15.15433
2014-05-05,59.22,59.499996,58.63,59.389998,1165400,15.376998
2014-05-02,59.339997,59.849998,59.269996,59.339997,864700,15.364052
2014-05-01,59.109997,59.819999,58.650001,59.349996,1789200,15.366641
2014-04-30,58.40,59.25,58.289997,59.179998,1765500,15.322626
2014-04-29,58.429999,58.719998,57.919994,58.589998,2053400,15.169866
2014-04-28,58.869999,58.999998,57.459998,58.159997,2171500,15.058532
2014-04-25,58.999998,59.019999,58.240001,58.249999,2367500,15.081835
2014-04-24,60.309998,60.309998,59.169996,59.259998,2350000,15.343339
2014-04-23,60.709996,60.909997,59.909996,59.929997,1862100,15.516812
2014-04-22,60.709996,61.029998,60.479996,60.709996,1693800,15.718766
2014-04-21,60.61,61.159998,60.61,60.849994,1013500,15.755014
2014-04-17,60.999999,61.269997,60.549997,61.079999,1879900,15.814566
2014-04-16,60.43,61.20,60.329999,61.179999,2353300,15.840457
2014-04-15,59.830002,60.279995,58.969999,60.059997,2638500,15.550471
2014-04-14,58.279998,59.659995,58.209997,59.589999,2823600,15.428781
2014-04-11,58.799997,59.299995,57.909996,58.049998,1967200,15.030051
2014-04-10,60.629996,60.729997,58.869999,58.929997,1932600,15.257897
2014-04-09,60.38,60.849994,60.009997,60.649997,1600100,15.703232
2014-04-08,59.669998,60.38,59.289997,60.159998,2204800,15.576363
2014-04-07,60.769999,60.919995,59.259998,59.649997,2066600,15.444316
2014-04-04,61.649998,61.849994,60.400001,60.819999,2369400,15.747248
2014-04-03,61.659996,62.189998,61.079999,61.38,1680600,15.892241
2014-04-02,61.509995,62.00,61.489999,61.799999,3186700,16.000985
2014-04-01,61.009997,61.779998,60.819999,61.499997,3345700,15.92331
2014-03-31,60.549997,61.189997,60.479996,60.819999,2884400,15.747248
2014-03-28,60.209998,61.049995,60.049999,60.289997,1964400,15.610022
2014-03-27,60.879998,60.919995,59.999999,60.099995,3002600,15.560827
2014-03-26,62.099996,62.319998,60.819999,60.819999,1814200,15.747248
2014-03-25,62.449997,62.59,61.539999,61.919996,1899800,16.032054
2014-03-24,63.209995,63.379996,61.729997,62.139998,2188600,16.089016
2014-03-21,63.639996,63.789997,63.019997,63.159999,3424000,16.35311
2014-03-20,62.919996,63.679998,62.77,63.349997,2219700,16.402304
2014-03-19,63.239999,63.529997,62.419994,63.239999,3117900,16.322041
2014-03-18,62.419994,63.49,62.249996,63.219998,3474100,16.316879
2014-03-17,62.00,62.59,61.899999,62.36,2006100,16.094917
2014-03-14,61.179999,61.939997,61.179999,61.729997,3284900,15.932315
2014-03-13,62.239998,62.699999,61.109998,61.339998,2492800,15.831657
2014-03-12,61.929998,62.019996,61.33,61.889996,2551000,15.97361
2014-03-11,62.219997,62.59,61.959998,62.18,2215200,16.048459
2014-03-10,62.639996,62.819996,61.719999,62.029994,2117400,16.009743
2014-03-07,63.519999,64.089994,62.499998,62.959998,6456200,16.249774
2014-03-06,62.72,63.009994,62.529997,62.580002,1997600,16.151698
2014-03-05,63.189998,63.219998,62.389999,62.549998,2282100,16.143954
2014-03-04,63.009994,63.409996,62.829998,62.999996,2731600,16.260097
2014-03-03,62.709997,62.789996,61.879998,62.199996,2675800,16.05362
2014-02-28,63.31,63.90,62.699999,63.199997,2758600,16.311717
2014-02-27,63.459996,63.599994,62.759997,63.269998,1972700,16.329784
2014-02-26,63.469999,64.099996,63.319998,63.609997,2627400,16.417537
2014-02-25,63.159999,63.49,62.839997,63.299997,2622400,16.337527
2014-02-24,62.189998,63.729998,62.129999,63.399997,2818200,16.363337
2014-02-21,62.529997,62.819996,62.199996,62.199996,2336700,16.05362
2014-02-20,62.380001,62.749999,62.00,62.349997,2068800,16.092335
2014-02-19,62.919996,63.659997,62.429996,62.54,3726300,16.141374
2014-02-18,62.229995,63.13,62.199996,62.879999,2696900,16.229127
2014-02-14,62.039997,62.199996,61.580001,61.719999,2535100,15.929734
2014-02-13,61.159998,62.389999,60.919995,62.309999,2710400,16.082012
2014-02-12,61.289998,61.669994,61.169996,61.449997,2954600,15.860048
2014-02-11,60.220001,61.649998,60.049999,61.319997,3910000,15.826495
2014-02-10,59.899998,60.329999,59.559999,60.259994,2110300,15.552912
2014-02-07,58.609999,60.189997,58.609999,60.059997,4278300,15.501293
2014-02-06,58.189996,58.609999,57.959996,58.379999,2936600,15.067691
2014-02-05,58.27,58.40,57.179997,57.909996,4086800,14.946385
2014-02-04,58.81,58.919994,57.949998,58.499996,4074900,15.098662
2014-02-03,60.149999,60.799998,58.489998,58.589998,7763300,15.121891
2014-01-31,57.119994,61.79,55.65,60.409999,14251100,15.591628
2014-01-30,54.429997,55.249998,54.049996,55.159996,2927600,14.236618
2014-01-29,53.009998,54.16,52.919996,54.039998,3261200,13.947551
2014-01-28,53.419994,53.859998,53.239999,53.679998,2446300,13.854636
2014-01-27,54.259996,54.649999,53.299997,53.399998,3143300,13.782369
2014-01-24,55.310001,55.559998,54.269998,54.269998,3024400,14.006913
2014-01-23,56.769997,56.989999,55.359997,55.889998,3541000,14.42503
2014-01-22,55.499999,57.419996,55.349998,57.109996,4267800,14.739907
2014-01-21,55.839998,55.939999,55.159996,55.549995,1561700,14.337276
2014-01-17,55.969998,56.11,55.389996,55.449999,1589200,14.311467
2014-01-16,56.039999,56.439996,55.949997,56.099998,1026100,14.47923
2014-01-15,55.779995,56.329998,55.779995,56.199998,1416200,14.50504
2014-01-14,54.999997,55.849996,54.70,55.849996,2164200,14.414705
2014-01-13,55.799996,55.989999,54.679999,54.75,1967500,14.1308
2014-01-10,56.259996,56.329998,55.70,55.839998,1617200,14.412125
2014-01-09,55.949997,56.349994,55.819997,56.159996,2602500,14.494715
2014-01-08,55.65,56.47,55.439996,55.769997,3134000,14.394058
2014-01-07,55.689997,56.089999,55.369995,55.65,1901200,14.363087
2014-01-06,56.009995,56.080001,55.06,55.559998,2345200,14.339858
2014-01-03,55.639997,56.189995,55.609998,55.88,1280900,14.422449
2014-01-02,55.799996,56.049997,55.479998,55.589997,2009200,14.3476
2013-12-31,55.999997,56.199998,55.769997,55.88,1151600,14.422449
2013-12-30,55.689997,55.979996,55.539997,55.83,904400,14.409544
2013-12-27,55.799996,55.909999,55.330002,55.629999,1103400,14.357925
2013-12-26,55.409997,55.709998,55.29,55.549995,1125300,14.337276
2013-12-24,54.789997,55.559998,54.789997,55.529998,779100,14.280496
2013-12-23,54.900001,55.379998,54.809998,54.919997,2228200,14.123624
2013-12-20,54.479998,54.869997,53.609997,54.839998,3058100,14.103051
2013-12-19,53.799995,54.599995,53.499998,54.349998,3166300,13.977039
2013-12-18,53.369998,53.529997,52.209999,53.449998,3144500,13.745589
2013-12-17,52.90,53.409996,52.609997,53.009998,2247700,13.632435
2013-12-16,52.599998,53.31,52.499998,53.019997,2376100,13.635006
2013-12-13,52.549998,52.849995,52.059998,52.319998,2313200,13.45499
2013-12-12,52.639996,52.639996,52.13,52.349997,1649200,13.462704
2013-12-11,53.299997,53.479997,52.829999,52.909998,1850200,13.606718
2013-12-10,53.169997,54.069997,53.139998,53.249997,2406000,13.694155
2013-12-09,54.059999,54.139999,53.18,53.339999,2018500,13.7173
2013-12-06,53.219998,54.219998,52.95,54.089998,2651600,13.910176
2013-12-05,53.499998,53.579998,52.740001,52.989997,2278300,13.627291
2013-12-04,52.459996,53.849995,52.459996,53.609997,4100100,13.786735
2013-12-03,52.399997,53.089998,52.399997,52.619995,2735800,13.532139
2013-12-02,52.619995,52.919996,52.239998,52.740001,1360000,13.563001
2013-11-29,52.849995,52.859998,52.529997,52.619995,495000,13.532139
2013-11-27,52.669995,52.929999,52.36,52.709997,1213100,13.555285
2013-11-26,52.970001,53.08,52.419998,52.669995,2056700,13.544997
2013-11-25,53.269998,53.459996,52.779998,52.849995,1676500,13.591287
2013-11-22,53.779999,53.779999,52.989997,53.259995,2602200,13.696726
2013-11-21,53.209995,53.929999,53.18,53.849995,1538900,13.848455
2013-11-20,53.529997,53.869996,52.929999,53.139998,1920700,13.665867
2013-11-19,53.529997,54.059999,53.439995,53.549998,3831400,13.771305
2013-11-18,53.619995,53.929999,53.499998,53.609997,2295900,13.786735
2013-11-15,53.109999,53.729998,53.069997,53.589996,2592500,13.781591
2013-11-14,52.849995,53.299997,52.72,53.279996,2150900,13.70187
2013-11-13,51.649998,52.90,51.489999,52.879999,2492400,13.599003
2013-11-12,50.999999,51.879998,50.949999,51.839996,1801800,13.331549
2013-11-11,51.02,51.41,50.909997,51.189998,1631000,13.16439
2013-11-08,50.229999,51.119996,50.02,51.029999,1943000,13.123244
2013-11-07,51.239998,51.709997,50.25,50.319997,2352600,12.940655
2013-11-06,50.929998,51.209999,50.639999,51.189998,2786400,13.16439
2013-11-05,50.400001,51.079999,50.099995,50.749998,4012300,13.051237
2013-11-04,50.479996,50.759996,50.109998,50.409999,2759300,12.9638
2013-11-01,49.509995,50.509995,49.25,50.389998,4438200,12.958657
2013-10-31,49.189997,49.999999,46.799997,49.259998,9427500,12.668058
2013-10-30,51.939997,52.259995,51.15,51.599998,2882200,13.269829
2013-10-29,52.00,52.459996,51.909998,51.990002,2761700,13.370125
2013-10-28,51.859997,52.200001,51.659996,51.729998,2020800,13.303261
2013-10-25,51.82,51.95,51.59,51.82,1846000,13.326406
2013-10-24,52.18,52.429997,51.729998,51.77,1382500,13.313548
2013-10-23,52.689996,53.029995,52.119997,52.18,1550000,13.418987
2013-10-22,52.970001,53.789997,52.819996,53.089998,1777100,13.653008
2013-10-21,52.629998,53.019997,52.549998,52.959998,1680800,13.619577
2013-10-18,53.209995,53.409996,52.439995,52.549998,1864000,13.514138
2013-10-17,51.979999,53.109999,51.639995,52.999996,2690000,13.629863
2013-10-16,52.330001,52.439995,52.00,52.36,2518200,13.465277
2013-10-15,51.849995,52.349997,51.810002,51.869996,3187700,13.339264
2013-10-14,51.839996,52.219997,51.689996,52.139998,1615100,13.408699
2013-10-11,51.169997,52.330001,51.139997,52.150001,3608600,13.411272
2013-10-10,50.38,51.439999,50.359999,51.429996,2124300,13.22611
2013-10-09,50.059997,50.189997,49.329999,49.739999,2916900,12.791498
2013-10-08,50.849999,50.990001,49.259998,49.97,3696200,12.850647
2013-10-07,51.469998,51.539999,50.799998,50.869995,2734200,13.082096
2013-10-04,51.519998,52.349997,51.38,51.919996,1223000,13.352122
2013-10-03,51.77,51.990002,51.369998,51.549998,1562400,13.256971
2013-10-02,51.569999,52.249997,51.509996,52.150001,1313200,13.411272
2013-10-01,51.749999,52.389999,51.679997,51.990002,2196200,13.370125
2013-09-30,51.599998,51.990002,51.109998,51.74,1368500,13.305833
2013-09-27,51.549998,52.099996,51.349997,52.019996,1460800,13.377839
2013-09-26,51.689996,52.139998,51.59,51.810002,1427600,13.323835
2013-09-25,51.889997,52.229996,51.709997,51.749999,2112900,13.308404
2013-09-24,51.859997,52.569999,51.799999,51.899999,2326500,13.34698
2013-09-23,51.919996,52.169997,51.479996,51.790001,1717800,13.318692
2013-09-20,52.77,52.919996,51.979999,52.009998,4374600,13.375268
2013-09-19,53.319998,53.629998,52.729998,52.740001,2465500,13.563001
2013-09-18,52.999996,53.509996,52.079999,53.319998,2068500,13.712157
2013-09-17,52.649999,53.189998,52.299997,53.009998,1766000,13.632435
2013-09-16,52.319998,52.959998,52.259995,52.649999,2438700,13.539855
2013-09-13,51.649998,52.13,51.459995,51.619999,1667000,13.274973
2013-09-12,52.169997,52.399997,51.389999,51.439999,1618100,13.228683
2013-09-11,51.20,52.49,50.909997,52.299997,3137800,13.449846
2013-09-10,51.159998,51.319997,50.819999,50.849999,2467400,13.076954
2013-09-09,50.709996,51.109998,50.679997,50.810001,1773100,13.066668
2013-09-06,50.769999,50.97,50.139997,50.489999,1745600,12.984374
2013-09-05,50.709996,50.909997,50.529996,50.659996,2150400,13.028091
2013-09-04,50.43,51.249996,50.25,50.819999,2739900,13.069239
2013-09-03,50.919995,51.41,50.069996,50.459995,2590100,12.976658
2013-08-30,50.259998,50.519998,49.779997,50.15,2561200,12.896937
2013-08-29,49.759996,50.599997,49.759996,50.349996,1248400,12.896937
2013-08-28,50.209998,50.769999,50.009997,50.009997,1675100,12.809848
2013-08-27,50.749998,50.849999,50.079998,50.129999,1880800,12.840586
2013-08-26,51.41,51.839996,51.269997,51.33,1424300,13.147961
2013-08-23,51.749999,51.899999,51.33,51.529997,1257700,13.19919
2013-08-22,50.779997,51.909998,50.709996,51.59,1537200,13.214559
2013-08-21,51.929999,51.959998,50.649998,50.719999,2195500,12.991712
2013-08-20,51.129999,52.319998,51.079999,52.099996,2450800,13.345192
2013-08-19,51.319997,52.00,50.979998,51.02,2512300,13.068556
2013-08-16,51.249996,52.139998,51.089997,51.549998,1970800,13.204313
2013-08-15,51.599998,51.719999,51.069996,51.299996,1763400,13.140276
2013-08-14,52.36,52.599998,51.990002,52.209999,2515400,13.373369
2013-08-13,52.13,52.659997,51.810002,52.269998,3170300,13.388738
2013-08-12,51.859997,52.759997,51.849995,52.13,3708000,13.352878
2013-08-09,52.049996,52.839997,51.849995,52.079999,4589400,13.34007
2013-08-08,53.789997,53.839997,52.069997,52.150001,6422800,13.358001
2013-08-07,51.349997,54.799996,51.33,54.199997,10873300,13.883099
2013-08-06,50.159998,50.220001,49.43,49.959997,3257900,12.797041
2013-08-05,49.299995,50.279995,49.109997,50.189997,2513200,12.855954
2013-08-02,48.999999,49.409999,48.599997,49.389998,2740100,12.651038
2013-08-01,48.319996,49.38,48.199999,49.240002,2733900,12.612617
2013-07-31,47.700001,48.209997,47.539998,47.659999,2642600,12.207906
2013-07-30,47.669997,47.909996,47.470001,47.50,2028000,12.166923
2013-07-29,47.569997,47.759995,47.060001,47.319996,1131000,12.120816
2013-07-26,47.459998,47.789999,46.999998,47.759995,1433800,12.23352
2013-07-25,47.419996,47.979997,47.009996,47.919994,2082500,12.274503
2013-07-24,47.759995,48.09,47.369996,47.529995,1264600,12.174606
2013-07-23,47.68,47.799997,47.09,47.470001,1529900,12.159239
2013-07-22,47.369996,47.749997,47.199999,47.549996,1233200,12.179729
2013-07-19,46.779996,47.58,46.749996,47.389997,2137400,12.138746
2013-07-18,46.689998,47.429999,46.589997,46.889999,3346600,12.010674
2013-07-17,46.819998,47.110001,46.559998,46.689998,1726400,11.959444
2013-07-16,47.749997,47.919994,46.609998,46.779996,3145200,11.982497
2013-07-15,47.669997,47.799997,47.229998,47.639998,1666100,12.202783
2013-07-12,47.779996,47.99,47.559999,47.789999,1882500,12.241205
2013-07-11,47.949998,48.04,47.479999,47.700001,2332200,12.218153
2013-07-10,47.249999,47.470001,47.009996,47.389997,2546700,12.138746
2013-07-09,47.419996,47.659999,46.999998,47.279998,4304600,12.110571
2013-07-08,46.569996,47.58,46.569996,47.060001,4036200,12.054219
2013-07-05,45.869997,46.520001,45.789998,46.459998,2950800,11.900531
2013-07-03,44.299998,45.88,44.299998,45.579999,2206400,11.675123
2013-07-02,44.479998,44.93,44.229997,44.509997,2807300,11.401047
2013-07-01,43.989998,45.080001,43.989998,44.599995,3267100,11.424099
2013-06-28,44.189999,44.189999,42.54,43.770001,5985700,11.2115
2013-06-27,44.249998,45.029996,44.249998,44.679999,2977400,11.444592
2013-06-26,44.219998,44.490001,43.93,44.039998,2891300,11.280658
2013-06-25,43.469999,43.919997,43.380001,43.729999,2824100,11.201253
2013-06-24,43.879999,43.959999,42.709997,43.049996,4047400,11.027074
2013-06-21,44.720001,44.720001,43.089998,44.349998,5753300,11.360063
2013-06-20,45.089999,45.229997,44.150002,44.360001,5724600,11.362626
2013-06-19,45.569996,45.900001,45.449999,45.589997,3297300,11.677684
2013-06-18,45.299998,45.939999,45.149998,45.689998,2838300,11.703299
2013-06-17,45.189995,45.659998,45.089999,45.199998,2803700,11.577787
2013-06-14,44.88,45.409997,44.599995,44.859999,4375800,11.490698
2013-06-13,44.08,44.70,43.729999,44.609998,2097500,11.426661
2013-06-12,45.389996,45.490001,44.059999,44.150002,3330000,11.308835
2013-06-11,45.359997,45.88,44.950001,45.119998,2727500,11.506068
2013-06-10,46.789998,46.809999,46.039999,46.069998,2335000,11.748327
2013-06-07,45.669996,46.809999,44.740002,46.739998,4362800,11.919184
2013-06-06,44.679999,45.419995,44.549999,45.419995,4352800,11.58257
2013-06-05,44.689997,44.999997,44.459997,44.70,7152900,11.398964
2013-06-04,44.679999,44.979996,44.490001,44.819997,5648500,11.429564
2013-06-03,44.479998,44.729999,43.789997,44.70,5995600,11.398964
2013-05-31,44.119998,45.359997,44.099997,44.609998,4991800,11.376012
2013-05-30,43.699999,44.47,43.590001,44.319999,4140400,11.302059
2013-05-29,42.869996,43.859998,42.819996,43.549999,3982100,11.105701
2013-05-28,43.599999,43.93,43.019997,43.199997,3751700,11.016447
2013-05-24,43.330001,43.330001,42.54,43.259995,2568800,11.031748
2013-05-23,43.269998,43.829999,43.13,43.659997,3406400,11.133752
2013-05-22,44.249998,44.429998,43.099996,43.459996,7005100,11.08275
2013-05-21,44.57,44.869997,44.249998,44.299998,4239100,11.296959
2013-05-20,44.369999,45.130001,44.369999,44.65,5558000,11.386213
2013-05-17,42.779998,44.720001,42.729998,44.599995,8034500,11.373461
2013-05-16,43.740001,44.119998,42.429997,42.59,9440300,10.860892
2013-05-15,50.259998,50.259998,43.549999,44.709998,14610300,11.401513
2013-05-14,48.889995,49.719998,48.860001,49.489998,4560400,12.620463
2013-05-13,49.07,49.189997,48.559999,48.789999,1573800,12.441956
2013-05-10,48.860001,49.309998,48.66,49.289997,1542200,12.569461
2013-05-09,48.499996,49.279999,48.209997,48.830001,2989300,12.452157
2013-05-08,47.929997,48.769998,47.769998,48.699997,2138300,12.419004
2013-05-07,47.819998,48.04,47.609999,47.999998,2685500,12.240497
2013-05-06,47.319996,47.939995,47.159997,47.830001,2257400,12.197146
2013-05-03,47.259997,47.519997,47.139996,47.279998,2317200,12.05689
2013-05-02,46.089999,46.779996,45.900001,46.759995,2040800,11.924284
2013-05-01,46.589997,46.799997,45.849996,45.889998,1864200,11.702426
2013-04-30,46.24,46.959996,46.039999,46.849997,2685000,11.947235
2013-04-29,45.629999,46.609998,45.55,46.369995,1762400,11.82483
2013-04-26,45.659998,46.029996,45.359997,45.599995,1960100,11.628472
2013-04-25,45.55,46.209996,45.429998,45.669996,2001900,11.646323
2013-04-24,45.189995,45.679999,45.130001,45.399999,2322000,11.577471
2013-04-23,44.689997,45.259996,44.479998,45.209996,3071100,11.529018
2013-04-22,44.299998,44.57,43.579998,44.310001,2762400,11.29951
2013-04-19,44.479998,44.540001,43.689997,44.229997,3353300,11.279108
2013-04-18,45.219999,45.24,44.239999,44.459997,2538400,11.33776
2013-04-17,45.909999,45.909999,44.779995,44.969998,2210900,11.467816
2013-04-16,45.70,46.419996,45.330002,46.399999,3000900,11.832481
2013-04-15,46.229997,46.579999,45.24,45.24,3458900,11.536669
2013-04-12,48.099999,48.149999,46.299999,46.689998,4170500,11.906434
2013-04-11,48.58,48.919995,48.169995,48.509994,3882700,12.370552
2013-04-10,47.959996,48.689999,47.729996,48.609999,7655800,12.396054
2013-04-09,47.769998,47.889999,47.169995,47.619997,3086600,12.143593
2013-04-08,47.329998,47.68,47.119999,47.68,2485200,12.158895
2013-04-05,47.229998,47.359998,46.739998,47.259997,2799700,12.051789
2013-04-04,47.899998,48.029997,47.639998,47.849997,2905700,12.202246
2013-04-03,48.489998,48.509994,47.519997,47.819998,5486900,12.194596
2013-04-02,48.589998,48.889995,48.159997,48.279999,2312500,12.3119
2013-04-01,49.229999,49.259998,48.389997,48.499996,2103000,12.368002
2013-03-28,48.739999,49.309998,48.559999,49.229999,3313400,12.55416
2013-03-27,48.680001,49.060002,48.58,48.939996,2351400,12.480206
2013-03-26,48.699997,49.369997,48.699997,49.099994,2163200,12.521008
2013-03-25,48.650001,48.789999,48.009996,48.529995,3263800,12.375652
2013-03-22,48.699997,48.879997,48.309998,48.459999,2609600,12.357802
2013-03-21,48.689999,49.439998,48.419997,48.489998,3903300,12.365452
2013-03-20,48.489998,49.699997,48.470001,49.099994,4987100,12.521008
2013-03-19,48.569997,48.729996,47.779996,48.139996,3674100,12.276198
2013-03-18,48.159997,48.99,47.869998,48.319996,4595100,12.3221
2013-03-15,49.58,49.949999,48.58,48.58,5789600,12.388404
2013-03-14,49.61,50.220001,49.509995,49.779997,3548100,12.694416
2013-03-13,50.099995,50.139997,49.109997,49.389998,4723000,12.543961
2013-03-12,50.33,50.589999,49.899998,49.990001,3326000,12.696348
2013-03-11,49.699997,50.519998,49.509995,50.499997,2549600,12.825876
2013-03-08,49.990001,49.990001,49.060002,49.759996,2500900,12.637932
2013-03-07,49.289997,49.979998,49.159998,49.849998,2889600,12.660791
2013-03-06,49.749998,49.949999,49.289997,49.349996,3254300,12.533801
2013-03-05,48.58,49.61,48.58,49.599997,3483600,12.597296
2013-03-04,47.979997,48.409998,47.909996,48.289997,3317700,12.264585
2013-03-01,47.880001,48.289997,47.319996,48.27,3553300,12.259506
2013-02-28,48.189996,48.389997,47.999998,48.029997,3296100,12.198551
2013-02-27,47.609999,48.339997,47.159997,48.179998,3399300,12.236648
2013-02-26,46.759995,47.639998,46.549995,47.539998,3835700,12.074102
2013-02-25,47.81,47.880001,46.47,46.47,3413100,11.802346
2013-02-22,47.349995,47.669997,46.949997,47.659999,4885500,12.104579
2013-02-21,47.609999,47.819998,47.060001,47.099998,5074200,11.962352
2013-02-20,48.759996,48.939996,47.849997,47.899998,2918100,12.165534
2013-02-19,48.099999,48.939996,48.099999,48.799998,4716600,12.394114
2013-02-15,48.309998,49.489998,47.319996,48.069999,3877700,12.20871
2013-02-14,46.68,47.63,46.65,47.609999,4258300,12.091881
2013-02-13,46.599996,46.989999,46.490001,46.809999,4091500,11.888698
2013-02-12,45.999997,46.65,45.989999,46.539997,4625000,11.820124
2013-02-11,45.70,46.419996,45.599995,46.049997,4470000,11.695675
2013-02-08,46.009995,46.429998,45.589997,45.70,2566400,11.606783
2013-02-07,45.759999,45.939999,45.06,45.939999,4032200,11.667738
2013-02-06,45.55,45.919998,45.099997,45.749996,4080600,11.619481
2013-02-05,43.560001,46.799997,42.919996,45.749996,9962100,11.619481
2013-02-04,42.419998,43.00,41.829998,41.909998,8502000,10.644207
2013-02-01,42.069997,42.889997,41.95,42.699999,3311500,10.84485
2013-01-31,42.109999,42.349997,41.729998,41.799999,2659700,10.61627
2013-01-30,42.639996,42.77,42.150001,42.229996,2846400,10.725479
2013-01-29,42.529997,42.659997,41.929999,42.59,3243700,10.816913
2013-01-28,42.469999,42.709997,42.389999,42.599998,2706200,10.819452
2013-01-25,42.31,42.560001,41.469998,42.439995,3269000,10.778815
2013-01-24,41.799999,42.749999,41.699999,42.419998,3206400,10.773736
2013-01-23,42.200001,42.389999,41.599998,42.049996,2373200,10.679763
2013-01-22,42.599998,42.779998,42.009998,42.259995,3815300,10.733099
2013-01-18,41.799999,41.869996,41.189998,41.869996,2121200,10.634047
2013-01-17,41.859998,41.919996,41.669995,41.759997,3209200,10.60611
2013-01-16,41.779998,41.879999,41.59,41.639996,3068300,10.575632
2013-01-15,41.709997,42.009998,41.54,42.009998,1790700,10.669605
2013-01-14,41.779998,42.299997,41.349997,42.00,2901000,10.667066
2013-01-11,41.810002,42.00,41.610001,41.95,2458400,10.654367
2013-01-10,41.279996,41.689996,41.00,41.679998,2600300,10.585792
2013-01-09,40.799999,41.599998,40.689995,41.089997,4432300,10.435945
2013-01-08,41.220002,41.220002,40.33,40.38,4309600,10.255622
2013-01-07,41.36,41.519999,41.05,41.220002,2474300,10.468963
2013-01-04,41.569999,41.859998,41.279996,41.659997,2436600,10.580712
2013-01-03,41.509996,41.839997,41.319998,41.569999,3532900,10.557855
2013-01-02,41.05,41.509996,40.810001,41.499998,3771600,10.540076
2012-12-31,39.060002,40.129999,39.02,40.049999,3795400,10.171809
2012-12-28,38.899998,39.509995,38.89,39.040001,2522300,9.915292
2012-12-27,39.179999,39.549997,38.799998,39.240002,3684100,9.966087
2012-12-26,39.25,39.689995,38.969999,39.229999,2242500,9.963547
2012-12-24,39.07,39.439998,39.029998,39.240002,1355200,9.915292
2012-12-21,39.419997,39.419997,38.880002,39.049999,5952900,9.867282
2012-12-20,39.990001,40.129999,39.48,39.909997,6648400,10.084589
2012-12-19,40.269997,40.509995,40.040001,40.049999,2427800,10.119965
2012-12-18,40.529996,40.630001,39.889996,40.229999,5511800,10.165448
2012-12-17,39.469997,40.580001,39.299996,40.580001,4252900,10.253888
2012-12-14,39.439998,39.84,39.349996,39.599997,2426600,10.006257
2012-12-13,39.709996,40.099995,39.619998,39.819999,3188800,10.061848
2012-12-12,39.43,39.929998,39.43,39.84,5924900,10.066902
2012-12-11,39.289997,39.499997,39.02,39.279999,5232200,9.925399
2012-12-10,38.699997,39.169996,38.699997,39.109997,3034400,9.882442
2012-12-07,38.899998,38.969999,38.40,38.869999,4396500,9.821799
2012-12-06,38.43,38.769998,37.609999,38.769998,5522000,9.79653
2012-12-05,38.58,38.880002,38.339997,38.599997,7167900,9.753574
2012-12-04,39.349996,39.74,37.99,38.489998,7068900,9.725779
2012-12-03,38.869999,40.339998,38.869999,39.270001,4353300,9.922873
2012-11-30,38.40,38.48,37.879999,38.060001,2748900,9.617126
2012-11-29,38.339997,38.680001,38.290002,38.419997,2217100,9.708091
2012-11-28,37.31,38.279999,37.109999,38.209998,2653000,9.655027
2012-11-27,37.72,38.139996,37.559999,37.589998,4266900,9.498364
2012-11-26,37.679998,37.819998,37.49,37.789999,1757400,9.548901
2012-11-23,36.959998,37.919997,36.81,37.90,1693100,9.576696
2012-11-21,36.909998,37.209997,36.650001,36.86,1838800,9.313906
2012-11-20,35.909997,37.069999,35.669997,36.909998,5249100,9.326539
2012-11-19,35.47,36.429999,35.47,35.909997,3901000,9.073856
2012-11-16,34.459997,34.499999,34.179999,34.47,4598400,8.709993
2012-11-15,34.839998,34.88,34.349996,34.43,4407400,8.699885
2012-11-14,35.299998,35.499999,34.65,34.799998,3544600,8.793378
2012-11-13,34.999999,35.479998,34.900001,35.219999,2410500,8.899505
2012-11-12,35.29,35.47,35.119999,35.24,2442800,8.904559
2012-11-09,35.269999,35.549997,35.029999,35.219999,3255800,8.899505
2012-11-08,35.629999,36.069999,35.33,35.33,2606000,8.9273
2012-11-07,36.579999,36.740001,35.479998,35.799999,5395300,9.046061
2012-11-06,34.659998,37.799997,34.449999,36.799997,17563800,9.298744
2012-11-05,30.969998,31.68,30.829998,31.459998,4484300,7.949415
2012-11-02,31.399997,31.399997,30.889999,31.119999,2922100,7.863503
2012-11-01,30.529999,31.19,30.529999,31.129997,3320100,7.86603
2012-10-31,30.700001,30.700001,30.149998,30.449999,2263800,7.694206
2012-10-26,30.59,30.829998,30.299999,30.59,1481000,7.729581
2012-10-25,31.009998,31.139998,30.51,30.739998,1360200,7.767484
2012-10-24,31.27,31.319998,30.749999,30.78,1799700,7.777591
2012-10-23,31.399997,31.479999,30.87,31.169999,2618800,7.876138
2012-10-22,31.439999,31.749999,31.309997,31.709997,2538600,8.012586
2012-10-19,31.979999,32.060001,31.299999,31.459998,2792800,7.949415
2012-10-18,32.369998,32.409998,31.929999,32.099996,1287100,8.111132
2012-10-17,32.249999,32.589998,32.019999,32.419996,1431600,8.191991
2012-10-16,31.889999,32.31,31.849999,32.240001,2235600,8.146509
2012-10-15,31.499998,31.780001,31.249999,31.749999,1956300,8.022694
2012-10-12,31.619999,31.67,31.27,31.419998,1395800,7.939308
2012-10-11,31.509998,31.749999,31.199999,31.549998,2714000,7.972157
2012-10-10,31.239998,31.459998,31.139998,31.329998,2531500,7.916567
2012-10-09,31.839999,31.909998,31.009998,31.28,2352400,7.903933
2012-10-08,31.729998,32.029997,31.49,31.929999,2927800,8.068177
2012-10-05,31.999998,32.22,31.799997,31.879999,1842400,8.055543
2012-10-04,31.839999,31.929999,31.569999,31.799997,2720900,8.035328
2012-10-03,31.999998,32.22,31.67,31.780001,2752900,8.030275
2012-10-02,31.87,32.08,31.439999,31.799997,3822000,8.035328
2012-10-01,32.330001,32.499998,31.699999,31.739998,3479300,8.020167
2012-09-28,32.089998,32.469999,31.959998,32.209997,3308400,8.138928
2012-09-27,32.119997,32.31,31.889999,32.22,4797000,8.141455
2012-09-26,32.089998,32.199999,31.759999,31.929999,3625700,8.068177
2012-09-25,32.99,33.049999,31.979999,31.989997,3662500,8.083337
2012-09-24,33.029998,33.199999,32.819998,32.849998,2522300,8.300645
2012-09-21,33.279997,33.469999,33.04,33.08,3041700,8.358763
2012-09-20,33.089998,33.169998,32.429999,33.059999,3907400,8.353709
2012-09-19,33.720001,33.769999,33.379999,33.540001,3032000,8.474997
2012-09-18,34.339998,34.619998,33.599997,33.689997,4046200,8.512899
2012-09-17,34.56,34.659998,33.93,34.179999,3034800,8.636714
2012-09-14,33.529998,34.74,33.389998,34.679999,5283500,8.763056
2012-09-13,33.019999,33.84,33.019999,33.549999,8583400,8.477524
2012-09-12,32.929999,33.189997,32.749999,33.059999,4252400,8.353709
2012-09-11,33.25,33.299998,32.779996,32.90,3878200,8.31328
2012-09-10,32.819998,33.959997,32.779996,33.089998,6903500,8.361289
2012-09-07,32.789999,33.209998,32.669998,33.04,4433000,8.348656
2012-09-06,32.499998,32.929999,32.319998,32.749999,3881000,8.275377
2012-09-05,31.969999,32.40,31.87,32.36,2794400,8.176831
2012-09-04,32.679998,32.679998,31.499998,31.959998,4055200,8.075757
2012-08-31,32.379999,32.49,32.009996,32.209997,2969600,8.138928
2012-08-30,32.369998,32.439997,31.879999,32.199999,3368900,8.085865
2012-08-29,32.659999,32.889997,32.36,32.49,3203100,8.158689
2012-08-28,32.830001,32.909998,32.469999,32.619997,3575900,8.191333
2012-08-27,33.189997,33.299998,32.729998,32.979997,2091800,8.281734
2012-08-24,32.789999,33.109999,32.36,32.99,2316000,8.284246
2012-08-23,32.869999,33.059999,32.54,32.819998,3197600,8.241556
2012-08-22,32.889997,33.199999,32.849998,32.939998,3534300,8.271689
2012-08-21,32.95,33.419997,32.90,33.04,3397700,8.296801
2012-08-20,32.560001,32.999998,32.349997,32.979997,3797700,8.281734
2012-08-17,32.159999,32.999998,32.069999,32.679998,5994200,8.2064
2012-08-16,31.499998,32.379999,31.299999,32.069999,7232200,8.053221
2012-08-15,31.339999,31.529999,30.929999,31.339999,5073700,7.869907
2012-08-14,31.469999,31.77,31.18,31.339999,3989000,7.869907
2012-08-13,31.339999,31.58,30.919998,31.409998,4143500,7.887485
2012-08-10,30.439999,31.399997,30.309999,31.319998,5101000,7.864885
2012-08-09,29.579999,30.69,29.449999,30.51,8548500,7.661483
2012-08-08,26.509998,30.29,26.509998,29.529998,17803200,7.415391
2012-08-07,25.219999,25.749999,25.219999,25.519998,2225200,6.408425
2012-08-06,24.929998,25.239998,24.909999,25.129999,1779800,6.310491
2012-08-03,24.61,24.939999,24.539999,24.83,2103000,6.235157
2012-08-02,24.24,24.409999,23.83,24.15,2545000,6.064399
2012-08-01,24.659998,24.79,24.409999,24.499999,3627600,6.152289
2012-07-31,24.309999,24.669999,24.079999,24.620001,3381800,6.182423
2012-07-30,24.15,24.359999,23.989999,24.29,2139000,6.099555
2012-07-27,23.719999,24.37,23.589999,24.229999,2684800,6.084488
2012-07-26,23.20,23.83,23.20,23.589999,4973600,5.923775
2012-07-25,22.54,22.909999,22.429999,22.729999,4462000,5.707817
2012-07-24,22.770001,22.809998,22.189999,22.499998,12796600,5.650061
2012-07-23,22.860001,22.94,22.469999,22.809998,3652500,5.727906
2012-07-20,23.459999,23.61,23.299998,23.35,3975000,5.863508
2012-07-19,23.979998,24.28,23.52,23.599999,3924000,5.926286
2012-07-18,23.43,23.940001,23.369999,23.859999,2995400,5.991576
2012-07-17,23.409999,23.669998,23.009999,23.450001,1140200,5.88862
2012-07-16,23.669998,23.74,23.25,23.329999,2340000,5.858486
2012-07-13,23.089999,23.83,23.03,23.729999,4511300,5.958931
2012-07-12,22.94,23.189999,22.709998,23.059999,4382900,5.790685
2012-07-11,23.499999,23.599999,23.009999,23.179999,3173900,5.820818
2012-07-10,24.11,24.29,23.25,23.44,3914000,5.886109
2012-07-09,24.120001,24.179999,23.579998,23.999999,4389800,6.026732
2012-07-06,24.78,24.909999,24.10,24.229999,4904500,6.084488
2012-07-05,25.039999,25.19,24.879998,24.999999,2879600,6.277846
2012-07-03,24.859999,25.149998,24.759999,25.089999,2972200,6.300446
2012-07-02,24.92,25.02,24.459997,24.809999,3157800,6.230134
2012-06-29,24.219999,24.83,24.219999,24.819999,5170300,6.232645
2012-06-28,23.479998,23.809999,23.389998,23.759998,3903300,5.966464
2012-06-27,23.379997,23.669998,23.26,23.659998,3430200,5.941353
2012-06-26,23.399998,23.450001,23.099999,23.29,2755100,5.848441
2012-06-25,23.629999,23.629999,23.149999,23.329999,3358000,5.858486
2012-06-22,23.999999,24.02,23.75,23.899999,2590100,6.00162
2012-06-21,24.69,24.87,23.84,23.850001,3785900,5.989065
2012-06-20,24.729999,24.87,24.499999,24.709998,2484300,6.205023
2012-06-19,24.769999,24.819999,24.379998,24.679999,3640200,6.197489
2012-06-18,24.60,24.79,24.20,24.620001,2491200,6.182423
2012-06-15,24.319999,24.709998,24.249998,24.709998,3089900,6.205023
2012-06-14,24.20,24.489999,24.089999,24.309999,3593900,6.104577
2012-06-13,24.769999,24.769999,24.120001,24.20,3538400,6.076955
2012-06-12,24.879998,24.92,24.42,24.79,4491400,6.225112
2012-06-11,26.419998,26.439999,25.02,25.049997,4290600,6.240179
2012-06-08,26.139998,26.169999,25.77,26.149998,3406700,6.5142
2012-06-07,26.799997,26.959998,26.129997,26.129997,3092700,6.509217
2012-06-06,26.249999,26.429999,26.169999,26.36,3620000,6.566513
2012-06-05,25.449999,26.319998,25.37,26.00,4479000,6.476834
2012-06-04,25.839999,25.889999,25.149998,25.50,5733900,6.352279
2012-06-01,26.139998,26.229998,25.799999,25.799999,3924000,6.427012
2012-05-31,26.909998,26.95,26.239998,26.639998,3011100,6.636263
2012-05-30,27.04,27.18,26.67,26.909998,3804400,6.703522
2012-05-29,26.919999,27.36,26.919999,27.299997,3198600,6.800675
2012-05-25,26.389999,26.999998,26.349999,26.619999,2661300,6.631281
2012-05-24,26.749999,26.749999,26.239998,26.45,3387500,6.588933
2012-05-23,26.18,26.709997,26.00,26.67,3949600,6.643737
2012-05-22,26.439999,26.899998,26.239998,26.389999,4132800,6.573986
2012-05-21,25.759999,26.59,25.529999,26.549998,3586600,6.613843
2012-05-18,25.77,26.19,25.50,25.749999,7488700,6.414556
2012-05-17,26.349999,26.429999,25.68,25.77,9268200,6.419538
2012-05-16,26.699999,27.089998,26.389999,26.419998,6659800,6.581459
2012-05-15,26.599998,26.719998,26.309997,26.37,3897700,6.569004
2012-05-14,26.77,26.85,26.36,26.59,2323600,6.623808
2012-05-11,26.85,27.309998,26.749999,27.109999,2823900,6.753344
2012-05-10,27.519999,27.54,26.85,26.999998,2739200,6.725942
2012-05-09,26.629998,27.319998,26.379999,27.18,4107900,6.770782
2012-05-08,26.899998,27.009999,26.619999,26.999998,4281600,6.725942
2012-05-07,26.909998,27.469999,26.86,27.249999,3114800,6.78822
2012-05-04,27.709998,27.709998,27.189999,27.209997,3506600,6.778255
2012-05-03,28.209998,28.239999,27.809998,27.999999,3084900,6.975051
2012-05-02,28.169998,28.499999,28.040001,28.20,3341400,7.024873
2012-05-01,28.009999,28.499999,27.94,28.379997,2594600,7.069712
2012-04-30,28.369999,28.369999,27.869999,28.059999,3302500,6.989998
2012-04-27,28.149999,28.479998,27.979998,28.479998,3550200,7.094623
2012-04-26,27.639999,28.11,27.639999,27.999999,2654400,6.975051
2012-04-25,27.509999,27.85,27.35,27.769998,3595800,6.917756
2012-04-24,26.86,27.109999,26.569999,27.109999,3628600,6.753344
2012-04-23,26.909998,26.969999,26.479999,26.799997,3142100,6.67612
2012-04-20,27.67,27.769998,27.199999,27.26,3411700,6.790711
2012-04-19,27.94,28.139999,27.44,27.559999,3013500,6.865443
2012-04-18,27.429999,27.919999,27.429999,27.85,4634200,6.937685
2012-04-17,27.53,27.809998,27.370001,27.689999,3239900,6.897827
2012-04-16,27.409998,27.999999,27.199999,27.36,4961500,6.815622
2012-04-13,27.44,27.459999,26.749999,27.019999,4014200,6.730925
2012-04-12,27.370001,27.739999,27.149999,27.689999,6037900,6.897827
2012-04-11,26.239998,27.899998,25.669999,27.389997,13697000,6.823094
2012-04-10,28.469997,28.599999,28.089999,28.179998,3509200,7.019891
2012-04-09,28.759998,28.759998,28.43,28.62,2331900,7.129499
2012-04-05,28.93,29.409999,28.599999,29.349998,4101700,7.311348
2012-04-04,29.369999,29.51,28.84,28.999999,3559500,7.22416
2012-04-03,30.059998,30.28,29.469998,29.669999,3388900,7.391063
2012-04-02,29.849999,30.229997,29.489999,30.129997,2707800,7.505653
2012-03-30,30.539999,30.649998,29.829998,29.939999,3412800,7.458323
2012-03-29,30.209999,30.359999,29.679999,30.28,2548800,7.54302
2012-03-28,31.129997,31.129997,30.309999,30.519998,2014400,7.602806
2012-03-27,31.109999,31.439999,30.819998,31.109999,3198100,7.74978
2012-03-26,31.049998,31.249999,30.819998,31.079999,4013500,7.742307
2012-03-23,30.349999,30.77,30.219999,30.69,3303700,7.645155
2012-03-22,30.51,30.559998,30.219999,30.41,3004000,7.575404
2012-03-21,30.429998,31.019999,30.339998,30.86,3251500,7.687503
2012-03-20,31.209997,31.209997,30.399999,30.469998,4311000,7.54053
2012-03-19,31.389999,31.959998,31.139998,31.509998,4293700,7.797903
2012-03-16,32.150001,32.379999,31.439999,31.599998,5001800,7.820175
2012-03-15,31.069999,32.13,30.899999,32.099996,3810800,7.943912
2012-03-14,31.499998,31.609999,30.969998,31.069999,2947000,7.689014
2012-03-13,31.45,31.59,31.209997,31.45,4293000,7.783055
2012-03-12,31.469999,31.899997,31.059998,31.149998,3559000,7.708812
2012-03-09,31.419998,31.719997,31.219997,31.469999,3013200,7.788004
2012-03-08,31.309997,31.479999,31.069999,31.290001,2526500,7.743459
2012-03-07,31.18,31.209997,30.87,30.929999,2815300,7.654368
2012-03-06,31.469999,31.59,30.87,31.009998,4620000,7.674166
2012-03-05,32.229998,32.839999,31.659999,31.929999,5000400,7.901842
2012-03-02,31.879999,32.199999,31.319998,31.319998,3029400,7.750882
2012-03-01,31.989997,32.109999,31.67,31.849999,2800100,7.882044
2012-02-29,32.369998,32.549998,31.739998,31.759999,3409100,7.859771
2012-02-28,32.389997,32.54,32.019999,32.229998,3338800,7.976084
2012-02-27,31.999998,32.619997,31.649999,32.349997,3086600,8.00578
2012-02-24,32.289999,32.409998,31.929999,32.089998,3001400,7.941437
2012-02-23,31.959998,32.31,31.799997,32.279998,3557400,7.988458
2012-02-22,31.989997,32.27,31.780001,31.889999,4279200,7.891943
2012-02-21,33.099997,33.389998,31.749999,31.969999,6165100,7.911741
2012-02-17,33.499999,33.58,33.019999,33.08,4556900,8.186437
2012-02-16,33.04,33.479998,32.409998,33.259998,3551200,8.230982
2012-02-15,32.909998,33.799998,32.249999,32.969999,9136100,8.159215
2012-02-14,32.339999,32.759998,32.13,32.599996,5294200,8.067649
2012-02-13,32.749999,32.889997,31.879999,32.369998,5316000,8.01073
2012-02-10,32.479997,32.740001,32.169997,32.469999,7109500,8.035478
2012-02-09,31.459998,33.419997,31.349999,32.939998,13368100,8.15179
2012-02-08,28.62,33.499999,28.62,31.389999,33038600,7.768206
2012-02-07,27.17,27.229998,26.389999,26.479999,9803800,6.553109
2012-02-06,27.719998,27.719998,27.129998,27.45,6539300,6.793159
2012-02-03,27.66,28.129998,27.599999,28.069997,2924200,6.946592
2012-02-02,27.289999,27.54,27.099999,27.26,2779700,6.746139
2012-02-01,26.109999,27.44,25.77,27.189999,5017700,6.728815
2012-01-31,26.029999,26.079999,25.41,25.829998,4161800,6.392251
2012-01-30,25.91,26.119999,25.619999,25.929999,3145400,6.416998
2012-01-27,25.939999,26.28,25.849999,26.18,2461800,6.478867
2012-01-26,26.409998,26.659999,25.879998,26.029999,2932100,6.441746
2012-01-25,26.10,26.409998,25.709999,26.319998,2698300,6.513513
2012-01-24,26.129997,26.28,25.749999,26.09,3301800,6.456594
2012-01-23,26.149998,26.559999,25.959998,26.290001,2873700,6.506089
2012-01-20,26.129997,26.27,25.879998,26.10,2981700,6.459069
2012-01-19,25.50,26.290001,25.429998,26.09,3755700,6.456594
2012-01-18,24.759999,25.569999,24.559998,25.519998,3776900,6.315534
2012-01-17,24.459997,24.959997,24.409999,24.69,3937500,6.110131
2012-01-13,24.649998,24.679999,24.089999,24.15,3040100,5.976495
2012-01-12,24.589999,24.929998,24.19,24.879998,4746500,6.15715
2012-01-11,24.389998,24.659998,24.20,24.579999,3276200,6.082908
2012-01-10,23.850001,24.51,23.679999,24.409999,5362000,6.040838
2012-01-09,23.689999,23.83,23.269999,23.369999,5355900,5.783465
2012-01-06,24.309999,24.459997,23.479998,23.53,7078700,5.823061
2012-01-05,24.43,24.879998,24.159998,24.309999,7125900,6.016091
2012-01-04,24.42,24.51,24.01,24.489999,4987800,6.060636
2012-01-03,24.29,24.749998,24.02,24.52,4102400,6.06806
2011-12-30,23.79,23.879998,23.52,23.70,3808700,5.865132
2011-12-29,23.869999,23.909999,23.43,23.679999,4633300,5.860182
2011-12-28,24.169999,24.389998,23.509999,23.759998,6131800,5.87998
2011-12-27,24.569998,24.989999,23.93,24.10,6950500,5.964121
2011-12-23,26.40,26.58,26.259999,26.479999,2209500,6.553109
2011-12-22,25.77,26.329998,25.729998,26.19,4667500,6.481342
2011-12-21,26.27,26.379999,25.149998,25.669999,5092900,6.352655
2011-12-20,25.479999,26.599998,25.42,26.49,4000200,6.50609
2011-12-19,25.919998,26.19,24.899999,24.999999,5073200,6.140137
2011-12-16,25.739998,26.09,25.659999,25.929999,7148200,6.36855
2011-12-15,25.309999,25.629997,25.28,25.459998,6359600,6.253115
2011-12-14,24.909999,25.069998,24.60,24.929998,6767800,6.122945
2011-12-13,25.469998,25.819998,24.70,24.929998,4827600,6.122945
2011-12-12,25.669999,26.059998,25.059998,25.239998,5430100,6.199082
2011-12-09,25.139997,26.249999,25.029999,25.95,4768300,6.373463
2011-12-08,25.179999,25.429998,24.989999,25.02,7777500,6.14505
2011-12-07,25.129999,25.700001,24.92,25.539999,4730300,6.272764
2011-12-06,25.709999,25.709999,25.069998,25.339998,3981200,6.223643
2011-12-05,25.10,25.700001,24.899999,25.629997,7280100,6.294868
2011-12-02,24.879998,25.149998,24.559998,24.669999,4133300,6.059087
2011-12-01,24.319999,24.839998,24.120001,24.719999,5300100,6.071368
2011-11-30,23.74,24.489999,23.499999,24.43,7664800,6.000142
2011-11-29,23.459999,23.540001,23.16,23.299998,10602100,5.722608
2011-11-28,23.769999,23.879998,23.129998,23.34,7307400,5.732432
2011-11-25,22.979998,23.149999,22.799998,22.93,3114300,5.631734
2011-11-23,24.269999,24.299998,22.969999,22.999999,8949800,5.648926
2011-11-22,24.659998,24.83,24.20,24.489999,6676200,6.014878
2011-11-21,24.799998,25.079999,24.52,24.839998,7098800,6.10084
2011-11-18,25.219999,25.349999,24.649998,25.209999,6012900,6.191714
2011-11-17,25.700001,25.839999,24.989999,25.149998,5155100,6.176978
2011-11-16,25.989999,26.879999,25.790001,25.819998,6042600,6.341533
2011-11-15,25.349999,27.099999,25.059998,26.319998,15610500,6.464336
2011-11-14,26.239998,26.239998,25.209999,25.459998,5601200,6.253115
2011-11-11,26.019999,26.659999,25.790001,26.479999,9772700,6.503633
2011-11-10,27.370001,27.829999,24.92,25.239998,15666100,6.199082
2011-11-09,29.299998,30.29,27.799998,27.899998,12130500,6.852393
2011-11-08,32.599996,32.999998,32.139998,32.969999,4019400,8.097613
2011-11-07,32.299997,32.709997,31.899997,32.279998,3263600,7.928145
2011-11-04,32.04,32.619997,31.67,32.40,3765200,7.957618
2011-11-03,30.700001,32.479997,30.539999,32.40,5167700,7.957618
2011-11-02,30.519998,30.790001,30.059998,30.339998,2930400,7.45167
2011-11-01,30.439999,30.639998,29.719999,29.92,4524100,7.348516
2011-10-31,32.069999,32.289999,31.419998,31.459998,3509200,7.726748
2011-10-28,32.369998,32.889997,32.089998,32.439997,4109100,7.967442
2011-10-27,31.629997,33.119998,31.439999,32.81,5417800,8.058316
2011-10-26,30.60,30.759999,29.78,30.619999,2614600,7.52044
2011-10-25,30.839999,30.879998,30.119999,30.19,3227000,7.41483
2011-10-24,30.229997,30.969998,30.01,30.899999,3985500,7.58921
2011-10-21,29.679999,30.419998,29.620001,30.029999,3107200,7.375533
2011-10-20,29.339998,29.529998,28.479998,29.269999,3276400,7.188873
2011-10-19,30.20,30.219999,29.24,29.359999,3168000,7.210977
2011-10-18,29.589999,30.32,28.979998,30.11,3484800,7.395182
2011-10-17,30.439999,30.439999,29.499999,29.589999,3010600,7.267466
2011-10-14,30.539999,30.759999,30.349999,30.60,2774300,7.515528
2011-10-13,30.139997,30.239998,29.719999,30.059998,3060500,7.382901
2011-10-12,30.179999,30.889999,30.179999,30.399999,3489000,7.466407
2011-10-11,29.52,30.149998,29.449999,29.819999,2456300,7.323956
2011-10-10,29.209998,29.749998,29.139999,29.749998,3314600,7.306763
2011-10-07,29.139999,29.29,28.219998,28.589999,3834800,7.021861
2011-10-06,28.099999,28.969997,28.040001,28.919999,3308900,7.102911
2011-10-05,27.399998,28.219998,27.129998,28.089999,5220400,6.899058
2011-10-04,26.139998,27.419999,26.059998,27.370001,6184500,6.722223
2011-10-03,26.709997,27.059999,26.439999,26.599998,9237600,6.533106
2011-09-30,27.18,27.499998,26.799997,26.85,3700200,6.594508
2011-09-29,27.629998,28.239999,27.08,27.629998,4392900,6.786079
2011-09-28,28.040001,28.089999,26.999998,27.04,4644400,6.641173
2011-09-27,27.94,28.689999,27.689999,27.869999,4508700,6.845025
2011-09-26,26.37,27.26,26.109999,27.219998,5277600,6.685381
2011-09-23,25.69,26.319998,25.60,26.04,5121600,6.395567
2011-09-22,26.04,26.45,25.669999,26.029999,8733800,6.393111
2011-09-21,28.20,28.459999,26.909998,26.959998,3546200,6.621524
2011-09-20,28.61,29.11,28.12,28.139999,4247700,6.911338
2011-09-19,28.729999,28.919999,28.189999,28.61,3281900,7.026773
2011-09-16,29.11,29.52,28.959997,29.279999,4365600,7.191329
2011-09-15,28.629998,28.869999,28.329999,28.84,4555700,7.083263
2011-09-14,28.389998,28.649999,27.93,28.299998,4999900,6.950635
2011-09-13,28.049999,28.469997,27.85,28.179998,3706600,6.921163
2011-09-12,27.299997,27.950001,27.089998,27.899998,4059300,6.852393
2011-09-09,28.059999,28.209998,27.399998,27.629998,4579700,6.786079
2011-09-08,28.979998,29.149997,28.279999,28.43,5063300,6.982564
2011-09-07,28.03,29.209998,27.899998,29.209998,4261700,7.174136
2011-09-06,27.909999,27.909999,26.739999,27.649999,7615200,6.790992
2011-09-02,29.539999,29.60,28.499999,28.589999,3988500,7.021861
2011-09-01,30.649998,30.829998,29.909999,29.92,6205900,7.299397
2011-08-31,31.079999,31.28,30.529999,30.659999,4493000,7.47993
2011-08-30,30.219999,31.049998,29.959997,30.839999,4943900,7.523843
2011-08-29,29.349998,30.439999,29.29,30.389999,13885100,7.414059
2011-08-26,28.20,29.189999,27.729999,28.829999,8834700,7.033476
2011-08-25,29.489999,29.679999,28.25,28.329999,8998900,6.911494
2011-08-24,29.02,29.70,28.779999,29.339998,5554500,7.157897
2011-08-23,27.76,29.02,27.67,29.02,4755500,7.079829
2011-08-22,27.44,28.089999,27.44,27.719998,6562100,6.762676
2011-08-19,27.909999,28.079998,26.819998,26.919999,9990300,6.567505
2011-08-18,28.759998,28.909999,27.989998,28.279999,12304200,6.899296
2011-08-17,30.039999,30.399999,29.549997,29.69,3425700,7.243285
2011-08-16,29.769999,30.179999,29.439998,29.92,4919500,7.299397
2011-08-15,29.489999,30.10,29.29,30.069998,5299900,7.335991
2011-08-12,29.149997,29.709998,29.02,29.24,7380500,7.133501
2011-08-11,28.259998,29.539999,28.049999,29.359999,13749600,7.162777
2011-08-10,30.32,30.349999,26.309997,28.239999,27154000,6.889537
2011-08-09,31.259999,31.999998,29.949999,31.969999,11891300,7.799522
2011-08-08,32.729998,33.529998,30.819998,30.839999,20293400,7.523843
2011-08-05,33.259998,33.630001,32.109999,33.49,14694800,8.170348
2011-08-04,33.139999,33.199999,32.499998,32.90,11538900,8.026409
2011-08-03,33.79,33.88,32.999998,33.739999,7663600,8.231338
2011-08-02,34.099997,34.38,33.599997,33.999999,6391900,8.294769
2011-08-01,35.549997,35.679999,34.080001,34.439998,6127300,8.402113
2011-07-29,35.049997,35.619996,34.889998,35.279997,5142100,8.607042
2011-07-28,35.580001,35.819997,35.309999,35.339998,4663400,8.62168
2011-07-27,36.499998,36.560001,35.429998,35.509998,4426400,8.663154
2011-07-26,36.839999,36.999998,36.589998,36.689998,2909500,8.951031
2011-07-25,36.81,37.179998,36.339999,36.879999,4529300,8.997384
2011-07-22,37.819998,37.99,37.669998,37.929999,1804000,9.253547
2011-07-21,37.349997,38.080002,37.169997,37.879999,2873200,9.241348
2011-07-20,37.13,37.339999,36.90,37.169997,2257400,9.068134
2011-07-19,36.599998,37.04,36.499998,36.959998,3233900,9.016901
2011-07-18,36.519999,36.639998,36.06,36.27,4911900,8.848567
2011-07-15,36.90,36.90,36.349997,36.650001,4319100,8.941273
2011-07-14,37.060001,37.499998,36.68,36.72,4178400,8.95835
2011-07-13,37.159999,37.31,36.779998,36.81,3475300,8.980307
2011-07-12,37.049998,37.279998,36.779998,37.009996,4335200,9.029099
2011-07-11,37.389997,37.479997,36.999998,37.119997,3190700,9.055935
2011-07-08,37.859998,37.969999,37.319998,37.819998,2741300,9.22671
2011-07-07,38.369997,38.409999,38.099999,38.270001,3645600,9.336495
2011-07-06,37.999998,38.409999,37.879999,38.07,2201900,9.287702
2011-07-05,38.240001,38.329999,37.759998,38.090001,2937300,9.292581
2011-07-01,37.999998,38.499996,37.740001,38.359998,2178200,9.358451
2011-06-30,37.54,38.43,37.469999,37.959999,3807000,9.260865
2011-06-29,37.330001,37.559999,37.08,37.429999,3503000,9.131565
2011-06-28,37.27,37.499998,37.08,37.199999,3464800,9.075453
2011-06-27,37.259997,37.479997,36.970001,37.179998,2957900,9.070573
2011-06-24,37.889997,38.119995,37.04,37.089998,4855600,9.048617
2011-06-23,37.869999,37.959999,37.22,37.699999,5525300,9.197435
2011-06-22,38.729996,38.929997,38.209998,38.270001,4083200,9.336495
2011-06-21,38.84,39.149999,38.739999,39.099995,2906900,9.538983
2011-06-20,38.319996,38.650002,38.25,38.549997,2598900,9.404803
2011-06-17,38.769998,38.830002,38.22,38.499996,3787800,9.392605
2011-06-16,37.889997,38.939996,37.889997,38.450001,7130600,9.380408
2011-06-15,38.049999,39.349996,37.249999,38.199999,9867900,9.319417
2011-06-14,38.279999,38.709995,38.22,38.48,4973800,9.387727
2011-06-13,37.679998,37.99,37.189996,37.90,6486100,9.246228
2011-06-10,37.90,37.969999,37.189996,37.689996,4250000,9.194995
2011-06-09,37.599996,38.689999,37.479997,38.379999,5096500,9.314538
2011-06-08,37.859998,38.019999,37.439997,37.679998,5213500,9.144653
2011-06-07,37.999998,38.509999,37.90,37.999998,5326000,9.222315
2011-06-06,38.459999,38.630001,37.789999,37.879999,7285100,9.193192
2011-06-03,38.769998,38.969999,38.419997,38.470002,5538600,9.336381
2011-06-02,39.229999,39.769999,38.909996,39.189997,4756200,9.511119
2011-06-01,39.630001,39.999999,39.169996,39.25,5668400,9.525681
2011-05-31,40.439999,40.439999,39.74,39.889996,6276600,9.681003
2011-05-27,38.539998,40.289998,38.40,40.040001,9371900,9.717408
2011-05-26,40.589999,40.779998,36.299999,38.379999,33310800,9.314538
2011-05-25,43.429997,44.310001,43.150001,44.089999,3103200,10.700312
2011-05-24,43.819996,43.919997,43.479997,43.499998,2546700,10.557124
2011-05-23,43.90,43.90,43.31,43.590001,2871100,10.578966
2011-05-20,44.399998,44.909999,43.789997,44.579998,2982600,10.819232
2011-05-19,44.75,44.919997,43.989998,44.360001,2520600,10.76584
2011-05-18,44.409997,44.919997,44.049997,44.509997,2544300,10.802243
2011-05-17,43.859998,44.439996,43.639996,44.419995,2601800,10.7804
2011-05-16,44.479998,44.529998,43.970002,44.049997,2684800,10.690604
2011-05-13,44.819997,44.939998,44.490001,44.659998,2598000,10.838647
2011-05-12,44.16,45.06,44.019997,45.039999,2746700,10.93087
2011-05-11,44.209996,45.139999,43.889998,44.269999,3726600,10.743997
2011-05-10,43.950001,45.069998,43.699999,44.989999,4555700,10.918735
2011-05-09,43.509997,43.869997,43.509997,43.699999,3390100,10.605662
2011-05-06,44.029996,44.449999,43.380001,43.509997,3458600,10.55955
2011-05-05,43.709998,44.239999,43.349998,43.469999,5203800,10.549843
2011-05-04,44.099997,44.52,43.419994,43.959999,6890700,10.668762
2011-05-03,45.269999,46.249998,43.279996,44.029996,14851700,10.68575
2011-05-02,51.309999,51.429996,50.539999,50.549997,1981000,12.268105
2011-04-29,50.899999,51.299996,50.699998,50.979998,1817700,12.372464
2011-04-28,50.33,50.959997,50.33,50.79,1795400,12.326352
2011-04-27,49.769999,50.589999,49.729997,50.539999,2928300,12.265679
2011-04-26,49.519997,49.919995,49.419997,49.66,3084900,12.05211
2011-04-25,49.25,49.450001,49.029998,49.409999,1770500,11.991436
2011-04-21,49.389998,49.79,49.099994,49.129998,2559500,11.923482
2011-04-20,50.079998,50.099995,49.229999,49.329999,4690000,11.972021
2011-04-19,49.519997,49.819999,49.489998,49.689995,4637100,12.059389
2011-04-18,49.450001,49.759996,49.240002,49.419997,3966900,11.993863
2011-04-15,49.66,50.139997,49.450001,50.049999,2953400,12.14676
2011-04-14,48.499996,49.79,48.470001,49.630001,2763800,12.044829
2011-04-13,49.270001,49.479995,48.66,48.909996,2240100,11.87009
2011-04-12,48.909996,49.270001,48.650001,48.719998,2160400,11.823978
2011-04-11,49.38,49.739999,48.939996,49.189997,1464900,11.938044
2011-04-08,50.079998,50.079998,49.329999,49.549997,1171100,12.025413
2011-04-07,49.619998,50.02,49.43,49.819999,1427600,12.09094
2011-04-06,49.859996,49.929998,49.319996,49.739999,1781400,12.071525
2011-04-05,49.409999,49.959997,49.25,49.58,1865700,12.032695
2011-04-04,49.400001,49.749998,49.20,49.400001,1187000,11.98901
2011-04-01,49.229999,49.499996,48.719998,49.38,1888700,11.984156
2011-03-31,48.979998,49.159998,48.650001,48.729996,2077300,11.826405
2011-03-30,49.159998,49.279999,48.789999,48.979998,1578500,11.887078
2011-03-29,48.699997,48.949998,48.429999,48.889995,1456300,11.865235
2011-03-28,49.240002,49.319996,48.40,48.489998,1769100,11.768159
2011-03-25,49.159998,49.43,48.830001,49.169996,1949900,11.933189
2011-03-24,48.589998,49.179999,48.240001,48.919995,2126700,11.872516
2011-03-23,47.959996,48.48,47.759995,48.339997,1458400,11.731755
2011-03-22,48.539998,48.559999,48.049998,48.049998,1939000,11.661375
2011-03-21,47.889999,48.639999,47.63,48.589998,3138500,11.792428
2011-03-18,46.979997,47.589998,46.91,47.290001,3040300,11.476929
2011-03-17,46.379998,46.769997,46.029996,46.359997,1892000,11.251224
2011-03-16,46.389996,46.749996,45.449999,45.789998,2928300,11.112889
2011-03-15,46.049997,46.880001,45.689998,46.569996,3224700,11.302189
2011-03-14,47.249999,47.429999,46.520001,46.769997,2514900,11.350728
2011-03-11,47.009996,47.749997,46.700001,47.700001,2276200,11.576433
2011-03-10,47.470001,47.689998,46.869998,47.179998,2840200,11.401694
2011-03-09,47.830001,48.519997,47.549996,48.080002,2799700,11.619193
2011-03-08,47.279998,48.27,47.110001,47.99,2274500,11.597442
2011-03-07,48.009996,48.029997,47.049998,47.249999,1696700,11.418611
2011-03-04,48.339997,48.489998,47.40,47.739999,2674800,11.537026
2011-03-03,48.22,48.789999,48.139996,48.48,2890800,11.715857
2011-03-02,47.319996,48.149999,47.179998,47.849997,2791400,11.563609
2011-03-01,48.359998,48.48,47.229998,47.309997,2726100,11.43311
2011-02-28,48.639999,48.759996,48.049998,48.129998,2884600,11.631275
2011-02-25,47.779996,48.689999,47.45,48.589998,3955100,11.74244
2011-02-24,47.429999,47.880001,47.019999,47.479999,3369700,11.474194
2011-02-23,47.379999,48.04,47.029997,47.349995,5568500,11.442776
2011-02-22,48.27,48.599997,47.409998,47.45,4162000,11.466944
2011-02-18,48.569997,48.99,47.849997,48.939996,4236300,11.827022
2011-02-17,47.899998,48.899998,47.869998,48.459999,4672700,11.711024
2011-02-16,47.559999,48.240001,47.529995,48.149999,4349900,11.636108
2011-02-15,47.58,47.839999,47.309997,47.379999,2566900,11.450027
2011-02-14,47.81,48.069999,47.349995,47.659999,4714000,11.517693
2011-02-11,47.99,48.499996,47.700001,47.919994,5915400,11.580524
2011-02-10,48.099999,48.199999,47.50,48.099999,7531400,11.624025
2011-02-09,52.499998,53.109999,47.709999,48.429999,29560000,11.703774
2011-02-08,55.999997,56.609998,55.889998,56.539997,3437800,13.663667
2011-02-07,55.769997,56.449999,55.70,56.209996,2829800,13.583917
2011-02-04,55.539997,55.809999,55.209996,55.759994,3219700,13.475168
2011-02-03,54.399998,55.939999,54.099997,55.619996,5929700,13.441336
2011-02-02,53.999996,54.639997,53.889997,54.599995,4096700,13.194838
2011-02-01,53.499998,54.469999,52.859998,54.319999,9005100,13.127173
2011-01-31,52.569999,53.379997,52.249997,53.289999,2753200,12.87826
2011-01-28,54.13,54.199997,52.429997,52.449998,3151100,12.675262
2011-01-27,53.819996,54.259996,53.749999,54.16,1880600,13.088507
2011-01-26,53.889997,53.999996,53.529997,53.699999,1313000,12.977342
2011-01-25,53.449998,53.819996,53.119997,53.799995,2120500,13.001507
2011-01-24,53.059999,53.799995,52.909998,53.499998,2061000,12.929009
2011-01-21,53.389999,53.469999,52.879999,53.029995,1542200,12.815426
2011-01-20,52.72,53.049996,52.229996,52.959998,2195700,12.798511
2011-01-19,53.729998,53.849995,52.95,52.989997,2649700,12.80576
2011-01-18,53.189998,54.059999,53.18,53.689996,2586100,12.974925
2011-01-14,52.529997,53.229996,52.49,53.159999,2363000,12.846844
2011-01-13,52.619995,52.809997,52.449998,52.659997,2321700,12.726011
2011-01-12,52.469999,52.649999,52.249997,52.54,2311800,12.697012
2011-01-11,52.00,52.209999,51.529997,52.18,2366600,12.610013
2011-01-10,51.790001,52.249997,51.56,51.909998,2941600,12.544764
2011-01-07,51.679997,52.109999,51.599998,52.049996,2870100,12.578596
2011-01-06,51.15,51.659996,50.979998,51.629997,2728000,12.477098
2011-01-05,50.630001,51.429996,50.449997,51.049995,4553500,12.336932
2011-01-04,50.769999,50.879998,50.419997,50.849999,3100600,12.2886
2011-01-03,49.909997,50.849999,49.799998,50.84,4125500,12.286184
2010-12-31,49.529996,49.739999,49.529996,49.599997,2113200,11.98652
2010-12-30,49.439998,49.66,49.359998,49.599997,1297300,11.98652
2010-12-29,49.599997,49.619998,49.389998,49.459999,1824800,11.952688
2010-12-28,49.469997,49.599997,49.189997,49.499996,2826200,11.962354
2010-12-27,48.830001,49.509995,48.830001,49.479995,2244400,11.95752
2010-12-23,48.709995,49.049999,48.650001,49.009997,1502300,11.843939
2010-12-22,48.389997,49.079998,48.349995,48.869999,2970800,11.810106
2010-12-21,48.109997,48.45,48.069999,48.259998,3965500,11.662691
2010-12-20,48.559999,48.559999,47.799997,47.939995,2430900,11.537026
2010-12-17,48.349995,48.66,48.22,48.40,3155600,11.647729
2010-12-16,48.719998,48.749997,47.939995,48.349995,3418300,11.635695
2010-12-15,48.909996,48.999999,48.459999,48.650001,4694300,11.707893
2010-12-14,47.40,49.089996,47.40,48.909996,8040200,11.770462
2010-12-13,47.199999,47.240001,46.900002,46.91,2065700,11.289152
2010-12-10,47.099998,47.169995,46.889999,47.110001,2087100,11.337283
2010-12-09,47.459998,47.739999,46.949997,46.999998,1863800,11.31081
2010-12-08,47.189996,47.50,46.769997,47.299999,2142800,11.383007
2010-12-07,47.519997,47.569997,47.069999,47.080002,1862800,11.330064
2010-12-06,47.04,47.279998,46.799997,47.060001,1705000,11.32525
2010-12-03,46.609998,47.179998,46.609998,47.099998,1909100,11.334876
2010-12-02,46.47,47.019999,46.349994,46.759995,2677500,11.253052
2010-12-01,45.299998,46.579999,45.259996,46.459998,3070700,11.180856
2010-11-30,44.65,44.969998,44.439996,44.629999,2827400,10.740457
2010-11-29,45.349999,45.349999,44.740002,45.099997,2389800,10.853565
2010-11-26,45.569996,45.839998,45.310001,45.589997,1007600,10.971486
2010-11-24,45.540001,46.069998,45.479998,45.930001,1693400,11.053309
2010-11-23,45.429998,45.499999,45.049997,45.310001,2174600,10.904103
2010-11-22,45.749996,46.049997,45.499999,46.019998,1598200,11.074968
2010-11-19,46.14,46.199998,45.739998,45.999997,1436400,11.070155
2010-11-18,45.949997,46.310001,45.679999,46.209996,3024400,11.120692
2010-11-17,45.909999,46.130001,45.569996,45.669996,2592700,10.990738
2010-11-16,46.14,46.209996,45.559998,45.839998,3644000,11.03165
2010-11-15,46.939995,47.049998,46.509998,46.559998,2353800,11.204922
2010-11-12,47.119999,47.349995,46.779996,46.86,2470300,11.277119
2010-11-11,47.839999,47.880001,47.09,47.389997,3615500,11.404666
2010-11-10,48.749997,48.999999,47.869998,48.369996,4454600,11.640508
2010-11-09,49.109997,49.419997,48.599997,48.789999,3279000,11.741584
2010-11-08,49.220001,49.489998,48.849998,48.969999,3702800,11.784902
2010-11-05,49.799998,49.959997,49.539998,49.739999,1625300,11.970207
2010-11-04,49.699997,49.819999,49.589999,49.66,2473100,11.950955
2010-11-03,49.66,49.79,48.769998,49.179999,3207800,11.83544
2010-11-02,49.389998,49.729997,49.339997,49.639999,1769300,11.946141
2010-11-01,49.289997,49.589999,48.599997,48.909996,2029200,11.770462
2010-10-29,49.229999,49.529996,48.929997,49.049999,2526300,11.804154
2010-10-28,49.369997,49.58,48.84,49.329999,1873200,11.871538
2010-10-27,49.129998,49.20,48.689999,49.07,2206400,11.808968
2010-10-26,49.349996,49.669998,49.029998,49.549997,2073800,11.924482
2010-10-25,49.979998,49.979998,49.319996,49.509995,2516800,11.914855
2010-10-22,49.409999,49.819999,49.339997,49.79,1557600,11.98224
2010-10-21,49.549997,49.999999,48.869999,49.38,1699300,11.883571
2010-10-20,49.060002,49.619998,48.999999,49.329999,2296400,11.871538
2010-10-19,49.279999,49.400001,48.619998,48.949998,3070900,11.780089
2010-10-18,49.589999,50.009997,49.089996,50.009997,4322400,12.035183
2010-10-15,47.369996,49.779997,47.179998,49.389998,8209600,11.885977
2010-10-14,47.589998,47.619997,46.809999,46.979997,2903800,11.305997
2010-10-13,47.309997,47.849997,47.139996,47.58,2657500,11.450391
2010-10-12,46.529999,47.139996,46.229997,47.009996,2115800,11.313216
2010-10-11,46.379998,46.900002,46.259997,46.599996,1467500,11.214548
2010-10-08,45.959995,46.479999,45.83,46.369995,2206400,11.159197
2010-10-07,46.249998,46.349994,45.589997,45.900001,1679400,11.04609
2010-10-06,46.339996,46.339996,45.70,46.029996,2017300,11.077374
2010-10-05,45.689998,46.520001,45.689998,46.399999,2886500,11.166417
2010-10-04,45.720001,45.799996,45.149998,45.349999,2171300,10.913729
2010-10-01,46.359997,46.809999,45.65,45.73,3978600,11.005178
2010-09-30,46.229997,46.429998,45.949997,45.999997,3666800,11.070155
2010-09-29,45.889998,46.009995,45.429998,45.88,2796800,11.041277
2010-09-28,45.399999,45.930001,44.75,45.849996,2763100,11.034056
2010-09-27,45.459997,45.459997,44.999997,45.169999,1668900,10.870411
2010-09-24,44.900001,45.429998,44.659998,45.379998,3380600,10.920948
2010-09-23,43.919997,44.769997,43.779999,44.419995,3037900,10.689918
2010-09-22,44.529998,44.869997,44.189999,44.29,4659100,10.658634
2010-09-21,44.499999,44.93,44.259996,44.659998,3890800,10.747676
2010-09-20,43.729999,44.619996,43.649999,44.52,2399600,10.713985
2010-09-17,43.699999,43.709998,43.18,43.619995,4128800,10.497394
2010-09-16,43.069997,43.369999,42.959998,43.169998,3251000,10.3891
2010-09-15,42.679998,43.269998,42.449998,43.229996,2409800,10.403538
2010-09-14,42.839997,43.049996,42.529997,42.829999,3414300,10.307277
2010-09-13,43.18,43.429997,42.839997,42.90,3471500,10.324123
2010-09-10,42.749999,43.029995,42.349997,42.869996,4031000,10.316902
2010-09-09,42.299997,42.36,41.499998,41.729998,2795200,10.042556
2010-09-08,41.849995,42.039998,41.569999,41.869996,4089600,10.076247
2010-09-07,42.109999,42.259995,41.610001,41.699999,2207600,10.035336
2010-09-03,42.299997,42.509996,41.929999,42.509996,2476900,10.194169
2010-09-02,41.709997,41.970001,41.439999,41.970001,2373000,10.064674
2010-09-01,40.469998,41.679998,39.959997,41.659997,4267400,9.990333
2010-08-31,39.959997,40.319997,39.61,39.810001,4214400,9.546693
2010-08-30,40.509995,40.659996,40.15,40.179999,2453700,9.635421
2010-08-27,40.389998,40.799999,39.759996,40.769999,4699300,9.776906
2010-08-26,40.279995,40.359999,39.899999,40.109998,3033200,9.618634
2010-08-25,40.159998,40.409999,39.799998,40.099995,4584400,9.616235
2010-08-24,40.450001,40.799999,40.059998,40.43,3872000,9.695372
2010-08-23,42.150001,42.200001,41.139998,41.15,2703100,9.868033
2010-08-20,41.629997,42.08,41.369998,42.020001,3040100,10.076665
2010-08-19,42.150001,42.289999,41.82,42.009998,2601300,10.074266
2010-08-18,42.619999,42.639996,42.109999,42.380001,2187400,10.162995
2010-08-17,42.649999,42.879999,42.259995,42.41,2198600,10.170189
2010-08-16,41.879999,42.619999,41.580002,42.249997,2794000,10.131819
2010-08-13,42.339999,42.479997,41.90,42.039998,3081100,10.08146
2010-08-12,43.439995,43.590001,42.400002,42.49,4056900,10.189373
2010-08-11,45.599995,45.659998,43.709998,43.879999,5204900,10.522704
2010-08-10,46.219999,46.589997,45.88,46.439997,3602000,11.136608
2010-08-09,46.209996,46.629999,46.159996,46.579999,2131900,11.170181
2010-08-06,45.999997,46.169994,45.369995,46.049997,1931100,11.043084
2010-08-05,45.909999,46.439997,45.909999,46.369995,2052400,11.119821
2010-08-04,46.119999,46.359997,45.919998,46.310001,1560700,11.105434
2010-08-03,46.299999,46.579999,45.889998,46.029996,1783800,11.038287
2010-08-02,46.009995,46.569996,45.869997,46.379998,1992400,11.12222
2010-07-30,44.88,45.52,44.629999,45.330002,2398200,10.870424
2010-07-29,46.50,46.609998,44.859999,45.169999,3356600,10.832054
2010-07-28,46.179997,46.549995,46.019998,46.299999,2425200,11.103036
2010-07-27,47.099998,47.110001,46.279998,46.389996,1769800,11.124618
2010-07-26,46.799997,46.900002,46.490001,46.809999,2255100,11.225337
2010-07-23,46.24,46.919998,46.089999,46.779996,1957700,11.218142
2010-07-22,45.679999,46.50,45.559998,46.399999,2669600,11.127016
2010-07-21,46.479999,46.479999,44.919997,45.119998,3128300,10.820064
2010-07-20,45.349999,46.179997,45.099997,46.179997,2745600,11.074258
2010-07-19,45.529999,46.209996,45.529999,46.089999,2306100,11.052676
2010-07-16,46.47,46.47,45.279997,45.299998,2613900,10.863229
2010-07-15,46.68,46.819998,46.069998,46.709999,2582100,11.201356
2010-07-14,46.719997,47.139996,46.399999,46.700001,2274800,11.198959
2010-07-13,46.279998,47.179998,46.069998,47.009996,2957500,11.273297
2010-07-12,45.569996,46.099998,45.449999,45.869997,2087800,10.999919
2010-07-09,45.369995,45.73,45.209996,45.669996,2275200,10.951957
2010-07-08,45.509998,45.969998,45.089999,45.349999,4901400,10.875219
2010-07-07,43.879999,45.279997,43.859998,45.249998,2768300,10.851239
2010-07-06,44.389996,44.679999,43.419994,43.699999,3512300,10.479539
2010-07-02,44.709998,44.849996,44.039998,44.099997,3177900,10.575461
2010-07-01,45.219999,45.29,44.16,44.619996,3440900,10.70016
2010-06-30,45.279997,45.999997,45.080001,45.249998,4235800,10.851239
2010-06-29,46.939995,46.959996,45.29,45.559998,3705400,10.925579
2010-06-28,48.029997,48.029997,47.339997,47.50,2043600,11.390804
2010-06-25,48.04,48.209997,47.40,47.909996,2904100,11.489123
2010-06-24,48.939996,48.949998,47.68,47.86,2117700,11.477134
2010-06-23,49.289997,49.559999,48.779997,49.060002,1723700,11.764902
2010-06-22,50.279995,50.659996,49.309998,49.409999,2241100,11.848833
2010-06-21,51.169997,51.369998,50.009997,50.269997,2833600,12.055066
2010-06-18,50.990001,51.059998,50.339998,50.529996,3186500,12.117416
2010-06-17,50.419997,50.999999,50.159998,50.999999,3371300,12.230126
2010-06-16,49.779997,50.599997,49.569998,50.409999,1910500,12.08864
2010-06-15,49.259998,50.259998,49.179999,50.189997,2123800,12.035882
2010-06-14,49.709996,49.899998,49.07,49.099994,2631700,11.774492
2010-06-11,48.709995,49.299995,48.639999,49.240002,2109600,11.808067
2010-06-10,48.650001,49.489998,48.45,49.439998,2204500,11.820058
2010-06-09,48.209997,48.729996,47.719998,47.929997,2360400,11.459049
2010-06-08,47.339997,48.04,47.189996,47.99,3986400,11.473394
2010-06-07,47.819998,48.229998,47.299999,47.349995,4354700,11.320382
2010-06-04,49.329999,49.439998,47.639998,47.779996,5085300,11.423187
2010-06-03,49.719998,50.349996,49.58,50.259998,3500900,12.016103
2010-06-02,48.22,49.58,48.099999,49.549997,5016000,11.846356
2010-06-01,49.469997,49.699997,47.869998,47.939995,5891000,11.461439
2010-05-28,49.929998,50.33,49.529996,49.990001,4784000,11.951552
2010-05-27,49.349996,49.849998,49.119995,49.84,2680100,11.91569
2010-05-26,48.409998,49.38,48.27,48.539998,4669100,11.604887
2010-05-25,47.719998,48.229998,47.099998,48.22,7346600,11.528382
2010-05-24,49.400001,49.489998,48.609999,48.819999,5301300,11.671829
2010-05-21,47.379999,49.990001,47.049998,49.739999,7689700,11.891782
2010-05-20,48.999999,49.38,47.700001,47.880001,5550200,11.447096
2010-05-19,49.319996,49.669998,48.81,49.109997,3544300,11.741162
2010-05-18,50.109998,50.359999,49.270001,49.339997,4034100,11.79615
2010-05-17,49.869999,50.369997,49.309998,49.869999,4110300,11.922862
2010-05-14,51.069996,51.069996,49.58,49.849998,4111700,11.91808
2010-05-13,51.810002,52.019996,51.249996,51.269997,1998300,12.257572
2010-05-12,50.959997,51.939997,50.959997,51.829998,2789500,12.391456
2010-05-11,50.589999,51.499997,50.56,50.889996,3179100,12.166722
2010-05-10,51.959998,51.959998,50.489999,51.159998,4300800,12.231274
2010-05-07,50.359999,50.519998,49.02,49.58,6779700,11.85353
2010-05-06,50.929998,51.549998,49.060002,50.269997,7300300,12.018493
2010-05-05,50.439998,51.220001,50.439998,50.959997,3184600,12.183458
2010-05-04,51.509996,51.649998,50.339998,50.999999,3596800,12.193021
2010-05-03,52.819996,52.819996,51.82,51.919996,3474500,12.412973
2010-04-30,53.819996,53.819996,52.319998,52.389999,2554800,12.525341
2010-04-29,53.740001,53.829999,53.239999,53.729998,2361600,12.845706
2010-04-28,54.360001,54.49,53.109999,53.49,3831900,12.788328
2010-04-27,55.099997,55.269999,54.019997,54.119998,2300900,12.938947
2010-04-26,55.549995,55.859999,55.399999,55.419995,2412900,13.249749
2010-04-23,55.259996,55.65,54.859999,55.609998,1689600,13.295174
2010-04-22,54.900001,55.459997,54.389995,55.34,2194100,13.230624
2010-04-21,55.399999,55.399999,54.829999,55.279997,1933800,13.216278
2010-04-20,55.119998,55.279997,54.709998,55.219999,2741300,13.201934
2010-04-19,54.969997,54.989998,54.389995,54.849996,3416600,13.113474
2010-04-16,55.599995,55.619996,55.049997,55.199998,3352300,13.197152
2010-04-15,55.449999,55.70,55.089999,55.70,4450800,13.316692
2010-04-14,55.019998,55.589997,54.740002,55.539997,3583500,13.278439
2010-04-13,54.88,54.989998,54.540001,54.909999,2884900,13.127819
2010-04-12,54.469999,54.979996,54.34,54.819997,3696400,13.106302
2010-04-09,53.829999,54.540001,53.609997,54.509997,2466500,13.032187
2010-04-08,53.54,53.789997,53.150001,53.659997,2879400,12.828971
2010-04-07,53.799995,54.059999,53.639996,53.77,3499200,12.85527
2010-04-06,53.679998,54.089998,53.589996,53.889997,3946300,12.883959
2010-04-05,53.289999,54.709998,52.90,54.039998,4499900,12.919821
2010-04-01,54.209995,55.099997,53.609997,54.249997,10918400,12.970027
2010-03-31,54.689997,54.969997,54.419995,54.49,2697400,13.027407
2010-03-30,54.999997,55.080001,54.720001,54.989998,1305200,13.146946
2010-03-29,54.729999,55.069998,54.629998,54.969997,1358800,13.142164
2010-03-26,54.88,54.989998,54.509997,54.579998,2490000,13.048923
2010-03-25,55.019998,55.130001,54.75,54.809998,3444200,13.103911
2010-03-24,55.279997,55.279997,54.799996,54.88,2393400,13.120647
2010-03-23,55.219999,55.479998,54.869997,55.429998,2141400,13.25214
2010-03-22,54.169998,55.169994,53.999996,55.029996,2945100,13.156508
2010-03-19,54.559997,54.93,54.31,54.559997,3878200,13.044141
2010-03-18,54.419995,54.649999,54.199997,54.439996,2205900,13.015452
2010-03-17,53.679998,54.459997,53.609997,54.379997,2514200,13.001107
2010-03-16,53.72,53.740001,53.330001,53.659997,1449700,12.828971
2010-03-15,53.349997,53.669995,53.150001,53.579998,1167000,12.809844
2010-03-12,53.599994,53.619995,53.13,53.449998,1337700,12.778764
2010-03-11,53.299997,53.599994,53.08,53.599994,1846700,12.814625
2010-03-10,53.369998,53.609997,53.039998,53.560001,2015400,12.805064
2010-03-09,52.999996,53.459996,52.77,53.289999,1480800,12.740512
2010-03-08,52.889997,53.330001,52.889997,53.150001,1769800,12.707041
2010-03-05,52.209999,52.989997,52.150001,52.959998,1538700,12.661616
2010-03-04,52.269998,52.399997,51.790001,51.990002,2638300,12.42971
2010-03-03,52.77,52.77,52.219997,52.31,2445400,12.506215
2010-03-02,52.599998,52.989997,52.419998,52.560001,2083300,12.565985
2010-03-01,51.779998,52.669995,51.689996,52.449998,2524200,12.539685
2010-02-26,51.339998,51.859997,51.089997,51.790001,2230600,12.381894
2010-02-25,51.220001,51.499997,50.719999,51.400001,1950400,12.288653
2010-02-24,52.239998,52.330001,51.729998,51.899999,2668200,12.408192
2010-02-23,52.239998,52.459996,51.679997,52.18,2252200,12.475134
2010-02-22,52.079999,52.59,52.019996,52.299997,1988300,12.503823
2010-02-19,52.13,52.699999,51.779998,52.449998,2149700,12.539685
2010-02-18,52.049996,52.399997,51.889997,52.299997,1573800,12.503823
2010-02-17,52.289999,52.319998,51.849995,52.049996,2019400,12.444053
2010-02-16,51.580001,52.189998,51.259994,52.189998,2233500,12.477525
2010-02-12,51.74,51.970001,50.509995,51.269997,3754800,12.257572
2010-02-11,51.979999,52.459996,51.400001,52.229996,2753600,12.487087
2010-02-10,53.659997,53.659997,51.799999,52.13,3935100,12.46318
2010-02-09,52.150001,52.729998,51.719999,52.499998,2928000,12.551639
2010-02-08,52.049996,52.859998,51.469998,51.679997,2923800,12.355594
2010-02-05,51.319997,51.499997,50.529996,51.359999,2642800,12.27909
2010-02-04,52.459996,52.659997,51.279995,51.289998,2420700,12.262354
2010-02-03,52.879999,53.150001,52.49,52.869996,1316300,12.640098
2010-02-02,52.449998,53.099996,52.189998,53.059999,2183900,12.685524
2010-02-01,51.599998,52.609997,50.999999,52.509996,3450800,12.55403
2010-01-29,52.459996,52.459996,51.209999,51.299996,2616000,12.264744
2010-01-28,52.699999,52.77,51.509996,52.139998,2640700,12.465571
2010-01-27,52.72,52.889997,51.939997,52.429997,3618800,12.534903
2010-01-26,53.139998,53.139998,52.699999,52.740001,2409800,12.609019
2010-01-25,53.439995,53.679998,52.699999,53.199997,2738000,12.718994
2010-01-22,54.900001,54.900001,53.18,53.229996,2997600,12.726166
2010-01-21,56.47,56.65,54.829999,54.989998,3083500,13.146946
2010-01-20,56.559998,56.559998,55.959995,56.490001,1909300,13.505565
2010-01-19,55.839998,57.009996,55.709998,57.009996,2179400,13.629884
2010-01-15,56.91,57.039999,55.739998,55.959995,1915500,13.378851
2010-01-14,56.88,57.119994,56.499999,57.009996,1713800,13.629884
2010-01-13,56.259996,56.979996,56.189995,56.819997,1419500,13.58446
2010-01-12,56.639997,56.639997,55.93,56.229997,2127600,13.443403
2010-01-11,57.290001,57.519996,56.579999,56.849997,1531100,13.591632
2010-01-08,57.199998,57.209997,56.65,57.199998,1665400,13.67531
2010-01-07,57.599996,57.880001,57.119994,57.349995,1787300,13.711171
2010-01-06,57.759995,57.949998,57.470001,57.929997,2061400,13.849837
2010-01-05,57.86,57.949998,57.279998,57.719997,1650700,13.799631
2010-01-04,57.939995,57.999998,57.489997,57.739998,2011600,13.804413
2009-12-31,58.079997,58.099998,57.519996,57.529995,939700,13.754205
2009-12-30,57.739998,58.109997,57.699996,58.109997,932400,13.892871
2009-12-29,58.359998,58.359998,57.899997,57.949998,1202400,13.854619
2009-12-28,57.919994,58.179998,57.709995,58.129998,1210900,13.897653
2009-12-24,57.86,57.969999,57.489997,57.939995,363500,13.852227
2009-12-23,56.989999,57.650001,56.91,57.619997,1246100,13.775723
2009-12-22,56.739998,56.999997,56.619996,56.839998,1412900,13.589242
2009-12-21,55.720001,56.539997,55.720001,56.139995,1276200,13.421886
2009-12-18,56.339996,56.339996,55.269999,55.70,3081100,13.316692
2009-12-17,55.859999,56.299999,55.669996,55.869997,1661800,13.357335
2009-12-16,56.189995,56.769997,56.189995,56.409997,1544800,13.486437
2009-12-15,56.359997,56.499999,55.720001,56.06,1531500,13.40276
2009-12-14,56.219999,56.499999,55.859999,56.449999,1540100,13.496001
2009-12-11,55.999997,56.089999,55.65,55.779995,1173000,13.335817
2009-12-10,55.569996,55.949997,55.419995,55.720001,1429500,13.321474
2009-12-09,54.959999,55.459997,54.540001,55.379998,2075000,13.240186
2009-12-08,55.279997,55.349998,54.789997,55.049997,2955300,13.16129
2009-12-07,55.789998,55.909999,55.369995,55.639997,2813000,13.302347
2009-12-04,55.819997,56.339996,55.259996,55.70,2694100,13.316692
2009-12-03,55.979996,55.999997,55.039999,55.130001,1640200,13.180417
2009-12-02,55.659998,55.989999,55.379998,55.729999,1543600,13.323864
2009-12-01,55.619996,55.93,55.189995,55.559998,3873700,13.28322
2009-11-30,54.209995,55.310001,53.929999,55.310001,3106700,13.223451
2009-11-27,54.239999,54.689997,53.809998,54.259996,822700,12.972417
2009-11-25,55.399999,55.569996,55.06,55.409997,852900,13.247358
2009-11-24,55.069998,55.34,54.059999,55.169994,1359300,13.189979
2009-11-23,54.909999,55.609998,54.889998,55.330002,1936600,13.228233
2009-11-20,54.729999,54.789997,53.959999,54.330001,1555700,12.989154
2009-11-19,54.579998,54.720001,53.729998,54.459997,2419500,13.020233
2009-11-18,55.119998,55.219999,54.659998,54.989998,1358100,13.146946
2009-11-17,55.039999,55.29,54.88,55.159996,1582600,13.187588
2009-11-16,53.799995,55.119998,53.799995,55.009995,2050000,13.151726
2009-11-13,53.839997,54.059999,53.379997,53.959999,2196200,12.900695
2009-11-12,53.139998,54.649999,53.139998,53.909998,3255500,12.888741
2009-11-11,54.179996,54.689997,53.929999,54.599995,2415700,13.053704
2009-11-10,53.889997,54.119998,53.589996,53.799995,1857100,12.862441
2009-11-09,52.919996,54.179996,52.90,54.150001,2589700,12.94612
2009-11-06,52.219997,52.649999,52.00,52.599998,1399100,12.575547
2009-11-05,51.909998,52.699999,51.629997,52.699999,2141200,12.599455
2009-11-04,51.169997,52.039997,51.109998,51.449997,2064300,12.300606
2009-11-03,50.699998,51.259994,50.349996,51.189998,1991400,12.238446
2009-11-02,50.959997,51.419998,49.990001,50.84,2561200,12.154769
2009-10-30,51.15,51.23,50.669994,50.709996,2685300,12.123688
2009-10-29,50.479996,51.459995,50.129999,51.259994,2004700,12.255181
2009-10-28,50.999999,51.249996,50.179999,50.209998,1821300,12.004149
2009-10-27,51.419998,51.810002,51.009998,51.079999,1895300,12.212147
2009-10-26,51.879998,52.419998,51.20,51.419998,2414800,12.293434
2009-10-23,53.519999,53.519999,51.659996,51.779998,2194100,12.379502
2009-10-22,52.659997,53.209995,52.209999,53.109999,1766200,12.697478
2009-10-21,52.659997,53.669995,52.629998,52.709997,2557400,12.601846
2009-10-20,53.879999,53.889997,52.699999,53.059999,1657500,12.685524
2009-10-19,53.299997,53.699999,53.059999,53.659997,2219900,12.828971
2009-10-16,53.239999,53.369998,52.279996,53.069997,3115700,12.687914
2009-10-15,54.31,54.369999,53.169997,53.49,3232300,12.788328
2009-10-14,53.809998,54.449998,53.509996,54.389995,3355200,13.003498
2009-10-13,52.569999,52.889997,52.299997,52.72,1698100,12.604237
2009-10-12,52.929999,52.979999,52.49,52.72,1252000,12.604237
2009-10-09,52.439995,52.709997,52.169997,52.509996,1846400,12.55403
2009-10-08,51.82,52.889997,51.079999,52.459996,1813400,12.542076
2009-10-07,51.839996,52.029995,51.20,51.56,1495500,12.326906
2009-10-06,50.439998,52.18,50.439998,51.759997,2146900,12.374721
2009-10-05,50.889996,51.309999,50.509995,51.239998,2317700,12.2504
2009-10-02,51.049995,51.489999,50.649998,50.74,1966000,12.130861
2009-10-01,52.669995,53.139998,51.309999,51.389999,2612900,12.286262
2009-09-30,53.54,53.54,52.00,52.709997,3483100,12.601846
2009-09-29,53.150001,53.699999,53.069997,53.249997,6798900,12.730948
2009-09-28,52.009998,53.429997,52.009998,53.199997,8454000,12.718994
2009-09-25,51.02,51.41,50.649998,50.79,2252900,12.142815
2009-09-24,51.990002,52.069997,51.129999,51.189998,1666600,12.238446
2009-09-23,52.039997,52.229996,51.709997,51.709997,2459600,12.362767
2009-09-22,52.599998,52.599998,51.799999,52.00,2501600,12.4321
2009-09-21,52.209999,52.36,51.289998,52.13,2947300,12.46318
2009-09-18,52.380001,52.72,52.219997,52.399997,2456300,12.527731
2009-09-17,52.689996,52.829999,52.169997,52.249997,2250600,12.491869
2009-09-16,51.899999,52.979999,51.839996,52.929999,5183600,12.654443
2009-09-15,51.599998,51.979999,51.489999,51.82,3733000,12.389066
2009-09-14,51.389999,51.979999,50.959997,51.869996,3842100,12.401019
2009-09-11,50.15,50.990001,50.009997,50.889996,3712800,12.166722
2009-09-10,49.509995,50.02,49.329999,49.999999,2546000,11.953942
2009-09-09,48.949998,49.61,48.539998,49.359998,2700200,11.800932
2009-09-08,48.99,48.99,48.409998,48.709995,1877500,11.64553
2009-09-04,48.149999,48.539998,47.569997,48.539998,1801300,11.604887
2009-09-03,47.529995,47.969999,47.249999,47.939995,2640900,11.461439
2009-09-02,47.439997,47.999998,47.359998,47.369996,3466700,11.325164
2009-09-01,48.709995,49.089996,47.779996,47.86,2870100,11.442314
2009-08-31,49.489998,49.489998,48.769998,48.849998,2140900,11.679001
2009-08-28,50.220001,50.319997,49.509995,49.669998,2968400,11.875046
2009-08-27,50.099995,50.099995,49.299995,49.759996,2867300,11.896563
2009-08-26,50.189997,50.409999,49.84,50.099995,2181500,11.977849
2009-08-25,49.999999,50.25,49.569998,49.939996,2037700,11.939597
2009-08-24,49.84,49.999999,49.43,49.669998,1601300,11.875046
2009-08-21,48.909996,49.749998,48.819999,49.679996,2188900,11.877437
2009-08-20,49.139997,49.240002,48.619998,48.869999,1207900,11.683783
2009-08-19,47.959996,49.270001,47.819998,49.060002,2037900,11.729209
2009-08-18,48.849998,48.849998,48.249999,48.45,2232000,11.58337
2009-08-17,49.319996,49.369997,48.439998,48.519997,2106000,11.600105
2009-08-14,50.099995,50.319997,49.339997,49.66,2522000,11.872656
2009-08-13,49.999999,50.279995,49.769999,50.229999,2306100,12.008931
2009-08-12,49.049999,50.159998,49.02,49.949999,4706600,11.941988
2009-08-11,49.619998,49.719998,48.949998,48.969999,2455300,11.707691
2009-08-10,49.359998,49.949999,49.289997,49.719998,3658700,11.887
2009-08-07,49.259998,49.959997,48.519997,49.450001,5423300,11.822449
2009-08-06,48.569997,48.789999,47.81,48.650001,2691700,11.631186
2009-08-05,48.84,48.999999,48.389997,48.529995,2205700,11.602496
2009-08-04,48.619998,48.869999,48.419997,48.759996,1663500,11.657484
2009-08-03,48.680001,48.680001,47.619997,48.609999,2794200,11.621623
2009-07-31,48.389997,48.999999,48.080002,48.169995,2016100,11.516427
2009-07-30,48.27,49.07,47.889999,48.48,2874200,11.590543
2009-07-29,47.659999,48.139996,47.45,47.949998,2775900,11.46383
2009-07-28,46.869998,47.909996,46.759995,47.719998,2610100,11.408842
2009-07-27,46.86,47.110001,46.379998,46.83,1810100,11.196063
2009-07-24,46.599996,46.999998,46.349994,46.83,1632600,11.196063
2009-07-23,46.379998,47.060001,46.06,47.060001,2539800,11.251051
2009-07-22,45.999997,46.83,45.999997,46.429998,1872100,11.100431
2009-07-21,46.409997,46.709999,45.900001,46.669997,2609100,11.157809
2009-07-20,45.569996,45.999997,45.439996,45.969998,1655600,10.990454
2009-07-17,45.359997,45.47,44.93,45.389996,1674900,10.851788
2009-07-16,44.34,45.529999,44.219998,45.419995,1931900,10.85896
2009-07-15,43.590001,44.579998,43.279996,44.579998,3024200,10.658135
2009-07-14,43.399998,43.740001,43.119997,43.729999,1504200,10.454918
2009-07-13,42.689996,43.449998,42.349997,43.449998,1623400,10.387976
2009-07-10,42.429997,42.889997,42.229996,42.669995,2384200,10.201493
2009-07-09,42.54,42.869996,42.08,42.659997,1966500,10.199103
2009-07-08,42.72,43.039998,41.679998,42.18,3273600,10.084346
2009-07-07,43.72,43.72,42.669995,42.709997,2242700,10.211057
2009-07-06,43.799995,43.939998,43.219998,43.689997,2028900,10.445354
2009-07-02,44.499999,44.499999,43.759998,43.799995,2771200,10.471653
2009-07-01,44.459997,44.889998,43.98,44.70,2387900,10.686825
2009-06-30,44.130001,44.509997,43.560001,44.299998,2822400,10.591193
2009-06-29,43.579998,44.189999,43.279996,44.099997,1621000,10.543377
2009-06-26,43.189999,43.779999,42.859998,43.629998,2101100,10.43101
2009-06-25,42.849995,43.39,42.619999,43.31,1915000,10.354505
2009-06-24,43.019997,43.549999,42.749999,43.059999,2565900,10.294735
2009-06-23,42.970001,42.970001,42.349997,42.580002,1908400,10.179978
2009-06-22,43.72,43.849996,42.609997,42.679998,2550500,10.203885
2009-06-19,44.909999,45.099997,43.599999,43.889998,3907900,10.49317
2009-06-18,44.599995,44.950001,43.879999,44.689997,2304700,10.684433
2009-06-17,43.689997,44.589997,43.449998,44.429998,2615000,10.622273
2009-06-16,44.540001,44.540001,43.459996,43.659997,2285000,10.438182
2009-06-15,44.509997,44.759998,43.659997,44.259996,2646600,10.581629
2009-06-12,45.06,45.119998,44.099997,44.989999,2690700,10.756157
2009-06-11,44.059999,45.16,43.999996,44.639997,3138100,10.672479
2009-06-10,43.999996,44.310001,43.239999,44.019997,1909300,10.52425
2009-06-09,44.049997,44.259996,43.519999,43.689997,1899100,10.445354
2009-06-08,43.779999,44.16,43.209995,43.829999,1522000,10.478826
2009-06-05,43.939998,44.529998,43.689997,43.93,2327900,10.502734
2009-06-04,43.419994,43.829999,43.099996,43.72,1589400,10.452528
2009-06-03,43.770001,43.770001,42.740001,43.330001,1993800,10.359287
2009-06-02,43.970002,44.34,43.479997,43.839997,3376300,10.481216
2009-06-01,42.649999,44.249998,42.649999,44.150002,2991400,10.555332
2009-05-29,41.709997,42.54,41.459996,42.459996,2923100,10.151287
2009-05-28,42.449998,42.49,41.159999,41.790001,2687200,9.991105
2009-05-27,41.970001,42.629998,41.619999,41.849995,3380300,10.005449
2009-05-26,39.79,42.269998,39.79,42.119997,4348000,10.070001
2009-05-22,39.949999,40.059998,39.549997,39.759996,2642300,9.505774
2009-05-21,38.40,40.309999,37.90,39.949999,9302600,9.5512
2009-05-20,37.339999,37.999998,36.999998,37.150001,2970500,8.88178
2009-05-19,37.109999,37.49,36.81,37.119997,1589700,8.874606
2009-05-18,36.54,37.209997,36.319998,37.209997,1740800,8.896123
2009-05-15,36.470001,36.740001,36.139998,36.289998,2101300,8.676171
2009-05-14,36.219999,36.729998,36.109998,36.470001,1569700,8.719206
2009-05-13,37.009996,37.009996,36.039999,36.15,1927400,8.642701
2009-05-12,37.759998,37.779996,36.929999,37.40,1616000,8.941549
2009-05-11,37.089998,37.95,36.729998,37.519999,1847900,8.970238
2009-05-08,37.849998,38.189997,37.139998,37.479997,2557400,8.960675
2009-05-07,38.450001,38.539998,37.419996,37.589998,2693100,8.986974
2009-05-06,38.129998,38.359998,37.839999,38.209998,1607000,9.135202
2009-05-05,37.879999,37.919997,37.499998,37.789999,2256500,9.03479
2009-05-04,37.40,38.009997,36.749999,37.869999,3383400,9.053916
2009-05-01,36.99,37.099996,36.199998,37.099996,3372300,8.869824
2009-04-30,38.25,38.339997,36.819998,36.959998,3994200,8.836354
2009-04-29,37.58,38.819999,37.549998,38.509999,1849800,9.206926
2009-04-28,36.689998,37.54,36.609999,37.240001,1762200,8.903297
2009-04-27,36.63,37.339999,36.560001,36.939997,2432100,8.831572
2009-04-24,37.019999,37.439997,36.77,37.069999,2165400,8.862653
2009-04-23,36.759997,36.95,35.949999,36.839999,2032000,8.807665
2009-04-22,36.86,37.669998,36.569999,36.849997,2084700,8.810055
2009-04-21,36.650001,37.339999,36.63,37.159999,1864900,8.88417
2009-04-20,37.459998,37.529997,36.759997,36.830001,1989800,8.805274
2009-04-17,37.58,38.339997,37.499998,37.979997,3649900,9.080214
2009-04-16,37.169997,37.859998,37.139998,37.559999,4056400,8.979801
2009-04-15,37.889997,37.889997,36.99,37.240001,2500400,8.903297
2009-04-14,38.119995,38.499996,37.599996,37.72,1573300,9.018054
2009-04-13,38.680001,38.929997,37.909998,38.419997,2192700,9.185409
2009-04-09,38.499996,39.099995,38.22,39.079998,2396300,9.343201
2009-04-08,37.36,38.43,37.36,38.019999,3027900,9.089778
2009-04-07,39.309998,39.569998,38.060001,38.830002,3081100,9.283432
2009-04-06,40.509995,40.509995,39.139997,39.769999,2612200,9.508166
2009-04-03,39.169996,40.25,39.139997,40.15,3184300,9.599016
2009-04-02,38.379999,39.630001,37.929999,39.240002,3319600,9.381455
2009-04-01,36.389999,37.709997,36.06,37.58,2203600,8.984583
2009-03-31,36.819998,37.49,36.519999,36.839999,2183600,8.807665
2009-03-30,35.749998,36.699999,34.819999,36.68,2745100,8.769412
2009-03-27,37.229998,37.229998,36.219999,36.419996,2708500,8.707251
2009-03-26,36.979999,38.119995,36.799997,37.799997,2783100,9.03718
2009-03-25,36.599998,37.169997,35.839998,36.72,2373700,8.778975
2009-03-24,36.929999,37.439997,36.429999,36.470001,2417400,8.719206
2009-03-23,35.629999,37.389997,35.169996,37.389997,3140900,8.939158
2009-03-20,35.56,36.00,34.810001,34.889998,3297300,8.341461
2009-03-19,36.09,36.249999,35.309999,35.419998,2943700,8.468172
2009-03-18,35.369997,36.509996,34.999999,36.15,2994300,8.642701
2009-03-17,34.539999,35.299998,34.159998,35.299998,2261000,8.439483
2009-03-16,35.70,35.70,34.310001,34.38,4354900,8.219531
2009-03-13,35.119999,35.47,34.719999,35.389998,4277800,8.461
2009-03-12,33.149999,35.139997,33.149999,35.069998,4788700,8.384495
2009-03-11,32.869999,33.559999,32.40,33.279997,4814300,7.956543
2009-03-10,31.899997,32.63,31.109999,32.619997,6613300,7.798752
2009-03-09,32.419996,33.059999,31.899997,32.08,5349900,7.66965
2009-03-06,34.139999,34.799998,32.409998,32.839999,5823600,7.851349
2009-03-05,35.539999,35.97,33.939998,34.179999,4288000,8.171715
2009-03-04,34.459997,36.839999,34.400001,36.229998,7161500,8.661826
2009-03-03,34.61,34.849996,33.52,34.159998,5654600,8.166933
2009-03-02,34.099997,34.709998,33.97,34.189997,5865600,8.174105
2009-02-27,34.089999,35.439996,33.40,34.74,4106500,8.305599
2009-02-26,35.47,35.549997,34.359999,34.449999,3831400,8.236266
2009-02-25,35.719999,35.83,34.529998,35.019998,4183600,8.372541
2009-02-24,35.549997,36.139998,34.779997,35.929998,3451500,8.590103
2009-02-23,36.779998,37.409998,35.089999,35.179999,3965000,8.410794
2009-02-20,36.159999,37.08,36.139998,36.639998,2862300,8.759849
2009-02-19,37.879999,38.559999,36.689998,36.849997,2896700,8.810055
2009-02-18,38.139996,38.30,37.679998,37.879999,3126400,9.056307
2009-02-17,38.66,38.849998,37.830001,37.959999,3842100,9.075433
2009-02-13,39.709996,40.419998,39.549997,39.580001,3184100,9.462741
2009-02-12,39.61,40.879998,38.819999,39.709996,4914500,9.49382
2009-02-11,39.899999,40.679997,39.060002,40.289998,4457900,9.632486
2009-02-10,40.229999,40.689995,38.43,38.819999,3522700,9.281041
2009-02-09,40.469998,40.479996,39.519998,40.269997,2091800,9.627705
2009-02-06,38.830002,40.479996,38.699997,40.409999,4931100,9.661176
2009-02-05,37.769998,39.02,37.49,38.79,3680000,9.273869
2009-02-04,38.61,39.049999,37.90,37.999998,4839500,9.084996
2009-02-03,36.939997,38.589999,36.90,38.470002,3597200,9.197364
2009-02-02,37.469999,37.999998,36.009998,37.639998,4531200,8.998928
2009-01-30,37.009996,37.939998,36.439997,36.839999,3844300,8.807665
2009-01-29,38.359998,38.470002,36.68,36.819998,3700200,8.802883
2009-01-28,38.319996,38.84,38.049999,38.459999,2729200,9.194972
2009-01-27,36.669997,38.119995,36.669997,37.799997,3021500,9.03718
2009-01-26,36.199998,37.36,36.159999,36.689998,2949400,8.771803
2009-01-23,35.989999,36.249999,35.409999,35.949999,3929900,8.594885
2009-01-22,35.959998,37.439997,35.589999,36.689998,3856100,8.771803
2009-01-21,35.65,36.819998,35.069998,36.659999,3713000,8.76463
2009-01-20,36.119997,37.060001,35.029999,35.189997,4874100,8.413184
2009-01-16,37.22,37.22,35.889999,36.979999,3936300,8.841136
2009-01-15,35.749998,36.99,35.11,36.659999,4561100,8.76463
2009-01-14,36.929999,37.009996,35.309999,35.70,5334700,8.535115
2009-01-13,36.109998,37.63,36.049998,37.319998,5427300,8.922422
2009-01-12,36.499998,36.77,35.74,36.06,3600800,8.621184
2009-01-09,36.849997,36.919996,36.00,36.36,5635600,8.692907
2009-01-08,37.639998,37.639998,36.599998,36.789999,7424900,8.795711
2009-01-07,39.220001,39.220001,37.169997,37.889997,10618700,9.058697
2009-01-06,37.90,39.889996,37.40,39.529996,9226200,9.450786
2009-01-05,36.72,37.879999,36.589998,37.559999,6127600,8.979801
2009-01-02,35.47,37.419996,35.039999,37.099996,4070600,8.869824
2008-12-31,33.979998,35.349996,33.979998,35.139997,2725600,8.40123
2008-12-30,33.679999,34.179999,33.059999,33.900001,5191400,8.104773
2008-12-29,32.45,33.330001,32.22,33.330001,6932000,7.968498
2008-12-26,31.979999,32.469999,31.709997,32.45,5732000,7.758109
2008-12-24,31.749999,31.979999,31.219997,31.819998,1388200,7.607489
2008-12-23,33.31,33.359998,30.979999,31.519999,4313600,7.535765
2008-12-22,33.179998,33.549999,32.060001,32.740001,2213100,7.827442
2008-12-19,33.939998,34.889998,33.089998,33.149999,4985200,7.925464
2008-12-18,32.909998,34.15,32.769998,33.749998,3238000,8.068911
2008-12-17,31.989997,33.40,31.649999,32.769998,2990900,7.834614
2008-12-16,31.45,32.389997,30.839999,32.389997,3001800,7.743763
2008-12-15,31.329998,31.999998,30.51,31.109999,2175800,7.437743
2008-12-12,29.70,31.329998,29.129999,31.329998,4386700,7.49034
2008-12-11,30.239998,31.389999,29.899999,30.379998,3006400,7.263215
2008-12-10,30.179999,31.129997,29.549997,30.519998,1972700,7.296686
2008-12-09,30.079999,30.489999,29.620001,29.909999,4194300,7.150848
2008-12-08,29.43,30.669999,29.43,30.229997,3113400,7.227353
2008-12-05,27.219998,29.059997,26.409998,28.829999,3314100,6.892643
2008-12-04,28.12,29.039999,27.009999,27.54,2783500,6.584232
2008-12-03,26.799997,28.689999,26.559999,28.52,3900000,6.818529
2008-12-02,25.889999,27.739999,25.829998,27.66,5060200,6.612921
2008-12-01,27.309998,27.579998,25.479999,25.479999,2694800,6.091729
2008-11-28,26.819998,27.899998,26.729998,27.860001,3268300,6.660737
2008-11-26,26.439999,27.189999,26.149998,27.009999,5244800,6.457519
2008-11-25,27.009999,27.429999,26.069999,26.95,4852800,6.443175
2008-11-24,26.419998,27.03,25.549998,26.59,4693800,6.357107
2008-11-21,24.229999,26.00,23.93,26.00,4630000,6.21605
2008-11-20,26.109999,26.409998,24.229999,24.409999,5974700,5.835915
2008-11-19,27.879997,28.589999,26.19,26.209999,2888200,6.266257
2008-11-18,27.75,28.569998,26.959998,27.950001,3326700,6.682254
2008-11-17,28.129998,28.70,27.44,27.84,2881100,6.655955
2008-11-14,30.01,30.28,28.399998,28.53,4027900,6.82092
2008-11-13,27.57,30.579999,27.209997,30.579999,5101500,7.311031
2008-11-12,28.879997,29.559998,27.869999,27.969999,2780000,6.687035
2008-11-11,30.069998,30.489999,28.899998,29.43,2676500,7.036091
2008-11-10,31.309997,31.929999,29.859999,30.50,3477600,7.291905
2008-11-07,30.10,31.459998,29.78,30.719997,2853500,7.344502
2008-11-06,30.78,31.36,29.579999,29.78,4266200,7.119768
2008-11-05,32.599996,32.779996,31.00,31.059998,2836700,7.425789
2008-11-04,32.299997,33.029998,31.699999,32.979997,5040500,7.88482
2008-11-03,31.509998,31.789999,29.739998,31.699999,4522200,7.578799
2008-10-31,28.829999,30.529999,28.599999,30.159998,3264300,7.210618
2008-10-30,28.809998,29.209998,28.239999,28.61,4497300,6.840046
2008-10-29,30.32,30.32,27.969999,27.979998,7438900,6.689426
2008-10-28,28.02,30.159998,27.48,30.159998,4155600,7.210618
2008-10-27,27.219998,28.139999,26.549998,27.149999,3371100,6.490991
2008-10-24,25.95,28.229999,25.95,27.609999,4821700,6.600967
2008-10-23,27.62,27.999999,26.129997,27.799998,8052300,6.646391
2008-10-22,31.19,31.27,26.95,27.559999,8339900,6.589013
2008-10-21,32.439997,33.149999,31.989997,32.089998,2313400,7.67204
2008-10-20,31.649999,33.019999,31.649999,33.019999,2401700,7.894384
2008-10-17,32.069999,33.149999,30.619999,31.609999,2961300,7.557282
2008-10-16,31.409998,32.599996,29.189999,32.529997,4557600,7.777234
2008-10-15,32.729998,33.049999,31.36,31.36,5865100,7.497513
2008-10-14,33.549999,37.159999,32.549998,33.559999,4722000,8.023486
2008-10-13,31.059998,32.589998,29.959997,32.469999,4326000,7.76289
2008-10-10,29.679999,30.889999,27.689999,29.589999,5151300,7.074343
2008-10-09,33.109999,33.40,30.68,30.68,3848100,7.334939
2008-10-08,32.40,34.15,32.40,32.54,3892700,7.779626
2008-10-07,35.119999,35.479998,33.229999,33.259998,4059000,7.951762
2008-10-06,36.159999,36.429999,34.179999,34.799998,3780000,8.319944
2008-10-03,38.999999,39.139997,36.889997,36.909998,3168700,8.8244
2008-10-02,39.639999,40.02,38.66,38.66,1891300,9.242788
2008-10-01,39.999999,40.299996,39.309998,40.02,2400800,9.567936
2008-09-30,40.099995,40.349996,38.519997,40.189997,3383200,9.608578
2008-09-29,41.629997,42.159999,39.279999,39.56,2602900,9.457959
2008-09-26,41.380001,42.299997,41.380001,42.209999,1526600,10.091518
2008-09-25,41.889997,42.639996,41.72,42.18,2043400,10.084346
2008-09-24,41.15,41.869996,40.82,41.569999,1748900,9.938508
2008-09-23,42.229996,42.889997,41.129999,41.249996,1890100,9.862002
2008-09-22,42.749999,43.469999,41.689996,41.729998,1739400,9.97676
2008-09-19,41.82,44.809999,41.82,43.529998,3193100,10.407102
2008-09-18,41.77,42.829999,40.749998,42.619999,4014900,10.189541
2008-09-17,42.869996,43.93,41.159999,41.159999,3236800,9.840485
2008-09-16,43.099996,44.209996,42.709997,43.649999,4067100,10.435792
2008-09-15,44.019997,45.379998,43.799995,43.799995,2485200,10.471653
2008-09-12,44.439996,45.389996,44.409997,45.11,2533200,10.784847
2008-09-11,44.08,44.939998,43.779999,44.849996,2105100,10.722686
2008-09-10,44.599995,44.969998,44.059999,44.540001,2393600,10.648572
2008-09-09,45.629999,46.089999,44.099997,44.119998,3060700,10.548158
2008-09-08,45.219999,46.080001,44.779995,45.459997,2885800,10.868524
2008-09-05,43.729999,44.499999,43.669996,44.219998,1733000,10.572066
2008-09-04,45.349999,45.349999,44.310001,44.319999,1758900,10.595974
2008-09-03,45.73,45.979996,45.069998,45.499999,3343100,10.878088
2008-09-02,47.22,47.999998,45.799996,45.909999,3858000,10.97611
2008-08-29,47.869998,47.869998,46.929996,47.029997,2040300,11.243878
2008-08-28,47.639998,48.669998,47.519997,48.169995,2253600,11.516427
2008-08-27,46.939995,47.839999,46.739998,47.439997,1536300,11.3419
2008-08-26,47.199999,47.379999,46.759995,47.129997,1274100,11.267786
2008-08-25,47.779996,47.949998,47.209997,47.299999,1582800,11.308429
2008-08-22,47.27,47.999998,47.129997,47.939995,1243200,11.461439
2008-08-21,45.999997,47.309997,45.999997,47.27,1316500,11.301257
2008-08-20,46.539997,47.189996,46.24,46.68,1457000,11.160201
2008-08-19,47.609999,47.609999,46.32,46.549995,1726600,11.129119
2008-08-18,48.319996,48.45,47.319996,47.609999,1815600,11.382544
2008-08-15,49.02,49.369997,48.099999,48.470001,2354700,11.588152
2008-08-14,47.339997,49.049999,47.099998,49.02,2925200,11.719645
2008-08-13,46.50,48.179998,46.199998,47.700001,4317400,11.404062
2008-08-12,45.909999,46.50,45.419995,46.369995,1815800,11.086085
2008-08-11,46.249998,46.919998,45.459997,45.769997,2663700,10.942638
2008-08-08,44.999997,46.539997,44.999997,46.520001,1775200,11.121948
2008-08-07,45.34,46.029996,45.34,45.55,3798500,10.890042
2008-08-06,45.939999,46.130001,44.599995,45.749996,5111900,10.937857
2008-08-05,47.049998,47.789999,46.459998,47.789999,2538200,11.425578
2008-08-04,46.769997,47.189996,45.819997,46.629999,1980000,11.148247
2008-08-01,47.290001,47.650001,46.479999,46.91,2730800,11.215189
2008-07-31,47.999998,48.249999,47.159997,47.369996,2102500,11.325164
2008-07-30,47.40,48.22,47.139996,48.129998,1852600,11.506865
2008-07-29,45.509998,47.319996,45.509998,47.159997,3763800,11.274958
2008-07-28,46.819998,47.029997,45.919998,45.919998,1909600,10.9785
2008-07-25,47.080002,47.279998,46.419996,46.839999,2066600,11.198453
2008-07-24,48.819999,48.819999,46.609998,46.629999,3540500,11.148247
2008-07-23,47.700001,48.860001,47.209997,48.84,3882900,11.676611
2008-07-22,45.720001,47.549996,45.70,47.549996,2698100,11.368198
2008-07-21,46.279998,46.329998,45.659998,45.959995,2033700,10.988063
2008-07-18,46.379998,46.589997,45.409997,46.189995,2713300,11.043051
2008-07-17,45.459997,46.689998,44.969998,46.389996,2460300,11.090867
2008-07-16,44.08,45.34,43.879999,45.310001,3343800,10.832663
2008-07-15,43.959999,44.849996,43.619995,44.259996,3819100,10.581629
2008-07-14,43.449998,45.449999,43.439995,44.389996,7394700,10.612709
2008-07-11,47.099998,47.329998,46.169994,46.379998,2729900,11.088477
2008-07-10,47.959996,48.309998,47.09,47.659999,3559700,11.394498
2008-07-09,48.58,48.919995,47.779996,47.86,2646800,11.442314
2008-07-08,47.659999,48.63,47.659999,48.63,3037900,11.626405
2008-07-07,47.639998,48.830001,47.319996,47.949998,3501400,11.46383
2008-07-03,47.68,48.419997,47.559999,47.919994,1704300,11.456657
2008-07-02,47.240001,47.919994,47.019999,47.369996,3897900,11.325164
2008-07-01,46.569996,47.58,46.069998,47.199999,6004900,11.284521
2008-06-30,47.009996,47.029997,45.439996,46.839999,5029100,11.198453
2008-06-27,47.029997,47.240001,46.419996,46.849997,4450600,11.200843
2008-06-26,47.419996,47.659999,46.83,47.009996,4563300,11.239096
2008-06-25,47.479999,48.48,47.249999,48.149999,2093900,11.511646
2008-06-24,47.529995,47.999998,47.049998,47.279998,4637600,11.303648
2008-06-23,48.009996,48.009996,47.470001,47.880001,4119300,11.447096
2008-06-20,48.029997,48.519997,46.50,47.779996,3976700,11.423187
2008-06-19,47.63,48.519997,47.299999,48.419997,2282100,11.576197
2008-06-18,47.479999,48.060001,47.40,47.749997,3142300,11.416014
2008-06-17,47.759995,48.509994,47.569997,47.639998,3022300,11.389716
2008-06-16,47.339997,47.739999,47.129997,47.63,2612700,11.387326
2008-06-13,47.110001,47.979997,47.09,47.799997,4196200,11.427968
2008-06-12,47.419996,47.609999,46.709999,46.709999,5086800,11.167373
2008-06-11,46.919998,47.999998,46.919998,47.359998,3366300,11.322774
2008-06-10,46.900002,48.379999,46.900002,47.709999,2982400,11.406452
2008-06-09,49.060002,49.289997,47.119999,47.779996,3536000,11.423187
2008-06-06,49.830002,50.519998,48.919995,48.919995,5649600,11.695736
2008-06-05,48.81,49.509995,47.650001,48.849998,2463200,11.679001
2008-06-04,48.30,48.789999,47.949998,48.099999,5214900,11.499692
2008-06-03,48.459999,48.979998,48.289997,48.589998,2655400,11.616841
2008-06-02,48.709995,48.709995,47.379999,48.060001,4211100,11.49013
2008-05-30,49.650002,49.650002,48.429999,49.149999,3372300,11.750725
2008-05-29,48.549996,49.279999,48.45,49.149999,2357300,11.750725
2008-05-28,48.699997,48.959997,48.019999,48.519997,2127400,11.600105
2008-05-27,47.999998,48.749997,47.739999,48.609999,1936100,11.621623
2008-05-23,47.999998,48.229998,47.369996,47.899998,3256900,11.451876
2008-05-22,45.599995,48.689999,45.599995,48.189996,5906400,11.521209
2008-05-21,47.519997,47.849997,46.959996,47.019999,4213500,11.241487
2008-05-20,47.439997,47.549996,46.520001,47.139996,2175300,11.270176
2008-05-19,47.439997,48.080002,47.179998,47.739999,2786600,11.413624
2008-05-16,47.68,47.789999,46.779996,47.459998,2373500,11.346682
2008-05-15,47.159997,47.759995,46.589997,47.689998,1985700,11.40167
2008-05-14,46.399999,47.639998,46.029996,47.04,2530100,11.246269
2008-05-13,47.129997,47.470001,45.709999,46.029996,5986800,11.004799
2008-05-12,43.699999,48.22,43.599999,47.439997,8643200,11.3419
2008-05-09,43.469999,43.759998,42.929999,43.54,1472200,10.409493
2008-05-08,42.569999,45.399999,37.99,43.809998,2405500,10.474044
2008-05-07,44.65,45.209996,44.089999,44.269999,1906700,10.58402
2008-05-06,44.330002,45.119998,43.829999,44.989999,1813900,10.756157
2008-05-05,44.65,45.169999,44.65,44.979996,1371100,10.753766
2008-05-02,45.659998,45.659998,44.509997,44.969998,1520400,10.751375
2008-05-01,43.609997,45.189995,43.609997,45.189995,2106700,10.803972
2008-04-30,44.34,44.629999,43.549999,43.590001,1868000,10.421447
2008-04-29,44.219998,44.499999,43.909999,44.330002,1681500,10.598366
2008-04-28,44.11,44.540001,43.950001,44.169998,1170800,10.560112
2008-04-25,44.389996,44.589997,43.39,44.249998,1173900,10.579239
2008-04-24,43.509997,44.499999,43.299997,44.29,1677200,10.588802
2008-04-23,42.429997,43.499998,42.429997,43.289999,1575200,10.349723
2008-04-22,43.479997,43.49,42.109999,42.349997,1814900,10.124989
2008-04-21,43.90,44.049997,43.439995,43.740001,1796100,10.457309
2008-04-18,43.119997,44.179996,42.909998,44.119998,2622400,10.548158
2008-04-17,42.519999,42.679998,42.13,42.560001,1495700,10.175196
2008-04-16,41.829998,42.77,41.740001,42.499998,2339800,10.160851
2008-04-15,41.649998,41.709997,40.990001,41.549998,1510700,9.933726
2008-04-14,41.18,41.679998,40.879998,41.509996,2029400,9.924162
2008-04-11,41.689996,41.839997,41.159999,41.269997,2443000,9.866784
2008-04-10,41.779998,42.099996,41.41,41.859998,2049300,10.00784
2008-04-09,41.95,42.049996,41.459996,41.580002,2701400,9.940899
2008-04-08,41.469998,41.919996,41.469998,41.849995,2498500,10.005449
2008-04-07,41.059998,41.649998,40.949999,41.499998,2453000,9.921772
2008-04-04,41.909998,41.909998,40.929998,41.269997,2089000,9.866784
2008-04-03,41.829998,42.139998,41.400002,41.679998,2196200,9.964806
2008-04-02,42.259995,42.970001,41.979999,42.289999,2366400,10.110644
2008-04-01,41.119997,42.159999,40.799999,42.159999,2545800,10.079564
2008-03-31,40.709996,40.949999,40.289998,40.79,1790200,9.752026
2008-03-28,41.139998,41.259995,40.719999,40.799999,1577600,9.754417
2008-03-27,41.610001,41.610001,40.649998,40.769999,2337200,9.747245
2008-03-26,41.289998,41.749999,40.74,41.289998,2050500,9.871565
2008-03-25,42.259995,42.41,41.41,41.59,2765700,9.943289
2008-03-24,40.959998,42.629998,40.899999,42.449998,3095800,10.148897
2008-03-20,40.369997,40.889996,39.889996,40.810001,3423800,9.756808
2008-03-19,40.959998,41.810002,40.259999,40.319997,3482100,9.639659
2008-03-18,40.349996,40.840001,39.979998,40.840001,3022300,9.76398
2008-03-17,40.879998,41.41,39.400001,39.860001,6562800,9.529683
2008-03-14,41.139998,41.509996,40.479996,41.129999,5413500,9.833313
2008-03-13,41.129999,41.679998,40.099995,41.00,6552800,9.802233
2008-03-12,42.229996,42.389999,41.709997,41.749999,5131400,9.981542
2008-03-11,42.089998,42.189998,41.009998,42.059999,2907200,10.055656
2008-03-10,41.599998,42.049996,41.209999,41.249996,2767600,9.862002
2008-03-07,42.54,42.809998,41.169997,41.509996,3903300,9.924162
2008-03-06,43.639996,43.950001,42.749999,42.95,3077300,10.268437
2008-03-05,43.49,44.389996,43.18,43.709998,3848300,10.450136
2008-03-04,42.859998,43.939998,42.779998,43.679998,3792500,10.442964
2008-03-03,43.099996,43.509997,42.72,43.229996,2948000,10.335378
2008-02-29,43.90,44.499999,43.339999,43.449998,3502500,10.387976
2008-02-28,46.32,46.419996,44.599995,44.639997,3533400,10.672479
2008-02-27,45.769997,46.939995,45.65,46.549995,4606900,11.129119
2008-02-26,45.439996,46.189995,45.299998,46.019998,3761200,11.002408
2008-02-25,45.369995,45.88,44.979996,45.70,3672900,10.925904
2008-02-22,44.939998,45.319999,44.299998,45.189995,3021300,10.803972
2008-02-21,45.490001,45.689998,44.52,44.729999,3356800,10.693997
2008-02-20,44.629999,45.569996,44.509997,45.419995,2911200,10.85896
2008-02-19,45.359997,45.579999,44.839998,44.93,2560200,10.741813
2008-02-15,44.379997,45.039999,43.989998,44.909999,2541200,10.737031
2008-02-14,44.83,45.669996,44.34,44.459997,3247000,10.629445
2008-02-13,44.429998,45.189995,44.34,44.909999,3851900,10.737031
2008-02-12,44.799996,45.149998,43.879999,44.179996,5564400,10.562503
2008-02-11,43.740001,44.65,43.549999,44.429998,3535100,10.622273
2008-02-08,43.169998,44.139999,43.169998,43.669996,2842600,10.440572
2008-02-07,42.95,43.98,42.790001,43.57,4227700,10.416665
2008-02-06,44.959999,45.34,43.119997,43.269998,5249800,10.344941
2008-02-05,42.879999,46.149998,41.979999,44.629999,9285100,10.670089
2008-02-04,42.08,42.41,41.649998,42.089998,3476400,10.062828
2008-02-01,42.259995,42.609997,41.489999,42.139998,4810500,10.074782
2008-01-31,40.069996,42.839997,40.069996,42.319998,6945500,10.117817
2008-01-30,40.419998,41.519999,40.419998,40.630001,3736800,9.713774
2008-01-29,39.929998,40.859997,39.929998,40.669994,2967000,9.723336
2008-01-28,39.819999,39.97,38.999999,39.889996,3585100,9.536854
2008-01-25,39.61,40.139997,39.43,39.650002,4539800,9.479477
2008-01-24,38.729996,39.229999,37.979997,39.20,5905700,9.371891
2008-01-23,37.529997,38.569998,36.909998,38.489998,9156000,9.202145
2008-01-22,37.49,39.319997,37.49,38.61,6975200,9.230834
2008-01-18,39.279999,41.249996,38.749997,39.319997,6575600,9.40058
2008-01-17,39.289997,39.499997,38.650002,38.880002,6964800,9.295386
2008-01-16,38.849998,40.069996,38.849998,39.25,5674800,9.383845
2008-01-15,40.02,40.169996,38.999999,39.109997,5696900,9.350373
2008-01-14,41.380001,41.849995,39.909997,40.669994,3875600,9.723336
2008-01-11,40.949999,41.469998,40.899999,41.129999,4987800,9.833313
2008-01-10,40.400001,41.790001,40.089997,41.449997,6830200,9.909818
2008-01-09,42.069997,42.339999,39.979998,40.619999,9684200,9.711383
2008-01-08,43.770001,43.989998,41.929999,42.139998,6660100,10.074782
2008-01-07,44.360001,44.369999,43.560001,43.759998,4481200,10.46209
2008-01-04,44.83,45.169999,44.019997,44.039998,5159400,10.529032
2008-01-03,48.029997,48.099999,45.039999,45.189995,7488500,10.803972
2008-01-02,49.339997,49.499996,47.279998,47.45,4385100,11.344291
2007-12-31,49.58,49.899998,49.209998,49.469997,2439200,11.82723
2007-12-28,50.389998,50.389998,49.559999,49.84,2418300,11.91569
2007-12-27,51.059998,51.519998,49.479995,49.61,2627900,11.860702
2007-12-26,52.119997,52.499998,50.549997,50.61,2482400,12.099781
2007-12-24,51.689996,52.419998,51.580001,52.119997,1058400,12.460789
2007-12-21,51.499997,52.849995,51.38,51.859997,4332400,12.398629
2007-12-20,50.999999,51.459995,49.929998,50.779997,3294400,12.140423
2007-12-19,51.519998,51.810002,50.649998,50.649998,2679800,12.109343
2007-12-18,51.269997,51.659996,50.799998,51.41,3127100,12.291044
2007-12-17,51.41,51.970001,50.799998,50.829998,3325800,12.152377
2007-12-14,52.259995,52.509996,51.439999,51.529997,4125000,12.319732
2007-12-13,52.229996,52.790001,52.099996,52.529997,1880600,12.558811
2007-12-12,53.789997,53.999996,51.849995,52.59,2598400,12.573157
2007-12-11,53.789997,54.389995,52.560001,52.669995,2227800,12.592282
2007-12-10,53.709997,54.099997,53.449998,53.809998,1422600,12.864833
2007-12-07,53.639996,55.249998,53.239999,53.629998,1848800,12.821798
2007-12-06,53.199997,53.639996,52.599998,53.639996,2269500,12.824189
2007-12-05,51.909998,53.249997,51.799999,53.219998,2684100,12.723776
2007-12-04,52.139998,52.849995,51.15,51.74,4247200,12.36994
2007-12-03,52.499998,53.36,52.339999,52.459996,2640700,12.542076
2007-11-30,53.349997,53.349997,52.49,52.819996,2527000,12.628144
2007-11-29,51.899999,52.849995,51.810002,52.609997,2094900,12.577938
2007-11-28,51.56,52.229996,51.299996,52.209999,2939200,12.482307
2007-11-27,50.589999,51.429996,50.519998,51.349997,2652800,12.276698
2007-11-26,51.429996,51.539999,50.289998,50.38,3094200,12.044793
2007-11-23,51.569999,51.610001,50.630001,51.319997,1637600,12.269526
2007-11-21,51.309999,51.95,51.049995,51.129999,2266900,12.224101
2007-11-20,51.749999,52.549998,50.74,51.839996,4060900,12.393847
2007-11-19,51.95,52.169997,51.389999,51.519998,3430600,12.317342
2007-11-16,52.139998,52.560001,51.369998,52.00,2724700,12.4321
2007-11-15,52.519999,53.219998,51.77,51.889997,2888700,12.405801
2007-11-14,54.069997,54.069997,52.759997,52.839997,3199300,12.632926
2007-11-13,52.699999,53.649999,52.36,53.639996,2324400,12.824189
2007-11-12,52.859998,53.749999,52.009998,52.249997,2863000,12.491869
2007-11-09,53.389999,53.90,52.999996,53.159999,2862500,12.709432
2007-11-08,53.879999,54.419995,52.749999,53.729998,3784000,12.845706
2007-11-07,55.449999,55.799996,53.699999,53.829999,2850000,12.869614
2007-11-06,55.249998,56.099998,54.789997,55.900001,2889600,13.364508
2007-11-05,56.139995,56.409997,55.069998,55.209996,2400300,13.199542
2007-11-02,56.819997,57.369996,55.439996,56.29,2946100,13.457749
2007-11-01,58.339997,58.339997,56.679999,56.689998,2588500,13.55338
2007-10-31,57.249999,58.389997,56.839998,58.389997,2691500,13.959813
2007-10-30,56.799996,58.259997,56.65,57.349995,1714000,13.711171
2007-10-29,57.179997,57.329998,56.639997,56.919998,1379700,13.608368
2007-10-26,56.47,56.979996,56.080001,56.869998,1125000,13.596414
2007-10-25,56.839998,57.149998,55.809999,56.299999,2044600,13.460139
2007-10-24,56.579999,56.929996,55.809999,56.529999,2777400,13.515127
2007-10-23,56.859999,57.099998,56.329998,56.859999,2808200,13.594023
2007-10-22,56.759994,57.06,56.249998,56.889999,1872800,13.601196
2007-10-19,57.789999,57.909996,56.949997,56.949997,2790200,13.61554
2007-10-18,57.519996,58.139996,57.24,57.709995,1445600,13.797239
2007-10-17,58.089996,58.259997,56.839998,57.659999,2460300,13.785286
2007-10-16,58.979997,59.099994,57.939995,58.04,2596100,13.876137
2007-10-15,59.179998,59.999999,58.349995,58.949998,4402200,14.093698
2007-10-12,58.04,59.279994,58.019999,59.179998,3483100,14.148686
2007-10-11,57.669997,59.189997,57.669997,58.060001,3301800,13.880918
2007-10-10,56.379998,57.779996,56.139995,57.559998,2958400,13.761378
2007-10-09,57.229998,57.249999,55.869997,56.389996,2747900,13.481656
2007-10-08,56.799996,57.069999,56.089999,56.65,1683600,13.543817
2007-10-05,56.859999,57.459998,56.539997,56.709999,2166500,13.558161
2007-10-04,57.119994,57.559998,56.179997,56.32,1728700,13.464921
2007-10-03,56.599995,57.099998,56.539997,56.900001,2382000,13.603587
2007-10-02,57.779996,57.880001,56.339996,56.819997,3427100,13.58446
2007-10-01,56.609998,58.349995,56.149998,58.299995,2550300,13.938296
2007-09-28,55.819997,56.399999,55.769997,55.900001,1403400,13.364508
2007-09-27,56.729995,56.749996,55.479998,55.959995,2163700,13.378851
2007-09-26,56.949997,57.189996,56.06,56.429998,2364000,13.491219
2007-09-25,54.799996,56.449999,54.679999,56.169994,3119300,13.429058
2007-09-24,55.34,56.199998,54.629998,54.809998,2394400,13.103911
2007-09-21,56.269999,56.529999,55.29,55.529998,3136900,13.276048
2007-09-20,55.669996,56.809999,55.389996,55.599995,3717800,13.292783
2007-09-19,54.88,56.589997,54.669996,55.65,4447500,13.304738
2007-09-18,54.279997,54.540001,53.18,54.439996,2895300,13.015452
2007-09-17,53.95,54.249997,53.219998,53.909998,2231100,12.888741
2007-09-14,53.799995,54.559997,53.229996,54.049996,2660600,12.922211
2007-09-13,55.749996,55.749996,54.109999,54.52,3179300,13.034579
2007-09-12,55.599995,55.749996,54.999997,55.34,2682000,13.230624
2007-09-11,53.529997,55.969998,53.529997,55.65,2732000,13.304738
2007-09-10,55.569996,55.619996,54.569995,54.609997,2545800,13.056095
2007-09-07,55.569996,55.83,55.009995,55.34,3111000,13.230624
2007-09-06,56.65,56.889999,55.919998,56.599995,2126400,13.531862
2007-09-05,56.869998,57.029997,55.849996,56.629999,3270200,13.539035
2007-09-04,56.70,57.99,56.049997,57.569997,3863200,13.763769
2007-08-31,55.849996,56.490001,54.969997,55.949997,2259600,13.376461
2007-08-30,55.499999,56.359997,54.549999,55.619996,1961500,13.297565
2007-08-29,55.11,55.83,54.75,55.70,2378700,13.316692
2007-08-28,56.069998,56.799996,54.819997,55.11,3085100,13.175635
2007-08-27,57.50,57.569997,56.429998,56.519996,2081600,13.512736
2007-08-24,57.609999,57.81,56.629999,57.609999,1912600,13.773332
2007-08-23,56.279998,58.319996,56.129997,57.729996,5038600,13.802021
2007-08-22,54.819997,55.919998,54.740002,55.759994,2965500,13.331035
2007-08-21,55.179997,55.749996,53.889997,54.639997,3068500,13.063268
2007-08-20,54.360001,55.609998,54.360001,55.24,2500000,13.206716
2007-08-17,55.349998,55.729999,53.699999,54.809998,3768300,13.103911
2007-08-16,53.829999,54.469999,52.599998,53.749999,3990000,12.850488
2007-08-15,54.099997,55.679999,53.909998,53.98,3238200,12.905476
2007-08-14,55.259996,57.699996,55.259996,55.619996,4657200,13.297565
2007-08-13,53.199997,58.650001,53.13,57.669997,8364800,13.787677
2007-08-10,46.969998,54.75,46.949997,52.790001,8231500,12.620973
2007-08-09,52.41,52.479997,49.869999,49.919995,8643200,11.934815
2007-08-08,54.299998,55.06,51.039997,52.979999,6369400,12.666397
2007-08-07,53.699999,54.609997,52.999996,53.629998,5957900,12.821798
2007-08-06,54.369999,54.729999,52.970001,53.939998,4303200,12.895913
2007-08-03,56.379998,56.669997,53.95,53.95,3730400,12.898304
2007-08-02,56.399999,57.109996,55.609998,56.379998,4019200,13.479265
2007-08-01,55.499999,56.529999,54.369999,56.399999,5740300,13.484047
2007-07-31,56.900001,56.969998,55.619996,55.679999,5013000,13.31191
2007-07-30,56.479998,56.859999,55.599995,56.049997,4608600,13.400369
2007-07-27,57.719997,57.819998,56.219999,56.549995,5294400,13.519908
2007-07-26,60.279995,60.369997,57.080001,57.849997,6278200,13.830711
2007-07-25,61.549997,62.079999,60.479996,60.939996,3977400,14.569464
2007-07-24,60.999999,62.389999,60.949999,61.089997,4119100,14.605326
2007-07-23,61.319997,62.059998,61.179999,61.409999,3877200,14.681832
2007-07-20,61.79,62.249996,61.20,61.38,2951100,14.67466
2007-07-19,61.939997,62.089997,61.419998,61.79,2677700,14.772682
2007-07-18,61.459995,61.769999,60.489998,61.619999,3579200,14.732039
2007-07-17,60.079998,62.029994,59.939996,61.580001,6202300,14.722476
2007-07-16,59.659995,60.38,59.659995,60.249995,2535600,14.4045
2007-07-13,60.389998,60.389998,59.79,60.159998,2759300,14.382983
2007-07-12,59.990001,60.449996,59.799998,60.449996,3075600,14.452316
2007-07-11,59.539998,59.84,59.129998,59.799998,3078000,14.296915
2007-07-10,63.759997,63.759997,59.549997,59.549997,3644000,14.237145
2007-07-09,59.499996,61.309999,59.499996,61.309999,5033100,14.657924
2007-07-06,59.649997,59.779997,59.349996,59.669998,2478600,14.265835
2007-07-05,59.139996,59.689994,59.049999,59.649997,4379400,14.261053
2007-07-03,59.299995,59.389998,58.81,58.979997,1393200,14.10087
2007-07-02,59.349996,59.649997,58.86,59.269996,3118800,14.170203
2007-06-29,59.599997,59.990001,58.959996,59.149999,3647300,14.141514
2007-06-28,59.450001,59.999999,59.159997,59.299995,3296100,14.177375
2007-06-27,58.209997,59.450001,58.009996,59.359998,4222500,14.19172
2007-06-26,58.759995,58.949998,58.060001,58.209997,4950300,13.916779
2007-06-25,57.45,59.679996,57.45,58.759995,5874800,14.048272
2007-06-22,57.50,57.999998,57.299999,57.549996,3753800,13.758987
2007-06-21,57.50,58.169995,57.309997,57.639998,4566400,13.780505
2007-06-20,57.09,58.419996,56.379998,57.399999,8296700,13.723126
2007-06-19,55.379998,57.699996,55.310001,57.209997,9189400,13.6777
2007-06-18,55.189995,55.919998,55.130001,55.229997,2658200,13.204324
2007-06-15,55.089999,55.449999,54.849996,55.149997,3976700,13.185198
2007-06-14,54.49,55.679999,54.199997,54.849996,3992600,13.113474
2007-06-13,54.589996,56.099998,54.459997,56.029996,4030300,13.395587
2007-06-12,55.499999,55.749996,54.740002,54.740002,2840500,13.087177
2007-06-11,55.749996,55.769997,55.330002,55.599995,2774300,13.292783
2007-06-08,55.349998,55.979996,54.999997,55.979996,1957500,13.383633
2007-06-07,55.479998,56.129997,55.189995,55.399999,3383200,13.244968
2007-06-06,56.900001,56.900001,55.569996,55.619996,3064000,13.297565
2007-06-05,56.019998,57.209997,55.969998,56.959995,4505400,13.61793
2007-06-04,55.579999,56.599995,55.399999,56.329998,3279000,13.467311
2007-06-01,55.399999,56.769997,55.169994,56.049997,3272800,13.400369
2007-05-31,55.849996,56.019998,54.959999,55.399999,4401000,13.244968
2007-05-30,55.499999,56.759994,55.099997,56.679999,3793500,13.550989
2007-05-29,56.65,56.65,55.299998,55.959995,3986200,13.378851
2007-05-25,55.639997,56.679999,55.249998,56.490001,2717800,13.505565
2007-05-24,56.439996,56.900001,55.789998,55.789998,2846700,13.338209
2007-05-23,57.739998,57.799997,54.639997,56.049997,7875300,13.400369
2007-05-22,57.999998,58.149999,56.979996,57.739998,5742400,13.804413
2007-05-21,54.08,59.129998,54.08,57.06,4352800,13.641839
2007-05-18,56.859999,57.419996,56.709999,57.329998,3808900,13.70639
2007-05-17,57.439997,57.470001,56.819997,56.869998,3450800,13.596414
2007-05-16,56.11,58.349995,55.539997,57.519996,9991000,13.751815
2007-05-15,55.849996,56.639997,55.52,56.119999,4584600,13.417105
2007-05-14,56.149998,56.739998,55.749996,55.919998,5182900,13.369289
2007-05-11,54.939998,56.429998,54.740002,56.429998,4517000,13.491219
2007-05-10,55.589997,55.789998,54.829999,54.829999,2901000,13.108693
2007-05-09,54.889998,55.809999,54.589996,55.689997,3686700,13.314301
2007-05-08,55.589997,56.379998,54.709998,54.889998,4764000,13.123038
2007-05-07,55.47,55.999997,54.649999,55.679999,3553300,13.31191
2007-05-04,55.559998,55.729999,54.869997,55.659998,2905000,13.307128
2007-05-03,55.989999,55.999997,55.159996,55.559998,3502800,13.28322
2007-05-02,55.909999,56.249998,55.479998,55.849996,2297800,13.352553
2007-05-01,55.579999,56.339996,55.439996,56.219999,2074500,13.441013
2007-04-30,56.399999,56.609998,55.539997,55.539997,2249600,13.278439
2007-04-27,56.749996,59.079998,55.88,56.369995,3232500,13.476874
2007-04-26,55.999997,56.029996,55.319999,55.83,3036500,13.347772
2007-04-25,55.419995,56.139995,55.259996,55.969998,3110500,13.381243
2007-04-24,54.859999,55.65,54.809998,55.359997,2762600,13.235404
2007-04-23,54.969997,55.199998,54.659998,54.869997,3164900,13.118256
2007-04-20,54.689997,54.999997,54.579998,54.799996,3415500,13.10152
2007-04-19,54.269998,54.659998,53.839997,54.559997,2808400,13.044141
2007-04-18,54.029995,54.499999,53.749999,54.299998,2484500,12.981981
2007-04-17,53.749999,54.239999,53.639996,54.099997,3111500,12.934165
2007-04-16,54.179996,54.199997,53.579998,53.689996,2932600,12.836143
2007-04-13,54.029995,54.150001,53.469999,53.789997,1602500,12.860051
2007-04-12,53.639996,54.829999,53.569999,54.08,3011800,12.929384
2007-04-11,52.889997,53.789997,52.560001,53.649999,4658000,12.82658
2007-04-10,53.269998,53.669995,52.699999,52.849995,3438200,12.635316
2007-04-09,53.799995,53.869996,53.419994,53.549998,2027700,12.802672
2007-04-05,53.809998,54.179996,53.689996,53.799995,2331000,12.862441
2007-04-04,53.699999,54.059999,53.419994,53.759998,4050500,12.852879
2007-04-03,52.059998,53.90,51.77,53.799995,5588400,12.862441
2007-04-02,52.200001,52.499998,51.549998,51.719999,2369400,12.365158
2007-03-30,52.249997,52.429997,51.610001,52.13,1624800,12.46318
2007-03-29,52.119997,52.389999,51.919996,52.31,3530500,12.506215
2007-03-28,52.049996,52.689996,51.639995,52.00,2991600,12.4321
2007-03-27,52.18,52.36,51.799999,52.159999,2383900,12.470353
2007-03-26,52.299997,52.380001,51.879998,52.259995,1684400,12.49426
2007-03-23,52.669995,52.77,52.169997,52.41,2020800,12.530123
2007-03-22,52.389999,52.749999,52.209999,52.749999,1852600,12.611409
2007-03-21,52.109999,52.659997,51.810002,52.449998,1972700,12.539685
2007-03-20,52.00,53.039998,51.749999,52.119997,4490000,12.460789
2007-03-19,50.859997,51.269997,50.569998,50.919995,2037900,12.173894
2007-03-16,51.15,51.38,50.519998,50.639999,2745600,12.106953
2007-03-15,51.079999,51.369998,50.810001,51.239998,1444900,12.2504
2007-03-14,51.089997,51.449997,50.38,51.129999,3006800,12.224101
2007-03-13,51.259994,51.849995,50.749998,51.029999,2930900,12.200193
2007-03-12,51.289998,51.779998,51.23,51.439999,2658700,12.298216
2007-03-09,51.799999,51.869996,51.220001,51.749999,3372500,12.37233
2007-03-08,51.469998,51.959998,51.249996,51.549998,2436100,12.324514
2007-03-07,51.580001,51.970001,51.33,51.33,2316800,12.271917
2007-03-06,51.549998,52.00,51.349997,51.580001,2903600,12.331688
2007-03-05,51.619999,52.249997,51.299996,51.400001,2154400,12.288653
2007-03-02,52.089998,52.580002,51.729998,51.790001,2090900,12.381894
2007-03-01,52.099996,52.609997,51.529997,52.150001,3386300,12.467962
2007-02-28,52.499998,53.509996,52.200001,52.929999,4021800,12.654443
2007-02-27,53.499998,53.529997,52.019996,52.499998,4292300,12.551639
2007-02-26,53.989998,54.139999,53.389999,53.659997,1734700,12.828971
2007-02-23,54.08,54.439996,53.749999,53.98,1262700,12.905476
2007-02-22,54.629998,54.75,54.139999,54.389995,1602500,13.003498
2007-02-21,54.429997,54.649999,54.13,54.399998,2270700,13.005889
2007-02-20,54.399998,54.689997,53.749999,54.549999,2142800,13.041751
2007-02-16,54.360001,55.199998,54.360001,54.689997,5130400,13.075222
2007-02-15,53.999996,54.569995,53.999996,54.360001,3055000,12.996327
2007-02-14,54.549999,54.829999,54.019997,54.189994,2656300,12.955682
2007-02-13,53.499998,54.849996,53.109999,54.369999,3398100,12.998717
2007-02-12,53.999996,54.239999,53.409996,53.579998,1844500,12.809844
2007-02-09,54.399998,54.779995,53.839997,54.049996,2038200,12.922211
2007-02-08,54.499999,54.75,53.90,54.439996,3247700,13.015452
2007-02-07,54.649999,56.249998,54.139999,54.70,8463800,13.077613
2007-02-06,53.150001,53.749999,52.989997,53.239999,3770900,12.728558
2007-02-05,53.549998,53.779999,52.95,53.379997,2598900,12.762028
2007-02-02,53.150001,53.939998,53.139998,53.869996,3214000,12.879177
2007-02-01,52.699999,53.199997,52.449998,53.150001,2029600,12.707041
2007-01-31,52.36,52.560001,52.039997,52.459996,3463400,12.542076
2007-01-30,52.439995,52.499998,52.099996,52.419998,3230100,12.532513
2007-01-29,52.639996,52.799999,52.069997,52.339999,2181000,12.513387
2007-01-26,52.029995,52.77,51.929999,52.639996,2809400,12.58511
2007-01-25,51.719999,52.399997,51.089997,52.249997,2882000,12.491869
2007-01-24,51.359999,51.919996,50.999999,51.580001,1929000,12.331688
2007-01-23,51.309999,51.959998,50.749998,51.349997,1986200,12.276698
2007-01-22,51.400001,51.719999,51.129999,51.209999,2006100,12.243228
2007-01-19,52.119997,52.229996,51.249996,51.790001,1833400,12.381894
2007-01-18,51.299996,52.59,51.299996,52.119997,3097200,12.460789
2007-01-17,51.389999,52.059998,51.15,52.009998,2407600,12.434491
2007-01-16,51.349997,51.649998,51.02,51.359999,2426900,12.27909
2007-01-12,51.119996,51.400001,50.999999,51.23,2127200,12.248009
2007-01-11,51.799999,51.889997,51.499997,51.529997,2222600,12.319732
2007-01-10,51.619999,51.909998,51.269997,51.659996,2015600,12.350813
2007-01-09,52.299997,52.31,51.419998,51.889997,2508700,12.405801
2007-01-08,51.599998,52.339999,51.439999,52.150001,3061600,12.467962
2007-01-05,52.00,52.139998,51.469998,51.829998,2527000,12.391456
2007-01-04,51.909998,51.939997,51.289998,51.799999,4776800,12.384284
2007-01-03,53.150001,53.199997,51.619999,51.939997,3640200,12.417755
2006-12-29,53.36,53.529997,53.269998,53.369998,1248400,12.759638
2006-12-28,53.759998,54.039998,53.36,53.36,2416700,12.757248
2006-12-27,53.729998,54.13,53.709997,53.929999,1124800,12.893522
2006-12-26,53.519999,53.809998,53.429997,53.669995,898200,12.831361
2006-12-22,53.599994,53.759998,53.069997,53.579998,1534900,12.809844
2006-12-21,53.399998,53.919997,52.95,53.649999,2855200,12.82658
2006-12-20,53.099996,53.49,52.999996,53.150001,2011100,12.707041
2006-12-19,53.029995,53.36,52.839997,53.199997,2196900,12.718994
2006-12-18,53.529997,53.929999,52.790001,53.029995,2093700,12.67835
2006-12-15,53.789997,53.939998,53.399998,53.589996,2581600,12.812235
2006-12-14,53.299997,54.039998,53.019997,53.939998,1903600,12.895913
2006-12-13,53.549998,53.699999,53.13,53.369998,2769100,12.759638
2006-12-12,53.269998,53.639996,53.019997,53.31,3795400,12.745294
2006-12-11,53.689996,53.689996,53.259995,53.429997,2377000,12.773982
2006-12-08,53.199997,53.740001,53.199997,53.549998,2300600,12.802672
2006-12-07,53.199997,53.499998,53.029995,53.189998,2682900,12.716604
2006-12-06,52.639996,53.119997,52.519999,53.019997,2841400,12.67596
2006-12-05,52.549998,52.819996,52.249997,52.77,2118400,12.616191
2006-12-04,52.019996,52.709997,52.019996,52.649999,3239100,12.587501
2006-12-01,52.449998,52.449998,51.369998,52.019996,2935600,12.436881
2006-11-30,52.219997,52.799999,51.990002,52.200001,3429500,12.479916
2006-11-29,51.509996,52.319998,51.309999,52.119997,3380100,12.460789
2006-11-28,51.339998,51.499997,50.849999,51.259994,2985200,12.255181
2006-11-27,51.719999,52.289999,51.459995,51.59,3215700,12.334078
2006-11-24,52.059998,52.49,51.689996,51.719999,1334300,12.365158
2006-11-22,51.779998,52.289999,51.549998,52.289999,2838800,12.501433
2006-11-21,51.919996,51.990002,51.459995,51.829998,3305600,12.391456
2006-11-20,51.449997,51.95,51.38,51.839996,2863300,12.393847
2006-11-17,51.759997,51.889997,51.529997,51.699998,3289200,12.360376
2006-11-16,50.799998,51.829998,50.799998,51.759997,3213800,12.374721
2006-11-15,51.049995,51.289998,50.729997,50.799998,4893100,12.145205
2006-11-14,51.639995,51.699998,50.400001,51.419998,4534600,12.293434
2006-11-13,50.499997,51.799999,50.339998,51.74,3665100,12.36994
2006-11-10,50.999999,51.059998,49.999999,50.729997,2619800,12.128469
2006-11-09,50.999999,51.569999,50.74,50.999999,3111500,12.193021
2006-11-08,50.349996,51.249996,50.20,50.899999,1995200,12.169113
2006-11-07,49.949999,51.119996,49.799998,50.769999,3756500,12.138033
2006-11-06,49.499996,50.099995,49.499996,49.799998,2943000,11.906126
2006-11-03,50.799998,50.799998,49.25,49.499996,7725300,11.834402
2006-11-02,52.95,53.139998,52.319998,53.069997,3920900,12.687914
2006-11-01,52.469999,53.099996,52.159999,52.879999,3287600,12.642489
2006-10-31,52.999996,53.49,52.629998,52.849995,3831700,12.635316
2006-10-30,52.77,53.439995,52.519999,53.169997,3732500,12.711822
2006-10-27,52.599998,53.330001,52.549998,52.77,2911900,12.616191
2006-10-26,52.00,52.939997,51.879998,52.639996,4223000,12.58511
2006-10-25,50.999999,52.200001,50.819999,51.939997,2895500,12.417755
2006-10-24,51.309999,51.41,50.84,51.179999,1794900,12.236055
2006-10-23,51.279995,51.799999,51.029999,51.41,2606500,12.291044
2006-10-20,50.899999,51.459995,50.319997,51.220001,3306300,12.245619
2006-10-19,51.41,51.719999,50.709996,50.949999,2864000,12.181067
2006-10-18,51.639995,51.939997,51.109998,51.599998,4564900,12.336468
2006-10-17,50.499997,51.810002,50.289998,51.599998,5419900,12.336468
2006-10-16,50.599997,51.349997,50.529996,50.719999,6768500,12.126079
2006-10-13,48.749997,49.509995,48.609999,49.329999,2007800,11.79376
2006-10-12,48.599997,49.099994,48.489998,48.669998,2406900,11.635967
2006-10-11,47.490002,48.669998,47.479999,48.599997,3294400,11.619231
2006-10-10,47.769998,48.049998,47.539998,47.689998,2821000,11.40167
2006-10-09,48.389997,48.45,47.599996,48.009996,2749600,11.478175
2006-10-06,48.499996,48.639999,48.099999,48.470001,1254600,11.588152
2006-10-05,48.959997,49.159998,48.409998,48.599997,3019400,11.619231
2006-10-04,48.599997,49.079998,48.599997,48.799998,2208600,11.667047
2006-10-03,48.409998,48.779997,48.319996,48.519997,2630900,11.600105
2006-10-02,49.099994,49.099994,48.499996,48.689999,2388400,11.640749
2006-09-29,48.849998,49.139997,48.489998,49.119995,3411000,11.743552
2006-09-28,48.529995,49.229999,48.489998,49.099994,3902200,11.73877
2006-09-27,48.009996,48.63,47.729996,48.049998,2272600,11.487738
2006-09-26,47.589998,47.999998,47.099998,47.999998,2824100,11.475784
2006-09-25,47.799997,47.949998,47.209997,47.68,2231100,11.39928
2006-09-22,47.639998,47.86,47.049998,47.439997,1787600,11.3419
2006-09-21,48.40,48.40,47.309997,47.50,2890800,11.356245
2006-09-20,48.650001,48.799998,48.319996,48.48,2722300,11.590543
2006-09-19,49.049999,49.189997,48.45,48.650001,3223700,11.631186
2006-09-18,48.549996,49.20,48.519997,48.999999,3745100,11.714863
2006-09-15,48.499996,48.709995,48.149999,48.45,3513000,11.58337
2006-09-14,48.080002,48.309998,47.719998,48.249999,2240800,11.535554
2006-09-13,47.919994,48.349995,47.769998,48.179998,1736600,11.518819
2006-09-12,47.240001,48.309998,47.209997,48.019999,2456500,11.480566
2006-09-11,47.490002,47.519997,46.83,47.379999,1973900,11.327556
2006-09-08,46.50,47.709999,46.50,47.609999,3142800,11.382544
2006-09-07,46.24,46.979997,46.24,46.429998,2186700,11.100431
2006-09-06,46.789998,46.969998,46.439997,46.609998,2560200,11.143465
2006-09-05,47.279998,47.58,47.009996,47.279998,2072800,11.303648
2006-09-01,47.349995,47.569997,47.019999,47.09,2296800,11.258223
2006-08-31,47.009996,47.58,46.929996,47.379999,4394100,11.327556
2006-08-30,46.949997,47.309997,46.769997,47.009996,4916400,11.239096
2006-08-29,47.099998,47.50,46.689998,47.04,6276800,11.246269
2006-08-28,46.50,47.329998,46.50,47.029997,2628800,11.243878
2006-08-25,46.539997,47.09,46.50,46.599996,2614100,11.141073
2006-08-24,47.650001,47.749997,46.83,46.889999,2684100,11.210407
2006-08-23,47.080002,47.709999,46.929996,47.40,4324800,11.332337
2006-08-22,46.520001,46.949997,46.349994,46.719997,4232000,11.169763
2006-08-21,47.009996,47.139996,46.229997,46.619997,2974300,11.145855
2006-08-18,47.249999,47.249999,46.589997,47.069999,2874200,11.253441
2006-08-17,47.700001,47.969999,46.989999,47.049998,4383400,11.248659
2006-08-16,47.189996,47.830001,46.949997,47.700001,4172400,11.404062
2006-08-15,47.240001,47.299999,46.459998,46.839999,3241500,11.198453
2006-08-14,46.999998,47.45,46.299999,46.880001,2959100,11.208017
2006-08-11,47.299999,47.299999,47.080002,47.159997,2756700,11.274958
2006-08-10,47.490002,47.490002,47.099998,47.339997,3424700,11.317992
2006-08-09,47.639998,48.240001,46.869998,47.490002,5678800,11.353855
2006-08-08,48.84,48.849998,47.199999,47.63,8727700,11.387326
2006-08-07,49.949999,49.999999,48.509994,49.089996,4830200,11.73638
2006-08-04,51.209999,51.479996,50.02,50.33,3926600,12.032839
2006-08-03,50.569998,51.41,50.129999,51.109998,3335700,12.21932
2006-08-02,50.599997,51.489999,49.519997,50.689995,6363900,12.118906
2006-08-01,52.200001,52.49,51.459995,51.499997,3462000,12.31256
2006-07-31,52.249997,52.419998,51.749999,52.389999,2556400,12.525341
2006-07-28,52.00,52.669995,51.839996,52.349997,2284000,12.515777
2006-07-27,51.990002,52.49,51.33,51.649998,2667700,12.348422
2006-07-26,52.18,52.369998,51.659996,51.929999,2729000,12.415364
2006-07-25,51.289998,52.459996,51.289998,52.380001,3241500,12.52295
2006-07-24,51.439999,51.689996,50.899999,51.509996,3465100,12.314951
2006-07-21,51.59,51.599998,50.619998,51.239998,2952200,12.2504
2006-07-20,52.349997,52.499998,51.069996,51.439999,3092700,12.298216
2006-07-19,51.970001,52.809997,51.909998,52.54,3325800,12.561203
2006-07-18,50.449997,51.95,50.449997,51.82,4378200,12.389066
2006-07-17,49.999999,50.929998,49.149999,50.679997,7310500,12.116515
2006-07-14,52.799999,52.999996,52.299997,52.749999,2661800,12.611409
2006-07-13,53.399998,53.459996,52.909998,52.999996,4419700,12.671178
2006-07-12,53.299997,53.799995,53.169997,53.569999,4963400,12.807454
2006-07-11,52.49,53.289999,52.459996,53.259995,4968100,12.733339
2006-07-10,52.499998,53.089998,52.209999,52.689996,3108200,12.597064
2006-07-07,52.399997,53.029995,52.31,52.54,3738400,12.561203
2006-07-06,52.560001,53.069997,52.00,52.519999,4579900,12.556421
2006-07-05,50.599997,52.959998,50.25,52.72,7801900,12.604237
2006-07-03,49.25,50.949999,48.999999,50.630001,4133300,12.104563
2006-06-30,51.549998,51.549998,48.259998,48.559999,13398900,11.609669
2006-06-29,55.559998,56.11,54.729999,55.88,3710900,13.359726
2006-06-28,54.689997,55.579999,54.389995,55.310001,1999000,13.223451
2006-06-27,55.359997,55.449999,54.499999,54.619996,1610800,13.058486
2006-06-26,54.979996,55.669996,54.979996,55.310001,1268400,13.223451
2006-06-23,54.799996,55.949997,54.499999,55.06,2118100,13.163681
2006-06-22,55.900001,55.900001,54.449998,54.949996,2095600,13.137382
2006-06-21,55.299998,55.949997,55.11,55.889998,2533900,13.362117
2006-06-20,55.490001,55.639997,54.969997,55.34,1858100,13.230624
2006-06-19,55.479998,55.819997,54.88,55.479998,2001200,13.264094
2006-06-16,55.70,56.279998,54.93,55.259996,2267200,13.211496
2006-06-15,55.119998,56.199998,54.829999,55.949997,2365400,13.376461
2006-06-14,54.099997,54.969997,53.999996,54.900001,2447700,13.125429
2006-06-13,55.179997,55.249998,53.939998,53.999996,3303700,12.910257
2006-06-12,56.149998,56.639997,54.999997,55.069998,1854300,13.166072
2006-06-09,56.729995,56.819997,56.06,56.339996,1635900,13.469702
2006-06-08,56.449999,56.88,54.799996,56.83,5044300,13.586851
2006-06-07,56.599995,57.669997,56.29,56.809999,3179800,13.582069
2006-06-06,56.179997,56.549995,55.88,56.499999,2342600,13.507955
2006-06-05,56.449999,56.719997,56.009995,56.099998,1994700,13.412323
2006-06-02,56.369995,57.129997,56.199998,56.799996,2386300,13.579678
2006-06-01,56.449999,56.579999,55.839998,56.429998,1939500,13.491219
2006-05-31,55.839998,56.29,55.619996,56.249998,2494500,13.448185
2006-05-30,56.199998,56.379998,55.609998,55.639997,1746800,13.302347
2006-05-26,56.149998,56.629999,55.759994,56.449999,2014900,13.496001
2006-05-25,54.549999,56.429998,54.540001,56.179997,4265200,13.431449
2006-05-24,52.499998,54.629998,52.41,54.409996,4618100,13.008279
2006-05-23,54.849996,55.93,54.689997,54.689997,4321200,13.075222
2006-05-22,55.599995,56.179997,55.029996,55.349998,3767800,13.233014
2006-05-19,55.179997,56.099998,54.70,55.749996,2910700,13.328645
2006-05-18,56.900001,56.959995,55.919998,55.979996,2322000,13.383633
2006-05-17,57.119994,57.470001,56.669997,56.739998,2584700,13.565334
2006-05-16,57.569997,57.639998,57.159996,57.369996,1505400,13.715953
2006-05-15,57.699996,57.789999,56.999997,57.669997,1730400,13.787677
2006-05-12,57.619997,58.359998,57.569997,57.81,1539600,13.821148
2006-05-11,58.559999,58.689994,57.919994,58.019999,2199300,13.871355
2006-05-10,58.63,59.22,58.459998,58.739999,1662000,14.043491
2006-05-09,59.049999,59.309998,58.569997,58.639998,1710700,14.019583
2006-05-08,58.830001,59.539998,58.759995,59.529996,1492900,14.232363
2006-05-05,58.439997,58.749997,58.249999,58.63,1694600,14.017193
2006-05-04,58.549996,58.650001,58.259997,58.549996,1207100,13.998066
2006-05-03,58.759995,58.799997,58.249999,58.409998,1146400,13.964595
2006-05-02,58.309998,59.019999,58.079997,58.789999,1655900,14.055445
2006-05-01,58.509994,58.719998,58.109997,58.319996,2021100,13.943078
2006-04-28,58.499996,58.849998,58.329999,58.549996,1588500,13.998066
2006-04-27,58.650001,59.289997,58.419996,59.029998,1914100,14.112824
2006-04-26,58.549996,58.949998,58.419996,58.709995,1488600,14.036318
2006-04-25,58.589998,58.650001,58.319996,58.489998,1852600,13.983721
2006-04-24,58.889995,59.22,58.529995,58.639998,1517800,14.019583
2006-04-21,59.729997,59.729997,58.559999,58.869999,1804900,14.074572
2006-04-20,58.509994,59.679996,58.509994,59.549997,3601300,14.237145
2006-04-19,58.939995,59.089996,58.259997,58.549996,1695500,13.998066
2006-04-18,58.739999,59.319996,58.499996,59.129998,1670800,14.136732
2006-04-17,58.099998,58.949998,58.099998,58.639998,1433100,14.019583
2006-04-13,58.189996,58.709995,57.909996,58.099998,1992400,13.890481
2006-04-12,57.599996,58.379999,57.579999,58.129998,2085600,13.897653
2006-04-11,57.889999,58.04,57.379998,57.68,2714500,13.790068
2006-04-10,58.299995,58.389997,57.749997,57.889999,2913800,13.840275
2006-04-07,59.450001,59.599997,58.199999,58.27,4053300,13.931125
2006-04-06,59.359998,59.79,59.22,59.40,3011100,14.201284
2006-04-05,59.889995,59.999999,59.58,59.709995,4418300,14.275397
2006-04-04,59.799998,60.389998,59.349996,59.799998,15841700,14.296915
2006-04-03,55.949997,57.290001,55.849996,57.290001,3381300,13.696828
2006-03-31,55.659998,55.900001,55.089999,55.549995,2110300,13.280829
2006-03-30,55.799996,56.679999,55.29,55.65,2222300,13.304738
2006-03-29,54.999997,55.949997,54.319999,55.619996,2748900,13.297565
2006-03-28,56.669997,56.669997,55.169994,55.369995,2529600,13.237795
2006-03-27,56.529999,57.409998,56.06,56.969998,1690300,13.620322
2006-03-24,56.139995,56.569996,55.83,56.569996,1396700,13.52469
2006-03-23,56.439996,56.549995,55.389996,56.339996,1718100,13.469702
2006-03-22,55.900001,56.799996,55.199998,56.739998,2137100,13.565334
2006-03-21,57.259997,57.259997,56.169994,56.379998,2043200,13.479265
2006-03-20,56.669997,57.209997,56.229997,57.119994,2492400,13.656183
2006-03-17,56.749996,57.279998,56.459997,56.900001,3056900,13.603587
2006-03-16,57.509998,57.599996,56.329998,56.499999,2442100,13.507955
2006-03-15,57.149998,59.089996,56.999997,57.479999,8506500,13.742252
2006-03-14,55.849996,57.080001,55.599995,56.900001,3449200,13.603587
2006-03-13,55.299998,56.139995,55.069998,55.999997,2934000,13.388415
2006-03-10,53.629998,55.900001,53.449998,55.849996,4158700,13.352553
2006-03-09,53.799995,54.019997,52.95,53.379997,2524600,12.762028
2006-03-08,53.849995,54.069997,53.349997,53.95,3492800,12.898304
2006-03-07,54.839998,54.969997,53.839997,53.939998,2424500,12.895913
2006-03-06,54.249997,55.179997,53.859998,54.799996,2806800,13.10152
2006-03-03,54.379997,55.049997,54.279997,54.279997,2458000,12.977199
2006-03-02,54.659998,54.939998,54.249997,54.599995,2144500,13.053704
2006-03-01,54.399998,54.989998,54.249997,54.659998,2080600,13.068049
2006-02-28,54.599995,54.709998,53.699999,54.34,3856100,12.991545
2006-02-27,53.90,54.93,53.839997,54.70,4133500,13.077613
2006-02-24,53.369998,53.98,53.069997,53.789997,1903900,12.860051
2006-02-23,54.349998,54.399998,53.150001,53.379997,1960100,12.762028
2006-02-22,54.599995,54.70,53.809998,54.399998,2870400,13.005889
2006-02-21,53.90,54.299998,53.299997,54.189994,3699500,12.955682
2006-02-17,53.299997,54.08,53.269998,53.709997,3096800,12.840925
2006-02-16,53.279996,53.449998,52.639996,53.389999,2708300,12.76442
2006-02-15,52.099996,53.379997,49.749998,53.189998,3624500,12.716604
2006-02-14,52.299997,52.399997,51.429996,52.299997,2408400,12.503823
2006-02-13,51.369998,52.18,50.999999,52.059998,2779000,12.446445
2006-02-10,50.099995,51.449997,49.899998,51.339998,2712100,12.274308
2006-02-09,51.319997,51.349997,50.119996,50.269997,2408400,12.018493
2006-02-08,50.899999,51.599998,49.139997,51.549998,5096500,12.324514
2006-02-07,50.240002,50.349996,49.25,49.319996,2534800,11.791368
2006-02-06,50.400001,50.459995,49.400001,50.139997,2173000,11.987413
2006-02-03,50.949999,51.349997,50.299996,50.43,2628800,12.056747
2006-02-02,51.289998,51.649998,50.759996,51.299996,2665800,12.264744
2006-02-01,50.679997,51.449997,50.529996,51.289998,1773600,12.262354
2006-01-31,50.999999,51.38,50.679997,50.699998,1828900,12.121297
2006-01-30,50.699998,51.209999,50.079998,50.999999,3161100,12.193021
2006-01-27,51.129999,51.699998,50.449997,50.799998,4800300,12.145205
2006-01-26,49.549997,51.109998,49.439998,50.79,3169400,12.142815
2006-01-25,49.999999,50.049999,49.209998,49.409999,3095100,11.812886
2006-01-24,50.499997,51.039997,49.97,49.999999,2131000,11.953942
2006-01-23,50.649998,50.799998,50.009997,50.25,3189500,12.013712
2006-01-20,53.029995,53.099996,50.479996,50.549997,7959500,12.085435
2006-01-19,53.449998,53.629998,52.879999,53.089998,2462500,12.692696
2006-01-18,52.399997,53.639996,52.299997,53.399998,2784200,12.76681
2006-01-17,53.119997,53.249997,52.609997,52.749999,4232200,12.611409
2006-01-13,53.509996,54.889998,53.049996,53.77,4117900,12.85527
2006-01-12,55.65,55.679999,54.959999,55.219999,2242200,13.201934
2006-01-11,55.319999,55.959995,55.069998,55.569996,3167200,13.285611
2006-01-10,54.70,55.499999,54.609997,55.279997,3118400,13.216278
2006-01-09,54.989998,54.989998,54.269998,54.70,2757900,13.077613
2006-01-06,55.199998,55.299998,54.769996,55.169994,4669600,13.189979
2006-01-05,54.70,55.619996,54.269998,54.809998,15956500,13.103911
2006-01-04,51.049995,51.15,50.509995,50.819999,2634300,12.149987
2006-01-03,51.469998,51.469998,50.309999,51.189998,2971500,12.238446
2005-12-30,50.309999,50.749998,50.20,50.639999,1728300,12.106953
2005-12-29,50.649998,50.849999,50.349996,50.499997,2308500,12.073481
2005-12-28,50.649998,50.799998,50.349996,50.619998,2734400,12.102171
2005-12-27,50.999999,51.059998,50.349996,50.419997,6928000,12.054355
2005-12-23,49.499996,49.849998,49.049999,49.58,1248000,11.85353
2005-12-22,48.899998,49.400001,48.899998,49.369997,2014200,11.803322
2005-12-21,48.899998,49.259998,48.599997,49.040001,2394400,11.724427
2005-12-20,48.999999,49.169996,48.48,48.650001,1526100,11.631186
2005-12-19,49.099994,49.499996,48.849998,49.099994,2108400,11.73877
2005-12-16,49.699997,49.84,48.979998,49.189997,2852300,11.760288
2005-12-15,49.749998,49.889996,49.060002,49.799998,2326700,11.906126
2005-12-14,49.400001,49.830002,49.209998,49.630001,2634000,11.865484
2005-12-13,49.07,49.369997,48.599997,49.099994,3082500,11.73877
2005-12-12,49.619998,49.859996,48.650001,48.919995,2227500,11.695736
2005-12-09,49.049999,49.879997,48.889995,49.519997,1979300,11.839184
2005-12-08,49.149999,49.549997,48.830001,49.099994,2354500,11.73877
2005-12-07,49.349996,49.729997,49.179999,49.369997,2149900,11.803322
2005-12-06,49.599997,49.759996,49.240002,49.359998,2726600,11.800932
2005-12-05,49.270001,49.439998,48.359998,49.369997,4076600,11.803322
2005-12-02,50.049999,50.349996,49.309998,49.519997,3396500,11.839184
2005-12-01,50.369997,50.799998,50.059997,50.400001,3191200,12.049574
2005-11-30,49.049999,50.549997,49.049999,50.229999,5542600,12.008931
2005-11-29,49.149999,49.84,48.729996,49.049999,2871300,11.726817
2005-11-28,48.999999,49.349996,48.429999,49.049999,4181000,11.726817
2005-11-25,48.249999,48.869999,48.060001,48.599997,1745300,11.619231
2005-11-23,48.529995,48.879997,47.86,47.969999,3757400,11.468612
2005-11-22,48.349995,48.899998,48.049998,48.779997,7021200,11.662266
2005-11-21,47.889999,48.919995,47.50,48.379999,25973200,11.566635
2005-11-18,54.649999,55.490001,54.429997,54.849996,9971800,13.113474
2005-11-17,53.549998,54.349998,53.389999,54.049996,3030600,12.922211
2005-11-16,53.999996,54.479998,52.499998,53.740001,5755500,12.848098
2005-11-15,54.900001,54.939998,53.939998,54.059999,4893600,12.924603
2005-11-14,53.859998,57.199998,53.499998,54.999997,12653500,13.149336
2005-11-11,53.549998,53.740001,52.619995,52.849995,2513200,12.635316
2005-11-10,52.689996,53.849995,52.00,53.589996,3972200,12.812235
2005-11-09,52.099996,52.619995,51.459995,52.380001,5789200,12.52295
2005-11-08,53.069997,53.089998,52.109999,52.279996,5479300,12.499041
2005-11-07,53.889997,53.90,52.819996,53.18,4330300,12.714213
2005-11-04,53.049996,54.709998,51.899999,54.199997,12018300,12.958073
2005-11-03,56.490001,56.499999,52.999996,53.499998,12414300,12.790718
2005-11-02,57.999998,57.999998,55.65,56.249998,8818800,13.448185
2005-11-01,59.299995,59.899998,57.749997,57.999998,23265400,13.866573
2005-10-31,49.849998,51.259994,49.79,51.249996,6949600,12.25279
2005-10-28,49.099994,49.949999,48.599997,49.749998,3538100,11.894172
2005-10-27,49.899998,49.939996,48.559999,49.049999,4667500,11.726817
2005-10-26,48.999999,50.749998,48.999999,49.999999,7479900,11.953942
2005-10-25,50.20,50.20,47.949998,48.709995,9549400,11.64553
2005-10-24,48.119995,53.560001,48.119995,50.409999,18877900,12.051965
2005-10-21,44.779995,45.509998,44.659998,45.349999,3316700,10.842226
2005-10-20,44.809999,45.349999,44.449999,44.720001,2893900,10.691606
2005-10-19,45.049997,45.490001,44.499999,44.950001,2301800,10.746595
2005-10-18,44.849996,45.269999,44.249998,44.88,2590400,10.729859
2005-10-17,44.919997,44.969998,44.269999,44.720001,4034300,10.691606
2005-10-14,45.669996,45.799996,44.740002,44.93,3321300,10.741813
2005-10-13,45.249998,45.919998,44.889998,45.70,1851900,10.925904
2005-10-12,45.419995,45.989999,45.209996,45.399999,2193800,10.85418
2005-10-11,45.839998,45.999997,44.729999,45.269999,2101100,10.823099
2005-10-10,46.169994,46.199998,45.529999,45.839998,1471500,10.959374
2005-10-07,45.73,46.50,45.599995,46.249998,2128100,11.057397
2005-10-06,45.619996,46.119999,45.209996,45.52,2193600,10.882869
2005-10-05,47.110001,47.110001,45.569996,45.709999,2664200,10.928294
2005-10-04,47.019999,47.639998,46.949997,46.969998,3059000,11.229533
2005-10-03,47.22,47.349995,46.520001,47.139996,3216400,11.270176
2005-09-30,46.50,47.309997,46.349994,47.309997,2649200,11.31082
2005-09-29,46.080001,46.68,45.709999,46.619997,2052200,11.145855
2005-09-28,45.490001,46.179997,45.310001,45.999997,2858300,10.997627
2005-09-27,44.859999,45.639997,44.769997,45.359997,2233700,10.844616
2005-09-26,44.979996,45.149998,44.679999,44.709998,1542200,10.689215
2005-09-23,45.11,45.349999,44.769997,44.959999,1552900,10.748985
2005-09-22,45.449999,45.709999,44.959999,45.279997,2202100,10.82549
2005-09-21,45.849996,45.849996,45.299998,45.499999,2579900,10.878088
2005-09-20,45.70,46.29,45.629999,45.999997,3085600,10.997627
2005-09-19,45.099997,45.569996,44.679999,45.55,3695500,10.890042
2005-09-16,44.909999,45.259996,44.720001,45.169999,2516800,10.799191
2005-09-15,44.619996,44.88,44.549999,44.709998,1503300,10.689215
2005-09-14,45.080001,45.11,44.560002,44.629999,1656100,10.670089
2005-09-13,45.149998,45.429998,45.099997,45.130001,2174400,10.789629
2005-09-12,44.900001,45.669996,44.889998,45.499999,2644500,10.878088
2005-09-09,44.889998,45.06,44.75,44.999997,1812300,10.758548
2005-09-08,44.869997,45.16,44.759998,44.869997,1852800,10.727467
2005-09-07,44.88,45.139999,44.759998,45.049997,1651600,10.770502
2005-09-06,44.740002,45.11,44.619996,45.049997,1462200,10.770502
2005-09-02,44.849996,44.88,44.409997,44.490001,911700,10.636618
2005-09-01,44.540001,44.759998,44.279997,44.720001,2545300,10.691606
2005-08-31,43.939998,44.549999,43.740001,44.549999,2086100,10.650963
2005-08-30,44.059999,44.269999,43.90,44.039998,2178400,10.529032
2005-08-29,43.759998,44.369999,43.499998,44.259996,1765300,10.581629
2005-08-26,43.829999,43.999996,43.49,43.799995,2190300,10.471653
2005-08-25,43.909999,44.199997,43.54,43.970002,1370200,10.512298
2005-08-24,44.099997,44.560002,43.869997,43.999996,1576400,10.519469
2005-08-23,44.059999,44.319999,44.039998,44.099997,1304900,10.543377
2005-08-22,44.299998,44.459997,43.740001,43.970002,1692400,10.512298
2005-08-19,44.75,44.849996,44.169998,44.239999,1368500,10.576848
2005-08-18,44.319999,44.759998,44.249998,44.599995,1339600,10.662916
2005-08-17,44.049997,44.809999,44.049997,44.549999,2162000,10.650963
2005-08-16,44.239999,44.330002,43.939998,44.099997,1559300,10.543377
2005-08-15,44.049997,44.540001,43.879999,44.34,1223000,10.600756
2005-08-12,44.249998,44.429998,43.939998,44.259996,1561200,10.581629
2005-08-11,44.150002,44.360001,43.90,44.249998,3022300,10.579239
2005-08-10,44.70,44.859999,43.959999,43.98,2588200,10.514688
2005-08-09,44.950001,44.969998,44.16,44.330002,2659400,10.598366
2005-08-08,45.119998,45.16,44.419995,44.579998,2516100,10.658135
2005-08-05,46.599996,46.839999,44.52,44.969998,3941800,10.751375
2005-08-04,46.769997,47.599996,46.539997,46.839999,3372500,11.198453
2005-08-03,45.999997,46.700001,45.989999,46.639998,1791600,11.150637
2005-08-02,46.019998,46.229997,45.83,46.099998,1670100,11.021535
2005-08-01,45.759999,46.069998,45.529999,45.769997,1650200,10.942638
2005-07-29,46.119999,46.789998,45.759999,45.779995,1906700,10.945029
2005-07-28,45.55,46.130001,45.55,45.969998,1563100,10.990454
2005-07-27,45.399999,45.599995,45.299998,45.499999,1819900,10.878088
2005-07-26,45.399999,45.599995,45.279997,45.379998,1648000,10.849398
2005-07-25,46.169994,46.169994,45.249998,45.349999,2190800,10.842226
2005-07-22,46.099998,46.159996,45.869997,46.039999,2232000,11.00719
2005-07-21,45.83,46.169994,45.619996,46.009995,3449400,11.000017
2005-07-20,45.11,46.130001,44.799996,45.969998,3496900,10.990454
2005-07-19,46.029996,46.549995,45.889998,46.509998,2353300,11.119557
2005-07-18,45.52,45.959995,45.499999,45.619996,1288100,10.906776
2005-07-15,45.749996,45.859999,45.419995,45.619996,1683600,10.906776
2005-07-14,45.349999,45.679999,45.049997,45.529999,2237000,10.88526
2005-07-13,45.449999,45.459997,44.839998,45.199998,2478800,10.806364
2005-07-12,44.310001,45.429998,44.199997,45.199998,2978800,10.806364
2005-07-11,44.299998,44.679999,44.269999,44.509997,2644500,10.641399
2005-07-08,44.459997,44.689997,44.169998,44.579998,2389400,10.658135
2005-07-07,43.849996,44.479998,43.57,44.409997,1638100,10.617491
2005-07-06,44.330002,44.70,44.179996,44.219998,1602700,10.572066
2005-07-05,44.08,44.449999,43.809998,44.330002,1468400,10.598366
2005-07-01,44.029996,44.619996,43.970002,44.279997,2694500,10.586411
2005-06-30,43.799995,44.089999,43.679998,43.699999,1994000,10.447746
2005-06-29,43.889998,43.90,43.459996,43.560001,2412900,10.414275
2005-06-28,43.259995,43.809998,43.159999,43.75,2810800,10.4597
2005-06-27,42.970001,43.409996,42.909998,43.159999,2513200,10.318643
2005-06-24,43.699999,43.699999,42.929999,43.239999,3420700,10.337769
2005-06-23,43.779999,44.150002,43.779999,43.869997,3584200,10.488388
2005-06-22,43.999996,44.150002,43.590001,43.799995,3142600,10.471653
2005-06-21,43.699999,43.939998,43.529998,43.819996,2423100,10.476434
2005-06-20,43.90,44.349998,43.599999,43.799995,2663000,10.471653
2005-06-17,43.999996,44.449999,43.679998,44.259996,4729900,10.581629
2005-06-16,43.189999,43.729999,42.679998,43.669996,4364700,10.440572
2005-06-15,44.75,44.789998,43.249997,43.560001,3371100,10.414275
2005-06-14,44.859999,44.869997,44.279997,44.330002,2371800,10.598366
2005-06-13,44.57,45.399999,44.57,44.909999,2060500,10.737031
2005-06-10,45.29,45.319999,44.65,44.889998,2196900,10.732249
2005-06-09,45.299998,45.449999,45.069998,45.29,1803200,10.827881
2005-06-08,45.720001,45.759999,45.29,45.29,1488100,10.827881
2005-06-07,45.930001,46.219999,45.429998,45.509998,1899100,10.880478
2005-06-06,45.659998,45.959995,45.429998,45.70,2164900,10.925904
2005-06-03,46.619997,46.759995,45.509998,45.739998,2200000,10.935466
2005-06-02,46.189995,46.969998,46.130001,46.900002,2072800,11.212799
2005-06-01,46.299999,46.809999,45.849996,46.539997,2561700,11.126729
2005-05-31,46.439997,46.589997,46.099998,46.310001,2213800,11.071742
2005-05-27,46.999998,47.029997,46.089999,46.399999,3216100,11.093259
2005-05-26,46.929996,47.40,46.589997,47.04,3155600,11.246269
2005-05-25,46.65,47.099998,45.979996,46.549995,5026000,11.129119
2005-05-24,44.330002,46.249998,44.319999,45.779995,4267400,10.945029
2005-05-23,44.599995,44.629999,44.049997,44.299998,2818600,10.591193
2005-05-20,44.889998,44.93,44.499999,44.88,1839800,10.729859
2005-05-19,43.879999,45.039999,43.879999,44.839998,2239200,10.720295
2005-05-18,43.709998,44.429998,43.609997,44.019997,2129100,10.52425
2005-05-17,42.95,43.75,42.609997,43.629998,2176800,10.43101
2005-05-16,42.869996,43.499998,42.649999,43.330001,1850200,10.359287
2005-05-13,43.479997,43.959999,43.219998,43.619995,1383200,10.428618
2005-05-12,43.75,44.239999,43.289999,43.319998,1720200,10.356895
2005-05-11,43.699999,44.039998,43.590001,43.939998,1533200,10.505124
2005-05-10,44.059999,44.29,43.859998,43.989998,1103000,10.517078
2005-05-09,44.099997,44.499999,43.809998,44.459997,1151100,10.629445
2005-05-06,43.919997,44.349998,43.619995,44.009995,1458900,10.521859
2005-05-05,44.099997,44.419995,43.729999,43.919997,1201000,10.500342
2005-05-04,44.049997,44.449999,43.889998,44.259996,1474300,10.581629
2005-05-03,43.590001,44.299998,43.590001,43.989998,1735600,10.517078
2005-05-02,43.479997,43.93,43.349998,43.699999,1747200,10.447746
2005-04-29,43.169998,43.479997,42.759997,43.479997,1689600,10.395148
2005-04-28,43.059999,43.609997,43.00,43.059999,1695500,10.294735
2005-04-27,42.90,43.619995,42.31,43.560001,1784500,10.414275
2005-04-26,43.599999,43.999996,43.18,43.239999,1289500,10.337769
2005-04-25,43.999996,44.279997,43.619995,43.989998,1839800,10.517078
2005-04-22,44.049997,44.249998,43.139998,43.499998,2465100,10.39993
2005-04-21,43.269998,44.34,43.199997,44.249998,2046000,10.579239
2005-04-20,43.75,43.919997,42.809998,42.869996,1485500,10.249309
2005-04-19,43.199997,43.839997,43.08,43.759998,2790900,10.46209
2005-04-18,43.93,43.939998,42.929999,43.099996,4711600,10.304298
2005-04-15,44.999997,45.130001,43.799995,43.959999,5337100,10.509906
2005-04-14,46.629999,46.86,46.179997,46.24,2344000,11.055006
2005-04-13,47.429999,47.459998,46.579999,46.639998,2485500,11.150637
2005-04-12,47.479999,47.490002,46.249998,47.419996,3653200,11.337118
2005-04-11,47.949998,48.869999,46.599996,47.470001,3962200,11.349073
2005-04-08,46.359997,46.429998,45.579999,45.619996,1441100,10.906776
2005-04-07,46.199998,46.549995,45.819997,46.459998,1666800,11.107603
2005-04-06,46.080001,46.709999,45.909999,46.299999,2358800,11.069351
2005-04-05,46.039999,46.259997,45.52,45.859999,1305900,10.964156
2005-04-04,45.319999,46.099998,45.199998,45.939999,1467700,10.983282
2005-04-01,46.049997,46.089999,45.179997,45.419995,2042400,10.85896
2005-03-31,45.669996,45.949997,45.599995,45.849996,1954600,10.961765
2005-03-30,44.999997,45.739998,44.979996,45.689998,1515200,10.923512
2005-03-29,45.080001,45.490001,44.599995,44.869997,2160900,10.727467
2005-03-28,45.639997,45.900001,45.149998,45.299998,1544300,10.830272
2005-03-24,45.249998,45.83,44.900001,45.330002,2134300,10.837445
2005-03-23,45.399999,45.619996,45.11,45.189995,1982400,10.803972
2005-03-22,45.529999,45.930001,45.379998,45.499999,2695300,10.878088
2005-03-21,45.06,45.83,45.039999,45.720001,2468400,10.930685
2005-03-18,45.049997,45.349999,44.029996,44.959999,2927600,10.748985
2005-03-17,44.889998,45.299998,44.509997,44.809999,2309600,10.713123
2005-03-16,45.509998,45.70,44.34,44.659998,3102700,10.677261
2005-03-15,46.189995,46.569996,45.509998,45.509998,1985000,10.880478
2005-03-14,45.629999,46.149998,45.359997,46.14,3500200,11.031098
2005-03-11,45.999997,46.14,45.279997,45.529999,3466500,10.88526
2005-03-10,45.099997,45.749996,44.889998,45.399999,3616500,10.85418
2005-03-09,45.049997,45.399999,44.259996,44.399998,4517700,10.615101
2005-03-08,46.65,46.65,45.039999,45.149998,3582300,10.79441
2005-03-07,46.709999,47.169995,46.47,46.65,2270500,11.153029
2005-03-04,46.999998,47.119999,46.349994,46.849997,2803000,11.200843
2005-03-03,46.099998,46.65,45.939999,46.389996,3294200,11.090867
2005-03-02,46.619997,46.629999,45.73,46.080001,3485200,11.016754
2005-03-01,46.589997,47.060001,46.329998,46.999998,4231100,11.236705
2005-02-28,46.549995,46.959996,45.779995,46.229997,4975000,11.052615
2005-02-25,45.659998,45.989999,45.249998,45.739998,2544100,10.935466
2005-02-24,45.009995,46.069998,44.909999,45.859999,2711900,10.964156
2005-02-23,45.249998,46.179997,44.490001,44.93,3291400,10.741813
2005-02-22,45.499999,45.52,44.799996,44.999997,3193100,10.758548
2005-02-18,46.199998,46.209996,45.609998,45.609998,3049800,10.904386
2005-02-17,46.749996,46.959996,45.930001,46.249998,2995000,11.057397
2005-02-16,47.349995,47.359998,46.579999,46.700001,3506800,11.164983
2005-02-15,47.58,47.58,47.029997,47.359998,3997100,11.322774
2005-02-14,48.519997,48.519997,47.299999,47.470001,4408600,11.349073
2005-02-11,47.959996,48.979998,47.669997,48.509994,4187200,11.597714
2005-02-10,49.479995,49.58,47.319996,47.959996,6684700,11.466221
2005-02-09,50.879998,50.979998,48.539998,49.479995,9239300,11.829621
2005-02-08,52.439995,53.029995,51.319997,52.00,3050700,12.4321
2005-02-07,52.00,52.669995,51.889997,52.429997,2418800,12.534903
2005-02-04,51.400001,52.209999,51.269997,52.18,2342600,12.475134
2005-02-03,51.339998,51.339998,50.749998,51.309999,1355900,12.267136
2005-02-02,51.82,51.889997,51.15,51.339998,1616300,12.274308
2005-02-01,51.749999,51.959998,51.079999,51.669995,2180300,12.353203
2005-01-31,50.849999,51.679997,50.409999,51.519998,2086100,12.317342
2005-01-28,50.749998,51.079999,50.099995,50.339998,2475800,12.035229
2005-01-27,50.819999,51.099995,50.519998,50.689995,1940400,12.118906
2005-01-26,50.719999,51.079999,50.509995,50.799998,3336400,12.145205
2005-01-25,51.20,51.719999,50.619998,50.669994,3301800,12.114124
2005-01-24,51.509996,51.810002,50.849999,50.999999,3149200,12.193021
2005-01-21,52.319998,52.36,51.499997,51.499997,3051700,12.31256
2005-01-20,53.08,53.099996,52.150001,52.399997,3111000,12.527731
2005-01-19,54.599995,54.720001,53.269998,53.479997,2291400,12.785936
2005-01-18,53.409996,54.889998,53.059999,54.649999,4476900,13.065659
2005-01-14,52.90,53.749999,52.749999,53.659997,2204000,12.828971
2005-01-13,53.889997,53.889997,52.609997,52.72,2398600,12.604237
2005-01-12,53.669995,54.209995,53.399998,53.789997,2951500,12.860051
2005-01-11,53.729998,54.019997,53.199997,53.49,2018500,12.788328
2005-01-10,54.069997,54.209995,53.639996,53.839997,1865400,12.872005
2005-01-07,54.179996,54.34,53.229996,54.019997,2440600,12.915039
2005-01-06,54.219998,54.269998,53.549998,53.929999,2889800,12.893522
2005-01-05,54.789997,54.889998,54.199997,54.319999,1929000,12.986763
2005-01-04,55.679999,55.819997,54.319999,54.559997,2350700,13.044141
2005-01-03,56.369995,56.509998,55.29,55.579999,2068500,13.288002
2004-12-31,56.299999,56.499999,56.209996,56.369995,1017800,13.476874
2004-12-30,56.310001,56.609998,56.119999,56.459997,1910500,13.498391
2004-12-29,56.11,56.259996,55.769997,56.259996,1001900,13.450575
2004-12-28,55.589997,56.249998,55.269999,56.099998,1719200,13.412323
2004-12-27,56.199998,56.219999,55.299998,55.579999,1266500,13.288002
2004-12-23,55.999997,56.32,55.779995,56.149998,1012300,13.424277
2004-12-22,55.619996,56.399999,55.619996,55.989999,2534100,13.386025
2004-12-21,56.399999,56.529999,55.900001,56.089999,1829100,13.409933
2004-12-20,56.199998,56.47,55.949997,56.189995,1668200,13.43384
2004-12-17,56.519996,56.88,56.009995,56.199998,2473900,13.436231
2004-12-16,56.429998,57.09,56.32,56.859999,3142600,13.594023
2004-12-15,56.919998,57.229998,56.579999,56.799996,2233700,13.579678
2004-12-14,56.939994,57.45,56.669997,57.169995,2031800,13.668137
2004-12-13,56.749996,57.619997,56.479998,57.249999,3992800,13.687264
2004-12-10,55.869997,56.199998,55.209996,55.769997,2768100,13.333427
2004-12-09,55.900001,56.229997,55.069998,56.209996,2802000,13.438621
2004-12-08,56.749996,56.999997,56.24,56.449999,1706400,13.496001
2004-12-07,57.999998,57.999998,56.409997,56.479998,4525500,13.503173
2004-12-06,56.749996,57.929997,56.689998,57.699996,5600000,13.794849
2004-12-03,55.049997,56.080001,54.88,56.06,3859700,13.40276
2004-12-02,55.729999,55.979996,54.999997,55.149997,3094600,13.185198
2004-12-01,54.249997,55.769997,54.099997,55.729999,4476200,13.323864
2004-11-30,53.109999,54.289999,53.109999,54.099997,5305800,12.934165
2004-11-29,53.54,53.649999,52.679998,53.209995,2123100,12.721385
2004-11-26,53.579998,53.859998,53.349997,53.459996,513300,12.781155
2004-11-24,53.249997,53.929999,53.249997,53.639996,1482700,12.824189
2004-11-23,52.999996,53.36,52.649999,53.039998,3582000,12.680742
2004-11-22,52.649999,53.499998,52.209999,53.419994,4847100,12.771591
2004-11-19,53.799995,53.809998,52.200001,52.95,5970200,12.659225
2004-11-18,53.889997,54.34,53.609997,53.919997,4701600,12.891131
2004-11-17,54.379997,54.889998,54.179996,54.589996,3224000,13.051314
2004-11-16,54.909999,54.909999,54.239999,54.289999,3562600,12.979591
2004-11-15,54.900001,55.179997,54.669996,54.900001,4476900,13.125429
2004-11-12,54.740002,55.29,54.52,55.29,4857100,13.21867
2004-11-11,53.399998,54.869997,52.95,54.75,5981900,13.089567
2004-11-10,52.00,53.989998,52.00,53.639996,10807100,12.824189
2004-11-09,49.849998,50.299996,49.830002,50.129999,4278300,11.985023
2004-11-08,50.009997,50.289998,49.499996,50.15,3822000,11.989804
2004-11-05,49.949999,50.309999,49.549997,49.999999,4490200,11.953942
2004-11-04,50.20,51.009998,49.559999,50.879998,2183400,12.164331
2004-11-03,50.449997,50.909997,49.819999,50.20,2032000,12.001758
2004-11-02,49.450001,50.369997,49.299995,49.999999,3813200,11.953942
2004-11-01,49.999999,50.119996,49.479995,49.489998,3116500,11.832012
2004-10-29,49.899998,50.029998,49.040001,49.669998,2589400,11.875046
2004-10-28,49.79,50.049999,49.549997,49.699997,2289700,11.882218
2004-10-27,48.109997,49.759996,47.909996,49.749998,3182700,11.894172
2004-10-26,47.919994,48.229998,47.009996,48.229998,2300400,11.530773
2004-10-25,47.50,48.129998,47.279998,48.060001,2431400,11.49013
2004-10-22,49.119995,49.129998,47.50,47.599996,2877500,11.380152
2004-10-21,48.40,49.349996,48.049998,49.119995,1911900,11.743552
2004-10-20,47.650001,48.429999,47.599996,48.209997,2898600,11.525991
2004-10-19,48.029997,48.729996,47.969999,47.979997,3451800,11.471003
2004-10-18,47.389997,47.849997,47.049998,47.839999,1581400,11.437532
2004-10-15,47.199999,47.949998,46.700001,47.389997,2051700,11.329946
2004-10-14,48.049998,48.069999,46.91,46.999998,2285400,11.236705
2004-10-13,48.849998,48.889995,47.45,47.959996,2985900,11.466221
2004-10-12,49.049999,49.159998,48.58,48.849998,2335000,11.679001
2004-10-11,49.049999,49.339997,48.789999,49.139997,1059100,11.748334
2004-10-08,49.339997,49.349996,48.81,48.879997,1962000,11.686174
2004-10-07,49.499996,49.719998,49.189997,49.38,1304700,11.805714
2004-10-06,49.299995,49.799998,48.979998,49.739999,2152100,11.891782
2004-10-05,49.459999,49.599997,49.129998,49.43,2786900,11.817668
2004-10-04,49.270001,49.679996,48.329999,49.459999,3180800,11.82484
2004-10-01,47.199999,48.379999,47.199999,48.329999,3470700,11.554681
2004-09-30,47.019999,47.339997,46.47,47.099998,3695200,11.260613
2004-09-29,46.880001,47.290001,46.799997,46.979997,2676300,11.231924
2004-09-28,47.049998,47.169995,46.50,46.83,1821500,11.196063
2004-09-27,47.22,47.22,46.669997,46.86,1910300,11.203235
2004-09-24,47.68,47.759995,47.22,47.319996,1299700,11.31321
2004-09-23,47.40,47.979997,46.999998,47.479999,1955100,11.351464
2004-09-22,48.63,48.63,47.40,47.519997,1745800,11.361026
2004-09-21,47.789999,48.749997,47.789999,48.63,2780900,11.626405
2004-09-20,47.509998,47.899998,47.40,47.669997,2275500,11.396888
2004-09-17,47.849997,47.999998,47.229998,47.509998,2317500,11.358636
2004-09-16,47.889999,48.069999,47.529995,47.700001,2321300,11.404062
2004-09-15,48.499996,48.509994,47.749997,47.939995,4247400,11.461439
2004-09-14,48.119995,48.979998,47.939995,48.609999,2956500,11.621623
2004-09-13,47.799997,48.349995,47.539998,48.069999,2628600,11.49252
2004-09-10,46.949997,47.899998,46.739998,47.849997,2720600,11.439922
2004-09-09,46.959996,47.240001,46.520001,47.060001,2133800,11.251051
2004-09-08,47.179998,47.279998,46.759995,46.949997,2223500,11.224751
2004-09-07,46.749996,47.319996,46.659999,47.179998,2452300,11.27974
2004-09-03,46.700001,46.969998,46.379998,46.509998,1341900,11.119557
2004-09-02,46.449999,46.73,46.069998,46.719997,1819900,11.169763
2004-09-01,46.219999,47.249999,46.019998,46.369995,1740100,11.086085
2004-08-31,46.169994,46.349994,45.659998,46.349994,1286600,11.081303
2004-08-30,46.799997,46.799997,46.049997,46.159996,1033200,11.035879
2004-08-27,46.779996,47.099998,46.749996,46.789998,1445600,11.186499
2004-08-26,46.179997,46.83,46.009995,46.779996,1953900,11.184108
2004-08-25,45.429998,46.449999,45.299998,46.279998,1621000,11.064569
2004-08-24,45.189995,45.789998,45.089999,45.499999,2052600,10.878088
2004-08-23,44.999997,45.589997,44.950001,45.039999,1312500,10.768111
2004-08-20,44.999997,45.199998,44.549999,45.069998,1308000,10.775283
2004-08-19,44.499999,45.080001,44.409997,44.999997,1761500,10.758548
2004-08-18,44.009995,44.669996,43.729999,44.639997,1856200,10.672479
2004-08-17,44.08,44.249998,43.90,44.039998,2081800,10.529032
2004-08-16,43.00,44.279997,42.729998,44.089999,2387000,10.540986
2004-08-13,43.099996,43.469999,42.72,43.089998,1637400,10.301907
2004-08-12,42.799999,43.330001,42.659997,42.959998,2801100,10.270827
2004-08-11,40.799999,44.199997,40.799999,43.00,7109500,10.280391
2004-08-10,43.699999,44.369999,43.629998,44.199997,3256900,10.567285
2004-08-09,43.759998,43.959999,43.209995,43.639996,2790900,10.4334
2004-08-06,44.249998,44.52,43.549999,43.560001,2436600,10.414275
2004-08-05,45.749996,46.06,44.759998,44.93,2301300,10.741813
2004-08-04,46.069998,46.439997,45.219999,45.749996,3362100,10.937857
2004-08-03,46.979997,47.139996,46.039999,46.199998,2086800,11.045443
2004-08-02,47.229998,47.229998,46.299999,47.080002,1878200,11.255833
2004-07-30,47.099998,47.279998,46.579999,47.249999,3791300,11.296475
2004-07-29,46.310001,47.349995,46.099998,47.139996,3018900,11.270176
2004-07-28,46.999998,47.009996,45.529999,46.299999,3143500,11.069351
2004-07-27,46.149998,47.549996,46.14,47.259997,3781900,11.298866
2004-07-26,45.70,46.269999,45.379998,45.900001,4163000,10.97372
2004-07-23,46.479999,46.490001,45.359997,45.70,2673900,10.925904
2004-07-22,46.119999,46.65,45.449999,46.50,2475300,11.117167
2004-07-21,46.919998,46.999998,46.11,46.11,2650900,11.023926
2004-07-20,45.11,46.869998,44.849996,46.83,3325800,11.196063
2004-07-19,43.970002,45.70,43.799995,45.209996,3545000,10.808754
2004-07-16,44.999997,44.999997,43.799995,43.809998,2355000,10.474044
2004-07-15,44.849996,45.06,44.499999,44.609998,1293000,10.665307
2004-07-14,44.70,45.189995,44.47,44.669996,1309200,10.679651
2004-07-13,44.499999,44.950001,44.279997,44.769997,2753400,10.703559
2004-07-12,44.83,45.119998,44.189999,44.349998,2445900,10.603147
2004-07-09,44.449999,45.049997,44.449999,44.83,2096800,10.717905
2004-07-08,44.900001,44.919997,44.269999,44.330002,2303900,10.598366
2004-07-07,44.740002,45.219999,44.70,44.889998,1874900,10.732249
2004-07-06,45.529999,45.529999,44.709998,44.75,2788300,10.698779
2004-07-02,45.659998,45.83,45.16,45.529999,2296100,10.88526
2004-07-01,46.419996,46.429998,45.310001,45.659998,2719000,10.91634
2004-06-30,45.859999,46.429998,45.419995,46.429998,2210400,11.100431
2004-06-29,45.459997,46.06,45.449999,45.959995,2384900,10.988063
2004-06-28,45.930001,46.06,44.959999,45.459997,2203300,10.868524
2004-06-25,45.379998,45.900001,45.080001,45.779995,2909800,10.945029
2004-06-24,44.849996,45.949997,44.769997,45.529999,3611900,10.88526
2004-06-23,44.049997,44.869997,43.829999,44.849996,2837900,10.722686
2004-06-22,43.459996,44.16,43.439995,44.150002,2367500,10.555332
2004-06-21,43.099996,43.649999,42.959998,43.449998,2583700,10.387976
2004-06-18,41.90,43.39,41.829998,43.18,3195200,10.323425
2004-06-17,42.049996,42.279996,41.72,42.269998,1738000,10.105863
2004-06-16,42.150001,42.289999,41.90,42.150001,1951600,10.077174
2004-06-15,42.449998,42.509996,42.099996,42.330001,2250600,10.120208
2004-06-14,42.95,43.019997,42.159999,42.299997,1853300,10.113035
2004-06-10,43.139998,43.349998,42.889997,43.349998,1411200,10.364068
2004-06-09,43.039998,43.529998,43.039998,43.119997,2722100,10.309079
2004-06-08,42.679998,43.209995,42.549998,43.039998,1502600,10.289953
2004-06-07,42.599998,42.929999,42.369998,42.909998,1685500,10.258873
2004-06-04,42.150001,42.759997,42.049996,42.449998,2262400,10.148897
2004-06-03,42.499998,42.699999,41.90,41.90,2626400,10.017404
2004-06-02,43.169998,43.169998,42.499998,42.649999,2776600,10.196713
2004-06-01,43.599999,43.849996,42.879999,43.18,3481700,10.323425
2004-05-28,43.00,43.599999,42.799999,43.590001,2521800,10.421447
2004-05-27,42.869996,43.039998,42.449998,42.990002,2863500,10.278
2004-05-26,42.549998,43.119997,42.499998,42.869996,2834100,10.249309
2004-05-25,42.369998,42.72,42.039998,42.689996,3273800,10.206275
2004-05-24,42.119997,42.699999,42.099996,42.330001,2377000,10.120208
2004-05-21,42.269998,42.36,41.749999,41.889997,3236100,10.015012
2004-05-20,41.979999,42.569999,41.639996,42.259995,2751000,10.103471
2004-05-19,42.59,42.59,41.879999,41.879999,4762100,10.012622
2004-05-18,42.49,43.449998,41.799999,42.169997,12473700,10.081955
2004-05-17,38.849998,39.240002,38.139996,39.029998,4847100,9.331247
2004-05-14,39.179999,39.830002,38.090001,39.400001,5282500,9.419707
2004-05-13,38.849998,39.630001,38.619998,39.529996,3774000,9.450786
2004-05-12,39.749998,39.749998,38.07,39.040001,4492800,9.333639
2004-05-11,39.749998,39.749998,38.949998,39.519998,4156500,9.448396
2004-05-10,39.549997,39.899999,38.749997,39.20,2628300,9.371891
2004-05-07,39.819999,40.400001,39.400001,39.639999,2611700,9.477085
2004-05-06,39.899999,40.400001,39.669998,39.849998,2220900,9.527292
2004-05-05,40.069996,40.450001,39.999999,40.129999,1742700,9.594234
2004-05-04,40.229999,40.38,39.549997,40.109998,3261700,9.589452
2004-05-03,40.869995,40.979999,39.939996,40.129999,3578200,9.594234
2004-04-30,40.830002,41.029999,40.509995,40.909997,2347400,9.780715
2004-04-29,40.879998,41.139998,40.509995,40.82,2254600,9.759199
2004-04-28,41.18,41.339999,40.749998,41.029999,1890800,9.809405
2004-04-27,41.740001,41.749999,41.109998,41.18,2794000,9.845267
2004-04-26,42.749999,42.749999,41.699999,41.749999,2752900,9.981542
2004-04-23,42.599998,42.939997,42.349997,42.639996,1894800,10.194321
2004-04-22,42.499998,43.469999,42.049996,42.749999,2113400,10.220621
2004-04-21,42.879999,42.889997,42.200001,42.449998,2286900,10.148897
2004-04-20,42.979999,43.249997,42.839997,43.00,2136600,10.280391
2004-04-19,42.90,43.349998,42.90,43.119997,1331000,10.309079
2004-04-16,43.039998,43.249997,42.709997,42.95,2723300,10.268437
2004-04-15,43.560001,43.560001,42.779998,43.039998,1731100,10.289953
2004-04-14,43.249997,43.689997,43.139998,43.689997,2366800,10.445354
2004-04-13,43.219998,43.770001,43.089998,43.31,2627900,10.354505
2004-04-12,42.77,43.189999,42.709997,43.089998,2177200,10.301907
2004-04-08,42.95,43.259995,42.54,42.77,2458200,10.225403
2004-04-07,42.849995,43.069997,42.369998,42.619999,2920500,10.189541
2004-04-06,42.419998,42.919996,42.289999,42.849995,2680300,10.244528
2004-04-05,42.229996,42.469999,42.08,42.469999,2263100,10.153679
2004-04-02,41.849995,42.31,41.569999,42.159999,2418800,10.079564
2004-04-01,40.499997,41.249996,40.33,41.15,2454200,9.838095
2004-03-31,40.61,40.64,39.97,40.33,3115500,9.64205
2004-03-30,39.599997,40.649998,39.599997,40.549997,2764800,9.694647
2004-03-29,40.33,40.859997,40.309999,40.569998,1925000,9.699429
2004-03-26,40.539999,40.669994,40.209998,40.229999,2381800,9.618142
2004-03-25,40.169996,41.059998,39.97,40.79,2516800,9.752026
2004-03-24,40.619999,40.799999,39.929998,40.079999,3279700,9.58228
2004-03-23,40.499997,40.859997,40.109998,40.659996,2332900,9.720945
2004-03-22,41.200001,41.200001,39.619998,40.339998,4479700,9.64444
2004-03-19,41.749999,41.849995,41.18,41.299997,1792600,9.873956
2004-03-18,41.239998,42.069997,41.239998,41.779998,2490000,9.988714
2004-03-17,41.599998,41.699999,41.319998,41.469998,2783500,9.9146
2004-03-16,41.419998,41.82,41.249996,41.519999,2709000,9.926554
2004-03-15,41.699999,41.90,41.00,41.299997,2381300,9.873956
2004-03-12,41.299997,42.239999,41.200001,42.139998,2301800,10.074782
2004-03-11,41.23,41.90,41.079999,41.33,3539300,9.881129
2004-03-10,42.020001,42.099996,41.249996,41.349997,3814800,9.88591
2004-03-09,41.95,42.419998,41.849995,42.099996,3460300,10.065219
2004-03-08,42.77,42.979999,42.18,42.209999,3032200,10.091518
2004-03-05,42.200001,42.990002,42.00,42.740001,2555500,10.21823
2004-03-04,41.970001,42.449998,41.90,42.339999,1668500,10.122598
2004-03-03,41.649998,42.449998,41.369998,42.150001,2080900,10.077174
2004-03-02,41.749999,41.90,41.05,41.599998,2787300,9.94568
2004-03-01,41.799999,42.200001,41.740001,41.740001,2264600,9.979151
2004-02-27,40.139997,42.039998,40.139997,41.790001,3622900,9.991105
2004-02-26,40.849999,41.020001,40.400001,40.799999,3356100,9.754417
2004-02-25,40.749998,41.15,40.549997,40.990001,2789900,9.799842
2004-02-24,41.400002,41.610001,40.299996,40.699998,4811300,9.730509
2004-02-23,41.699999,41.749999,40.810001,41.189998,3696400,9.847657
2004-02-20,42.799999,42.849995,41.200001,41.499998,4367500,9.921772
2004-02-19,42.799999,42.799999,42.249997,42.349997,2732300,10.124989
2004-02-18,43.00,43.039998,42.400002,42.439995,3266700,10.146505
2004-02-17,43.159999,43.399998,42.929999,43.08,1871100,10.299517
2004-02-13,42.879999,43.779999,42.659997,42.909998,6361100,10.258873
2004-02-12,44.499999,44.499999,42.449998,42.869996,16838100,10.249309
2004-02-11,46.149998,46.999998,45.949997,46.619997,3491400,11.145855
2004-02-10,45.900001,46.24,45.52,46.169994,1756300,11.038269
2004-02-09,45.669996,46.349994,45.419995,46.130001,2431600,11.028708
2004-02-06,44.93,45.669996,44.499999,45.669996,1866800,10.91873
2004-02-05,44.249998,44.950001,43.970002,44.819997,1984100,10.715513
2004-02-04,44.099997,44.529998,43.849996,44.330002,1883500,10.598366
2004-02-03,44.499999,45.739998,44.150002,44.629999,1284500,10.670089
2004-02-02,44.639997,44.769997,43.779999,44.499999,2100600,10.639009
2004-01-30,44.999997,44.999997,44.399998,44.65,1648800,10.674871
2004-01-29,45.199998,45.799996,44.499999,45.249998,2051700,10.818318
2004-01-28,45.679999,46.149998,45.06,45.249998,1810800,10.818318
2004-01-27,46.529999,46.529999,45.65,45.679999,2163700,10.921122
2004-01-26,46.539997,46.68,45.979996,46.68,2283300,11.160201
2004-01-23,45.749996,46.819998,45.55,46.539997,3269500,11.126729
2004-01-22,44.900001,45.789998,44.65,45.609998,2730100,10.904386
2004-01-21,44.349998,45.349999,43.909999,44.900001,1991400,10.734641
2004-01-20,44.999997,45.249998,43.75,44.399998,2880100,10.615101
2004-01-16,44.969998,45.130001,44.70,44.979996,1766700,10.753766
2004-01-15,44.950001,45.219999,44.330002,44.859999,2800400,10.725077
2004-01-14,44.049997,44.819997,44.009995,44.599995,2621700,10.662916
2004-01-13,44.449999,44.449999,43.57,44.049997,2881100,10.531423
2004-01-12,44.199997,44.809999,44.099997,44.540001,1730200,10.648572
2004-01-09,44.65,44.989999,44.279997,44.349998,2088500,10.603147
2004-01-08,44.950001,45.199998,44.75,45.009995,2313000,10.760938
2004-01-07,44.869997,45.139999,44.70,44.999997,1861900,10.758548
2004-01-06,45.130001,45.490001,44.70,45.330002,2027300,10.837445
2004-01-05,44.299998,45.999997,44.299998,45.919998,3383400,10.9785
2004-01-02,44.219998,44.449999,44.089999,44.249998,1342200,10.579239
2003-12-31,44.310001,44.599995,44.059999,44.229997,1446100,10.574457
2003-12-30,43.98,44.819997,43.649999,44.609998,1390300,10.665307
2003-12-29,44.189999,44.349998,43.90,44.310001,1681300,10.593584
2003-12-26,44.249998,44.360001,43.999996,44.089999,684100,10.540986
2003-12-24,43.90,44.379997,43.449998,44.219998,2264800,10.572066
2003-12-23,42.400002,43.939998,42.150001,43.90,5165500,10.495562
2003-12-22,40.599998,42.139998,40.450001,41.849995,2224500,10.005449
2003-12-19,41.309999,41.349997,40.409999,40.699998,4830200,9.730509
2003-12-18,41.400002,41.599998,41.249996,41.54,2601500,9.931335
2003-12-17,41.749999,41.90,41.119997,41.419998,3014200,9.902646
2003-12-16,41.349997,42.319998,41.200001,42.119997,2952700,10.070001
2003-12-15,42.749999,42.779998,41.790001,41.849995,3155600,10.005449
2003-12-12,41.849995,42.549998,41.339999,42.459996,2888700,10.151287
2003-12-11,41.289998,42.150001,41.05,42.089998,3094200,10.062828
2003-12-10,41.499998,41.919996,41.369998,41.619999,1863000,9.950462
2003-12-09,41.72,42.200001,41.249996,41.400002,2311100,9.897865
2003-12-08,41.200001,41.779998,41.189998,41.72,1542900,9.97437
2003-12-05,41.639996,41.639996,41.169997,41.380001,2244100,9.893083
2003-12-04,41.90,42.299997,41.639996,41.889997,3055200,10.015012
2003-12-03,42.499998,42.829999,41.749999,41.959998,3310600,10.031748
2003-12-02,41.95,42.839997,41.909998,42.380001,3305800,10.132162
2003-12-01,41.449997,42.00,41.449997,41.919996,4312900,10.022185
2003-11-28,41.299997,41.599998,41.289998,41.400002,2114800,9.897865
2003-11-26,41.749999,42.139998,41.15,41.299997,2941600,9.873956
2003-11-25,41.810002,42.159999,41.610001,41.619999,2397400,9.950462
2003-11-24,41.400002,41.990002,41.400002,41.810002,2253400,9.995887
2003-11-21,41.36,41.400002,40.979999,41.099996,2721800,9.82614
2003-11-20,41.549998,42.00,40.879998,41.00,4218500,9.802233
2003-11-19,42.219997,42.469999,41.309999,41.689996,3882000,9.967196
2003-11-18,43.00,43.249997,42.319998,42.349997,4709500,10.124989
2003-11-17,43.499998,43.590001,42.049996,42.519999,6389500,10.165633
2003-11-14,44.549999,44.769997,44.069998,44.199997,4149200,10.567285
2003-11-13,43.999996,44.989999,43.699999,44.75,6971900,10.698779
2003-11-12,43.889998,44.549999,43.499998,44.189999,17703300,10.564894
2003-11-11,40.949999,41.239998,40.46,40.79,5359700,9.752026
2003-11-10,40.939997,41.740001,40.699998,40.949999,4267800,9.790279
2003-11-07,39.699998,41.009998,39.599997,40.689995,4633800,9.728117
2003-11-06,39.049999,39.489998,38.939996,39.459999,2394600,9.434051
2003-11-05,39.519998,39.849998,39.009997,39.220001,1715700,9.376673
2003-11-04,39.339998,40.049999,39.049999,39.719999,2187700,9.496212
2003-11-03,39.799998,39.959997,38.810001,39.580001,1490700,9.462741
2003-10-31,39.20,39.689995,39.109997,39.619998,1712100,9.472304
2003-10-30,39.48,39.719999,38.899998,39.159998,2081100,9.362327
2003-10-29,39.499997,39.709996,39.339998,39.48,1857300,9.438833
2003-10-28,39.159998,39.749998,39.049999,39.749998,2115800,9.503384
2003-10-27,38.599997,38.979998,38.489998,38.830002,1282800,9.283432
2003-10-24,38.149999,38.529995,37.379999,38.349996,1951300,9.168673
2003-10-23,38.209998,38.849998,37.90,38.810001,2115100,9.27865
2003-10-22,38.899998,38.899998,38.169996,38.359998,2467900,9.171064
2003-10-21,39.549997,39.589999,38.899998,38.899998,2550000,9.300167
2003-10-20,39.499997,39.849998,39.319997,39.679997,1249100,9.486648
2003-10-17,39.469997,39.899999,39.159998,39.400001,2861800,9.419707
2003-10-16,40.099995,40.099995,39.309998,39.650002,3923800,9.479477
2003-10-15,40.899999,40.899999,40.43,40.599998,2316300,9.706601
2003-10-14,41.249996,41.319998,40.509995,40.599998,1971700,9.706601
2003-10-13,40.64,41.349997,40.619999,41.109998,2148300,9.828531
2003-10-10,40.15,40.450001,40.009997,40.389998,1176300,9.656394
2003-10-09,40.339998,40.659996,40.079999,40.15,4063500,9.599016
2003-10-08,40.049999,40.369997,39.899999,40.25,2534400,9.622924
2003-10-07,39.849998,40.400001,39.459999,40.400001,2747000,9.658786
2003-10-06,40.02,40.61,39.939996,40.099995,2546500,9.587061
2003-10-03,38.599997,40.240002,38.599997,40.02,6753800,9.567936
2003-10-02,37.95,38.569998,37.789999,38.549997,3874400,9.216489
2003-10-01,37.749999,38.199999,37.379999,38.139996,3081600,9.118467
2003-09-30,37.789999,37.789999,36.799997,37.569999,2843100,8.982192
2003-09-29,37.499998,38.119995,37.45,37.789999,4097900,9.03479
2003-09-26,37.349997,37.499998,36.699999,36.839999,3167700,8.807665
2003-09-25,37.749999,38.029998,37.299997,37.349997,2881100,8.929594
2003-09-24,38.599997,38.699997,37.58,37.650001,3556900,9.001319
2003-09-23,39.439998,39.599997,38.489998,38.519997,3155600,9.209317
2003-09-22,39.289997,39.819999,38.969999,39.189997,2462000,9.369499
2003-09-19,39.419997,39.699998,38.799998,39.289997,3550500,9.393407
2003-09-18,39.749998,39.749998,38.779997,39.419997,6139700,9.424488
2003-09-17,40.899999,41.00,39.549997,39.749998,5925900,9.503384
2003-09-16,40.299996,40.709996,40.059998,40.33,3913800,9.64205
2003-09-15,40.749998,41.020001,40.38,40.56,3894800,9.697038
2003-09-12,41.54,41.569999,40.469998,40.719999,4330500,9.735291
2003-09-11,41.759997,42.049996,41.349997,41.649998,2967900,9.957634
2003-09-10,43.099996,43.549999,41.549998,41.77,3247000,9.986324
2003-09-09,43.609997,43.98,43.499998,43.549999,2942800,10.411884
2003-09-08,43.099996,43.699999,43.099996,43.599999,3161800,10.423838
2003-09-05,44.199997,44.47,42.939997,43.029995,2912400,10.287562
2003-09-04,44.049997,44.950001,43.90,44.669996,2256000,10.679651
2003-09-03,44.119998,44.799996,43.90,44.139999,2690000,10.55294
2003-09-02,43.099996,44.119998,42.809998,44.089999,2524200,10.540986
2003-08-29,41.499998,42.729998,41.499998,42.569999,1739400,10.177587
2003-08-28,41.90,42.099996,41.400002,41.749999,1948000,9.981542
2003-08-27,42.00,42.299997,41.72,41.889997,1609800,10.015012
2003-08-26,42.400002,42.459996,41.649998,42.049996,3108900,10.053265
2003-08-25,43.009999,43.009999,42.459996,42.639996,2029400,10.194321
2003-08-22,43.859998,44.08,42.59,42.659997,2351900,10.199103
2003-08-21,43.249997,43.560001,43.249997,43.459996,3443000,10.390366
2003-08-20,41.95,42.95,41.95,42.90,2792800,10.256483
2003-08-19,41.649998,42.580002,41.59,42.49,3109100,10.15846
2003-08-18,40.949999,41.549998,40.799999,41.430001,3971900,9.905037
2003-08-15,40.649998,40.779998,39.990001,40.450001,1442300,9.67074
2003-08-14,40.649998,40.840001,40.33,40.499997,3961500,9.682693
2003-08-13,43.619995,43.619995,40.299996,40.400001,12169900,9.658786
2003-08-12,42.749999,43.619995,42.699999,43.619995,4851100,10.428618
2003-08-11,41.619999,42.849995,41.619999,42.689996,4137800,10.206275
2003-08-08,42.059999,42.249997,41.36,41.629997,2825500,9.952852
2003-08-07,42.00,42.119997,41.499998,42.059999,2078500,10.055656
2003-08-06,42.249997,42.709997,41.790001,42.200001,4069200,10.089128
2003-08-05,42.549998,43.049996,42.229996,42.419998,5887700,10.141725
2003-08-04,41.699999,42.749999,41.159999,42.749999,7665700,10.220621
2003-08-01,40.319997,40.97,39.899999,40.729997,3878700,9.737681
2003-07-31,39.749998,41.220002,39.699998,40.569998,3865600,9.699429
2003-07-30,39.949999,40.109998,39.509995,39.529996,1659900,9.450786
2003-07-29,39.799998,40.009997,39.599997,39.830002,2634700,9.522511
2003-07-28,39.499997,40.299996,39.400001,39.929998,2739900,9.546418
2003-07-25,38.240001,39.799998,38.209998,39.699998,2696200,9.49143
2003-07-24,38.810001,39.099995,38.099999,38.25,2834500,9.144766
2003-07-23,38.30,38.650002,37.99,38.630001,5634000,9.235616
2003-07-22,38.379999,38.379999,36.799997,37.099996,8044700,8.869824
2003-07-21,38.509999,38.509999,37.499998,37.830001,1944400,9.044353
2003-07-18,38.539998,38.909996,38.319996,38.509999,3227000,9.206926
2003-07-17,39.489998,39.650002,38.379999,38.539998,3287600,9.214099
2003-07-16,40.349996,40.349996,39.509995,39.769999,2279300,9.508166
2003-07-15,39.999999,40.499997,39.779997,40.20,2941300,9.61097
2003-07-14,39.949999,39.999999,39.499997,39.639999,3256900,9.477085
2003-07-11,39.25,39.450001,38.869999,39.259998,2149200,9.386235
2003-07-10,39.999999,39.999999,38.899998,39.079998,2616000,9.343201
2003-07-09,40.649998,40.799999,39.709996,39.999999,3081600,9.563154
2003-07-08,40.079999,41.00,40.049999,40.899999,3336000,9.778325
2003-07-07,39.499997,40.509995,39.499997,40.25,3687200,9.622924
2003-07-03,38.349996,39.149999,38.290002,39.07,1822700,9.340811
2003-07-02,38.559999,38.849998,38.099999,38.729996,2389600,9.259523
2003-07-01,38.119995,38.599997,37.159999,38.559999,3323900,9.21888
2003-06-30,38.599997,39.240002,38.119995,38.119995,2815600,9.113685
2003-06-27,39.450001,39.569998,38.30,38.409999,2304700,9.183018
2003-06-26,38.499996,39.450001,38.309998,39.349996,3809100,9.407752
2003-06-25,40.15,40.699998,38.199999,38.309998,4721600,9.15911
2003-06-24,40.74,41.599998,40.20,40.20,2832200,9.61097
2003-06-23,41.439999,41.580002,40.759997,40.849999,2546500,9.766371
2003-06-20,41.729998,42.109999,41.479997,41.689996,2550300,9.967196
2003-06-19,42.59,42.609997,41.289998,41.54,4156500,9.931335
2003-06-18,41.209999,42.599998,41.05,42.239999,3819300,10.09869
2003-06-17,41.499998,42.150001,41.15,41.200001,4606500,9.850049
2003-06-16,39.749998,40.569998,39.529996,40.56,4237500,9.697038
2003-06-13,39.799998,39.899999,38.810001,39.25,1732500,9.383845
2003-06-12,40.38,40.400001,39.349996,39.639999,1978100,9.477085
2003-06-11,39.769999,40.46,39.499997,40.43,2120000,9.665958
2003-06-10,39.450001,39.819999,39.109997,39.819999,1231300,9.52012
2003-06-09,40.439999,40.519998,39.109997,39.43,1901000,9.426879
2003-06-06,40.649998,41.799999,40.439999,40.439999,4011100,9.668348
2003-06-05,40.179999,40.38,39.139997,40.20,4033600,9.61097
2003-06-04,39.400001,40.349996,39.400001,40.179999,3518200,9.606188
2003-06-03,40.649998,40.649998,39.159998,39.48,4275000,9.438833
2003-06-02,39.749998,41.459996,39.749998,40.949999,6802200,9.790279
2003-05-30,38.779997,40.099995,38.699997,39.699998,2961300,9.49143
2003-05-29,38.779997,39.25,38.40,38.499996,3425700,9.204535
2003-05-28,38.599997,39.400001,38.509999,38.779997,5203300,9.271477
2003-05-27,37.31,38.419997,37.299997,38.339997,3768100,9.166283
2003-05-23,36.709997,37.479997,36.509996,37.31,2555500,8.920032
2003-05-22,36.499998,36.740001,36.289998,36.669997,3506600,8.767021
2003-05-21,35.899999,36.669997,35.849997,36.63,3356800,8.757458
2003-05-20,36.159999,36.72,35.899999,36.099998,3545000,8.630746
2003-05-19,37.089998,37.199999,36.049998,36.15,3153200,8.642701
2003-05-16,36.45,37.479997,36.019998,37.479997,4222000,8.960675
2003-05-15,36.549998,37.349997,36.249999,36.569999,9297900,8.743113
2003-05-14,35.65,37.90,35.20,37.299997,21396900,8.91764
2003-05-13,32.830001,34.65,32.830001,34.029998,8777500,8.135853
2003-05-12,33.149999,33.499999,32.749999,32.889997,4273300,7.863303
2003-05-09,32.22,33.61,32.109999,33.529998,3289900,8.016313
2003-05-08,31.749999,32.330001,31.499998,32.019999,5782800,7.655305
2003-05-07,33.499999,33.679999,33.009997,33.149999,4539300,7.925464
2003-05-06,33.16,34.130001,32.999998,33.939998,4170100,8.114336
2003-05-05,33.499999,34.099997,32.979997,33.16,4211400,7.927855
2003-05-02,32.799997,33.029998,32.58,32.909998,3547200,7.868085
2003-05-01,32.699999,32.969999,31.969999,32.919997,2012800,7.870475
2003-04-30,32.349997,32.95,32.009996,32.95,3414700,7.877648
2003-04-29,32.45,32.549998,31.619999,32.549998,3029800,7.782016
2003-04-28,31.27,32.499998,31.249999,32.499998,3703500,7.770062
2003-04-25,31.829998,31.969999,31.009998,31.27,2658500,7.475996
2003-04-24,32.40,32.40,31.849999,31.979999,2591100,7.645741
2003-04-23,32.199999,32.499998,31.899997,32.459998,3138100,7.760499
2003-04-22,31.45,32.40,31.099998,32.389997,4456700,7.743763
2003-04-21,31.68,31.780001,31.059998,31.45,3110300,7.51903
2003-04-17,31.459998,31.709997,31.149998,31.68,2218800,7.574018
2003-04-16,31.199999,31.749999,31.00,31.459998,4507800,7.52142
2003-04-15,30.28,30.899999,29.999999,30.899999,4026300,7.387536
2003-04-14,29.299998,30.529999,29.299998,30.529999,3623300,7.299077
2003-04-11,29.399999,29.559998,29.03,29.309999,2932800,7.007401
2003-04-10,29.249998,29.249998,28.719998,29.059997,4844000,6.947631
2003-04-09,29.389998,29.949999,28.959997,29.02,3377700,6.938068
2003-04-08,29.799998,29.809999,28.959997,29.139999,4037900,6.966758
2003-04-07,30.149998,30.649998,29.799998,29.899999,4213300,7.148457
2003-04-04,30.259999,30.299999,29.24,29.43,5532200,7.036091
2003-04-03,29.739998,30.700001,29.399999,30.20,17544500,7.220181
2003-04-02,32.199999,32.199999,26.519999,28.52,29548100,6.818529
2003-04-01,32.549998,32.549998,31.549998,32.409998,4433000,7.748545
2003-03-31,32.549998,32.72,32.150001,32.549998,2228500,7.782016
2003-03-28,32.799997,33.449998,32.58,32.929999,2801800,7.872866
2003-03-27,31.839999,33.919997,31.839999,33.369997,8010100,7.97806
2003-03-26,31.479999,31.86,30.759999,31.829998,5637300,7.609879
2003-03-25,31.129997,32.089998,31.099998,31.649999,2999000,7.566845
2003-03-24,32.049998,32.049998,31.019999,31.129997,3801800,7.442524
2003-03-21,30.709999,32.419996,30.709999,32.259997,6771800,7.712683
2003-03-20,30.049997,30.799999,29.87,30.709999,2219000,7.342111
2003-03-19,30.069998,30.229997,29.849999,30.159998,3595600,7.210618
2003-03-18,29.43,30.10,29.069998,30.069998,4743900,7.189101
2003-03-17,27.599999,29.479998,27.499998,29.43,6115700,7.036091
2003-03-14,28.35,28.599999,28.049999,28.219998,4308400,6.746805
2003-03-13,29.449999,29.499999,27.599999,28.149999,8971800,6.73007
2003-03-12,29.369999,29.379998,28.779999,29.24,6238600,6.990666
2003-03-11,29.549997,29.989999,29.299998,29.469998,2516300,7.045653
2003-03-10,29.87,30.049997,29.549997,29.549997,3877500,7.064779
2003-03-07,29.20,29.949999,28.899998,29.949999,9145300,7.160411
2003-03-06,29.70,29.719999,29.249998,29.549997,2745800,7.064779
2003-03-05,29.20,29.899999,29.009999,29.849999,3701200,7.136503
2003-03-04,30.569999,30.569999,29.089999,29.099999,5358200,6.957194
2003-03-03,31.399997,31.719997,30.579999,30.639998,2041500,7.325375
2003-02-28,31.229998,31.819998,31.00,31.259999,3208300,7.473605
2003-02-27,30.700001,31.409998,30.519998,31.229998,2342400,7.466432
2003-02-26,30.95,30.989999,30.429998,30.519998,2599900,7.296686
2003-02-25,30.700001,31.209997,29.849999,31.209997,2292100,7.46165
2003-02-24,31.479999,31.499998,30.799999,30.849999,3276900,7.375582
2003-02-21,30.899999,31.68,30.77,31.459998,2384200,7.52142
2003-02-20,31.469999,31.499998,30.759999,30.899999,2499000,7.387536
2003-02-19,31.989997,31.989997,31.299999,31.37,2799400,7.499904
2003-02-18,31.809997,32.199999,31.639998,31.979999,3579400,7.645741
2003-02-14,31.00,31.809997,30.639998,31.809997,1911900,7.605098
2003-02-13,31.36,31.419998,30.159998,31.00,3721300,7.411444
2003-02-12,32.379999,32.379999,31.169999,31.36,3474100,7.497513
2003-02-11,32.869999,33.009997,32.199999,32.379999,3119500,7.741373
2003-02-10,33.509997,33.599997,32.519999,32.699999,5019400,7.817878
2003-02-07,33.099997,33.679999,32.879999,33.349998,6474000,7.973279
2003-02-06,32.63,33.099997,32.08,33.009997,4888900,7.891992
2003-02-05,31.599998,33.149999,31.599998,32.379999,9066300,7.741373
2003-02-04,30.559998,30.759999,30.32,30.749999,4765700,7.351674
2003-02-03,30.479999,31.459998,30.479999,31.00,2519700,7.411444
2003-01-31,31.409998,31.409998,30.349999,30.60,3250300,7.315813
2003-01-30,31.54,31.849999,30.909998,31.399997,2049300,7.507075
2003-01-29,31.649999,31.709997,30.739998,31.54,2844500,7.540547
2003-01-28,31.249999,31.989997,31.199999,31.899997,1841000,7.626615
2003-01-27,31.249999,32.22,30.939999,31.219997,1804200,7.464041
2003-01-24,32.419996,32.419996,31.399997,31.419998,2285000,7.511857
2003-01-23,32.08,32.54,31.789999,32.499998,2002300,7.770062
2003-01-22,31.919998,32.240001,31.439999,31.909998,2482600,7.629006
2003-01-21,32.529997,32.90,31.999998,32.099996,2262200,7.67443
2003-01-17,33.619998,33.619998,32.289999,32.529997,2834500,7.777234
2003-01-16,34.299998,34.299998,33.369997,33.619998,3137100,8.03783
2003-01-15,35.409999,35.599998,33.919997,34.159998,3829100,8.166933
2003-01-14,35.949999,35.979999,35.309999,35.400001,1740100,8.463392
2003-01-13,36.15,36.650001,36.080001,36.139998,2447300,8.640309
2003-01-10,35.599998,36.45,35.499999,36.00,2840700,8.606839
2003-01-09,35.449999,35.949999,35.449999,35.599998,2598700,8.511207
2003-01-08,35.56,35.899999,35.20,35.249998,3369900,8.427529
2003-01-07,35.389998,36.199998,35.159998,36.00,2834300,8.606839
2003-01-06,34.70,35.65,34.669996,35.419998,4828600,8.468172
2003-01-03,34.749998,34.849996,34.159998,34.449999,2993500,8.236266
2003-01-02,34.949999,35.049997,34.479998,35.049997,4021300,8.379713
2002-12-31,34.29,34.839998,34.189997,34.449999,2163700,8.236266
2002-12-30,34.24,34.619998,33.810001,34.29,2313400,8.198014
2002-12-27,34.659998,34.759996,34.15,34.24,1813900,8.18606
2002-12-26,34.549997,34.999999,34.549997,34.759996,2678400,8.31038
2002-12-24,34.449999,34.56,34.339998,34.449999,1012100,8.236266
2002-12-23,34.400001,34.97,34.20,34.65,3632400,8.284082
2002-12-20,34.999999,35.049997,34.449999,34.65,4119800,8.284082
2002-12-19,35.06,35.569998,34.749998,34.999999,4977800,8.36776
2002-12-18,34.999999,35.299998,34.900001,35.15,4375800,8.403622
2002-12-17,34.759996,35.319997,34.549997,35.129999,3352300,8.39884
2002-12-16,32.919997,34.909999,32.849998,34.839998,3171800,8.329507
2002-12-13,34.499999,34.499999,32.650001,32.909998,3778300,7.868085
2002-12-12,33.499999,34.859999,32.999998,34.669996,3234400,8.288863
2002-12-11,32.699999,33.999999,32.259997,33.34,1854700,7.970889
2002-12-10,32.099996,32.999998,32.099996,32.889997,2537000,7.863303
2002-12-09,32.979997,32.979997,31.999998,32.08,2162500,7.66965
2002-12-06,32.999998,33.79,32.639998,33.199999,1818700,7.937418
2002-12-05,32.999998,33.649999,32.799997,33.509997,2413600,8.011532
2002-12-04,32.599996,33.279997,32.40,33.009997,2526100,7.891992
2002-12-03,33.669996,33.949999,33.189997,33.349998,1767200,7.973279
2002-12-02,35.299998,36.00,33.40,33.659998,3707800,8.047394
2002-11-29,34.929998,35.29,34.400001,34.889998,822700,8.341461
2002-11-27,33.599997,34.999999,33.499999,34.929998,1931600,8.351024
2002-11-26,34.249998,34.490001,33.08,33.259998,2876600,7.951762
2002-11-25,34.599997,35.979999,33.849998,34.74,3893400,8.305599
2002-11-22,33.16,35.74,32.799997,35.119999,5031000,8.396449
2002-11-21,31.799997,33.349998,31.37,33.25,4672900,7.949372
2002-11-20,29.939999,31.299999,29.829998,31.28,2622900,7.478387
2002-11-19,30.759999,30.759999,29.499999,29.939999,3163900,7.15802
2002-11-18,31.599998,31.649999,30.60,30.739998,2975000,7.349283
2002-11-15,31.149998,31.399997,30.669999,31.209997,3343600,7.46165
2002-11-14,30.659999,31.649999,30.51,31.229998,4417100,7.466432
2002-11-13,29.179999,30.649998,29.179999,30.37,2660600,7.260825
2002-11-12,29.349998,29.999999,28.94,29.739998,3290900,7.110204
2002-11-11,30.069998,30.11,29.02,29.349998,2455300,7.016964
2002-11-08,30.899999,31.149998,30.239998,30.299999,2872000,7.244089
2002-11-07,31.349999,31.699999,30.69,30.979999,3753400,7.406663
2002-11-06,31.799997,31.809997,30.159998,31.499998,11902700,7.530983
2002-11-05,34.099997,34.099997,32.939998,33.349998,2683400,7.973279
2002-11-04,33.499999,35.499999,33.369997,34.209998,2672200,8.178887
2002-11-01,31.799997,32.959999,31.27,32.779996,1895600,7.837004
2002-10-31,31.899997,33.069997,31.899997,32.289999,2950800,7.719856
2002-10-30,31.00,31.899997,30.489999,31.319998,2271200,7.487949
2002-10-29,31.989997,31.999998,30.389999,31.119999,2128300,7.440134
2002-10-28,31.799997,32.81,31.149998,32.089998,2356600,7.67204
2002-10-25,30.60,31.45,30.10,31.149998,1960100,7.447306
2002-10-24,31.199999,32.999998,30.879998,31.109999,3240600,7.437743
2002-10-23,30.10,30.729998,29.60,30.429998,3283500,7.275169
2002-10-22,30.149998,30.59,29.78,29.999999,2526800,7.172365
2002-10-21,28.999999,30.700001,28.849998,30.629997,3111200,7.322985
2002-10-18,29.549997,29.92,28.649999,29.839998,2820500,7.134112
2002-10-17,29.969998,30.989999,29.229999,29.739998,2562600,7.110204
2002-10-16,29.20,29.549997,27.599999,28.469997,3560400,6.806574
2002-10-15,28.999999,30.20,28.819999,30.20,3922800,7.220181
2002-10-14,26.199999,27.219998,26.199999,27.219998,1972400,6.507726
2002-10-11,26.40,27.36,26.00,26.339999,4474800,6.297337
2002-10-10,24.569998,25.32,24.409999,25.269999,7030700,6.041522
2002-10-09,26.00,26.00,24.299998,24.559998,4585100,5.871776
2002-10-08,25.049997,26.899998,25.029999,26.469999,2869700,6.328417
2002-10-07,26.019999,26.689998,24.539999,24.849999,3888200,5.941109
2002-10-04,27.950001,27.950001,25.86,26.009998,4399100,6.21844
2002-10-03,28.659998,29.749998,27.899998,27.950001,3745100,6.682254
2002-10-02,29.739998,30.11,27.999999,28.70,4549300,6.861563
2002-10-01,27.829999,29.999999,27.209997,29.739998,5752200,7.110204
2002-09-30,26.00,28.259998,25.469998,27.789999,5937200,6.644001
2002-09-27,27.549999,28.289999,26.029999,26.029999,3171300,6.223222
2002-09-26,27.989998,28.70,27.549999,28.02,5093400,6.698989
2002-09-25,26.299999,27.629998,26.04,27.139998,4811300,6.4886
2002-09-24,29.249998,29.449999,25.60,25.739998,10632700,6.153889
2002-09-23,29.989999,30.269999,29.20,29.929998,2929200,7.15563
2002-09-20,29.749998,30.209999,29.299998,29.989999,6069700,7.169974
2002-09-19,30.50,31.499998,29.499999,29.499999,14493800,7.052826
2002-09-18,34.759996,35.65,34.409999,35.159998,2933300,8.406012
2002-09-17,36.249999,36.499998,34.900001,35.009998,2177200,8.37015
2002-09-16,34.900001,36.00,34.799998,35.65,2093200,8.523161
2002-09-13,34.900001,35.080001,34.589999,34.900001,2128800,8.343852
2002-09-12,36.009998,36.009998,34.869997,35.019998,1531100,8.372541
2002-09-11,37.150001,37.249999,36.019998,36.259997,1258600,8.668998
2002-09-10,36.549998,36.999998,36.15,36.849997,1325300,8.810055
2002-09-09,35.959998,37.099996,35.400001,36.63,1550000,8.757458
2002-09-06,35.449999,36.229998,35.449999,35.97,1547000,8.599666
2002-09-05,35.499999,35.499999,34.74,34.919998,2728500,8.348633
2002-09-04,35.019998,36.18,34.769999,36.00,1672700,8.606839
2002-09-03,36.799997,36.81,34.799998,34.999999,2697600,8.36776
2002-08-30,36.979999,37.349997,36.72,36.830001,1352100,8.805274
2002-08-29,36.199998,37.27,35.749998,36.979999,1879200,8.841136
2002-08-28,37.299997,37.650001,36.15,36.279998,1763900,8.67378
2002-08-27,38.25,38.61,37.099996,37.299997,1765700,8.91764
2002-08-26,38.049999,38.650002,37.199999,38.129998,1864500,9.116076
2002-08-23,37.04,38.849998,36.749999,37.999998,3830700,9.084996
2002-08-22,37.049998,37.099996,36.45,37.04,3860900,8.855481
2002-08-21,36.599998,37.069999,36.259997,36.95,2489800,8.833964
2002-08-20,37.549998,37.549998,36.199998,36.279998,1937600,8.67378
2002-08-19,37.049998,37.699999,36.599998,37.599996,2026300,8.989364
2002-08-16,36.00,37.22,35.899999,36.999998,1750300,8.845917
2002-08-15,36.650001,37.40,36.419996,36.909998,1929200,8.8244
2002-08-14,34.749998,36.699999,34.61,36.489999,2286600,8.723987
2002-08-13,34.719999,36.299999,34.599997,34.999999,2763600,8.36776
2002-08-12,35.989999,36.119997,35.099998,35.719999,1599200,8.539896
2002-08-09,36.339999,36.879999,35.400001,36.24,1382500,8.664218
2002-08-08,35.499999,36.569999,34.639997,36.339999,2220700,8.688125
2002-08-07,35.049997,35.499999,33.759998,35.099998,1866800,8.391667
2002-08-06,33.499999,35.24,33.299998,34.83,3088500,8.327116
2002-08-05,35.20,35.299998,32.849998,33.059999,3075400,7.903947
2002-08-02,35.629999,35.639997,34.759996,35.20,3169400,8.415576
2002-08-01,36.249999,36.729998,35.499999,35.88,3695500,8.578149
2002-07-31,37.45,37.509996,36.199998,36.999998,4183800,8.845917
2002-07-30,36.849997,38.30,36.589998,37.999998,4990400,9.084996
2002-07-29,36.95,37.999998,36.069999,37.249999,3281400,8.905687
2002-07-26,35.799999,36.429999,34.799998,35.859999,1869900,8.573367
2002-07-25,34.65,36.299999,34.130001,35.799999,3447500,8.559023
2002-07-24,34.20,36.77,34.15,36.09,3294700,8.628356
2002-07-23,35.400001,36.470001,35.080001,35.389998,2244400,8.461
2002-07-22,36.650001,37.90,35.229997,35.629999,2900300,8.518379
2002-07-19,37.689996,38.899998,36.139998,36.650001,2232300,8.76224
2002-07-18,39.699998,39.709996,37.58,37.939998,3631600,9.070651
2002-07-17,39.849998,40.699998,39.329999,40.400001,2430200,9.658786
2002-07-16,38.739999,40.599998,38.739999,39.099995,3122900,9.347982
2002-07-15,38.899998,38.949998,37.749999,38.739999,2364700,9.261915
2002-07-12,38.090001,39.689995,37.549998,39.25,3077300,9.383845
2002-07-11,39.349996,39.799998,37.439997,38.090001,3754800,9.106514
2002-07-10,39.389998,40.15,38.849998,39.20,3426800,9.371891
2002-07-09,40.049999,40.810001,39.129998,39.149999,2008500,9.359937
2002-07-08,40.810001,41.990002,39.819999,40.489999,3107400,9.680302
2002-07-05,40.899999,41.349997,40.20,40.799999,2088700,9.754417
2002-07-03,40.20,41.580002,38.849998,40.859997,3516500,9.768761
2002-07-02,41.679998,42.649999,38.599997,40.450001,7759500,9.67074
2002-07-01,47.799997,47.849997,41.299997,41.679998,6770600,9.964806
2002-06-28,45.399999,48.499996,45.169999,47.799997,2957500,11.427968
2002-06-27,45.499999,46.199998,43.639996,45.799996,4137600,10.949811
2002-06-26,45.199998,45.209996,43.499998,44.499999,3546200,10.639009
2002-06-25,47.179998,47.769998,44.999997,45.349999,2132100,10.842226
2002-06-24,46.490001,46.900002,45.599995,46.349994,2145000,11.081303
2002-06-21,46.259997,47.700001,46.099998,46.589997,2124300,11.138683
2002-06-20,47.81,48.749997,46.939995,47.159997,1978100,11.274958
2002-06-19,48.209997,49.270001,47.299999,47.789999,2187000,11.425578
2002-06-18,48.30,49.20,47.949998,48.709995,2039800,11.64553
2002-06-17,46.399999,48.499996,46.349994,48.349995,1841200,11.559461
2002-06-14,44.299998,46.159996,44.219998,45.999997,2119800,10.997627
2002-06-13,47.599996,47.899998,45.449999,45.609998,3269000,10.904386
2002-06-12,47.40,47.799997,46.009995,47.369996,1879400,11.325164
2002-06-11,48.899998,49.179999,47.240001,47.319996,2530800,11.31321
2002-06-10,49.349996,49.759996,48.48,48.759996,3726100,11.657484
2002-06-07,47.81,49.749998,47.700001,49.20,3650900,11.762679
2002-06-06,48.40,49.009997,47.889999,48.229998,3514700,11.530773
2002-06-05,47.650001,48.349995,47.40,48.22,2156100,11.528382
2002-06-04,46.880001,47.969999,46.11,47.40,3204000,11.332337
2002-06-03,47.369996,47.559999,46.539997,46.91,2085600,11.215189
2002-05-31,47.149998,47.689998,46.929996,47.369996,2383000,11.325164
2002-05-30,46.089999,47.209997,45.83,46.900002,2182000,11.212799
2002-05-29,46.839999,46.919998,46.229997,46.589997,1968900,11.138683
2002-05-28,47.599996,47.799997,46.599996,46.83,1915500,11.196063
2002-05-24,48.049998,48.060001,46.769997,47.049998,2250100,11.248659
2002-05-23,47.50,48.63,47.249999,48.63,3680300,11.626405
2002-05-22,47.149998,47.599996,46.449999,47.569997,2365400,11.37298
2002-05-21,47.999998,47.999998,47.110001,47.40,3133100,11.332337
2002-05-20,47.519997,47.669997,46.520001,47.519997,3031700,11.361026
2002-05-17,46.999998,47.949998,46.869998,47.519997,3074900,11.361026
2002-05-16,46.969998,46.989999,45.739998,46.279998,4019900,11.064569
2002-05-15,43.999996,46.700001,43.759998,46.629999,9428200,11.148247
2002-05-14,41.499998,42.150001,40.649998,41.499998,4755700,9.921772
2002-05-13,40.439999,40.450001,38.40,39.25,6485900,9.383845
2002-05-10,40.699998,41.200001,39.990001,40.439999,2127600,9.668348
2002-05-09,41.799999,42.00,40.619999,40.699998,1756500,9.730509
2002-05-08,40.979999,41.909998,40.689995,41.799999,4471700,9.993496
2002-05-07,40.699998,40.79,39.74,39.979998,5994200,9.558372
2002-05-06,41.849995,41.849995,39.999999,40.20,3869700,9.61097
2002-05-03,43.029995,43.249997,41.430001,41.449997,3646800,9.909818
2002-05-02,43.849996,44.199997,42.41,42.990002,4443400,10.278
2002-05-01,44.849996,44.859999,43.380001,43.679998,3619100,10.442964
2002-04-30,44.399998,46.069998,44.29,44.849996,2912600,10.722686
2002-04-29,45.049997,45.439996,43.629998,43.909999,1885600,10.497952
2002-04-26,46.839999,46.839999,45.049997,45.049997,1306600,10.770502
2002-04-25,46.069998,46.700001,45.490001,46.409997,1547900,11.095649
2002-04-24,46.349994,47.199999,46.009995,46.32,1198400,11.074132
2002-04-23,46.099998,46.839999,44.999997,46.219999,3197600,11.050224
2002-04-22,48.279999,48.279999,46.50,46.749996,2181300,11.176935
2002-04-19,48.549996,48.769998,48.080002,48.599997,1336700,11.619231
2002-04-18,47.50,48.619998,47.299999,48.259998,3276400,11.537945
2002-04-17,47.50,48.379999,46.799997,46.989999,2848800,11.234315
2002-04-16,45.70,47.959996,45.599995,47.86,3705000,11.442314
2002-04-15,45.399999,45.849996,45.099997,45.299998,2367800,10.830272
2002-04-12,44.249998,45.299998,44.249998,45.009995,2796300,10.760938
2002-04-11,44.900001,45.900001,43.90,44.130001,4631900,10.55055
2002-04-10,46.689998,47.259997,44.549999,44.819997,7052800,10.715513
2002-04-09,47.099998,47.490002,46.50,46.619997,2442800,11.145855
2002-04-08,45.449999,46.949997,45.449999,46.749996,3773500,11.176935
2002-04-05,48.499996,48.650001,47.299999,47.779996,1479100,11.423187
2002-04-04,48.389997,48.999999,47.789999,48.499996,1788100,11.595323
2002-04-03,49.099994,49.099994,48.09,48.240001,1337700,11.533164
2002-04-02,49.38,49.389998,48.27,48.45,2371300,11.58337
2002-04-01,50.099995,50.099995,49.299995,49.58,2067100,11.85353
2002-03-28,51.249996,51.699998,50.479996,50.749998,1748000,12.133251
2002-03-27,49.099994,51.259994,48.409998,50.419997,2086800,12.054355
2002-03-26,49.749998,50.56,49.049999,49.099994,2120000,11.73877
2002-03-25,48.899998,50.099995,48.599997,49.509995,2201200,11.836793
2002-03-22,51.099995,51.099995,48.199999,48.789999,4477600,11.664657
2002-03-21,51.529997,51.649998,49.999999,50.999999,2149900,12.193021
2002-03-20,52.72,52.749999,51.259994,51.529997,1628100,12.319732
2002-03-19,52.999996,53.269998,52.59,52.809997,2351200,12.625754
2002-03-18,52.499998,53.019997,52.399997,52.849995,2179600,12.635316
2002-03-15,52.999996,52.999996,51.970001,52.249997,2768300,12.491869
2002-03-14,51.889997,52.449998,51.699998,52.00,1677000,12.4321
2002-03-13,52.099996,52.249997,51.56,51.959998,2592000,12.422537
2002-03-12,51.15,51.649998,50.999999,51.639995,2399100,12.346031
2002-03-11,52.00,52.389999,51.56,52.00,2205000,12.4321
2002-03-08,52.529997,53.469999,52.249997,52.499998,3949100,12.551639
2002-03-07,52.349997,52.399997,51.649998,52.029995,5551200,12.439271
2002-03-06,49.599997,50.099995,48.969999,49.949999,2781400,11.941988
2002-03-05,50.499997,50.499997,49.149999,49.799998,2759800,11.906126
2002-03-04,47.999998,50.519998,47.949998,50.489999,4509900,12.071091
2002-03-01,47.509998,48.199999,46.719997,47.529995,2818200,11.363417
2002-02-28,47.029997,47.979997,46.65,47.509998,2148000,11.358636
2002-02-27,45.799996,47.309997,45.739998,47.019999,2465100,11.241487
2002-02-26,44.88,45.499999,44.75,45.299998,3681200,10.830272
2002-02-25,44.70,45.499999,43.999996,44.88,2807300,10.729859
2002-02-22,45.349999,45.55,44.310001,44.65,3339300,10.674871
2002-02-21,47.45,47.50,44.619996,44.989999,4287300,10.756157
2002-02-20,48.529995,48.529995,46.989999,47.539998,2746300,11.365808
2002-02-19,48.099999,49.349996,48.099999,48.529995,1729400,11.602496
2002-02-15,49.20,49.209998,48.080002,48.869999,1731100,11.683783
2002-02-14,49.450001,49.650002,48.609999,48.99,2046700,11.712473
2002-02-13,49.929998,50.339998,48.589998,49.450001,2796100,11.822449
2002-02-12,48.999999,49.999999,48.699997,49.679996,1946300,11.877437
2002-02-11,47.50,49.729997,47.409998,49.450001,2669900,11.822449
2002-02-08,45.999997,47.299999,45.499999,46.999998,2513200,11.236705
2002-02-07,46.209996,47.609999,46.199998,46.68,1335500,11.160201
2002-02-06,47.099998,47.869998,45.659998,46.389996,2224700,11.090867
2002-02-05,46.569996,47.45,45.809999,46.849997,2208600,11.200843
2002-02-04,46.749996,47.369996,45.999997,46.47,2766200,11.109994
2002-02-01,47.199999,48.149999,46.130001,46.299999,8659100,11.069351
2002-01-31,43.109999,45.199998,42.749999,44.499999,3747200,10.639009
2002-01-30,40.749998,42.90,40.519998,42.109999,4038800,10.06761
2002-01-29,43.509997,43.699999,40.899999,41.469998,3610800,9.9146
2002-01-28,43.950001,44.499999,42.759997,43.759998,3379200,10.46209
2002-01-25,45.259996,45.449999,44.089999,44.199997,2554500,10.567285
2002-01-24,45.499999,46.189995,44.999997,45.249998,3156600,10.818318
2002-01-23,44.249998,45.019998,43.869997,44.819997,1274100,10.715513
2002-01-22,45.049997,45.299998,43.829999,44.249998,3170600,10.579239
2002-01-18,44.57,44.989999,44.29,44.919997,2304900,10.739421
2002-01-17,46.11,46.659999,45.34,45.799996,1781400,10.949811
2002-01-16,46.999998,47.50,45.189995,45.799996,3777800,10.949811
2002-01-15,48.889995,49.499996,47.419996,47.799997,1881600,11.427968
2002-01-14,49.20,49.400001,48.289997,48.889995,1302300,11.688564
2002-01-11,49.979998,49.979998,48.40,49.20,1466300,11.762679
2002-01-10,49.799998,50.709996,49.599997,49.979998,2181000,11.949161
2002-01-09,49.749998,50.369997,49.539998,49.799998,2151600,11.906126
2002-01-08,49.729997,49.999999,49.479995,49.679996,1827000,11.877437
2002-01-07,50.299996,50.749998,49.879997,49.979998,1962700,11.949161
2002-01-04,49.499996,50.899999,49.499996,50.400001,4908800,12.049574
2002-01-03,49.189997,49.799998,48.949998,49.499996,4349900,11.834402
2002-01-02,48.979998,49.450001,48.099999,49.229999,1814200,11.769852
2001-12-31,49.679996,49.799998,48.849998,48.979998,1444000,11.710082
2001-12-28,48.45,49.849998,48.349995,49.679996,1274300,11.877437
2001-12-27,47.880001,48.589998,47.50,48.329999,1176800,11.554681
2001-12-26,46.549995,48.499996,46.449999,47.869998,1688400,11.444704
2001-12-24,47.650001,48.029997,46.959996,46.989999,447300,11.234315
2001-12-21,47.799997,47.999998,46.959996,47.639998,2847100,11.389716
2001-12-20,47.379999,47.549996,46.700001,46.900002,2941800,11.212799
2001-12-19,47.240001,48.499996,46.739998,47.470001,2529400,11.349073
2001-12-18,45.499999,47.249999,45.499999,47.240001,3311800,11.294085
2001-12-17,44.999997,45.799996,44.049997,45.219999,3849200,10.811145
2001-12-14,46.999998,46.999998,44.869997,44.999997,3387900,10.758548
2001-12-13,47.50,47.949998,46.91,47.249999,1872500,11.296475
2001-12-12,49.149999,49.319996,47.229998,48.099999,2743200,11.499692
2001-12-11,48.199999,49.830002,48.049998,49.159998,2896200,11.753116
2001-12-10,48.549996,48.589998,46.849997,47.479999,3927300,11.351464
2001-12-07,50.099995,50.099995,48.099999,48.40,2548800,11.571416
2001-12-06,49.899998,49.999999,49.499996,49.919995,3312900,11.934815
2001-12-05,49.400001,50.240002,49.20,49.999999,1991400,11.953942
2001-12-04,48.199999,49.089996,48.019999,48.949998,2192900,11.702909
2001-12-03,47.650001,47.99,47.060001,47.789999,886100,11.425578
2001-11-30,47.63,47.909996,47.119999,47.650001,1146900,11.392108
2001-11-29,47.509998,47.759995,46.799997,47.429999,2080200,11.33951
2001-11-28,48.499996,48.650001,47.479999,47.50,1648300,11.356245
2001-11-27,47.50,49.189997,47.129997,48.999999,1843100,11.714863
2001-11-26,46.999998,48.199999,46.700001,47.539998,1955100,11.365808
2001-11-23,45.429998,46.869998,45.330002,46.86,469400,11.203235
2001-11-21,45.859999,45.949997,44.449999,45.679999,1333600,10.921122
2001-11-20,45.310001,47.099998,44.950001,46.11,2833800,11.023926
2001-11-19,44.900001,45.479998,44.599995,45.299998,2618100,10.830272
2001-11-16,44.999997,44.999997,43.939998,44.449999,2091800,10.627055
2001-11-15,44.839998,45.709999,44.560002,44.999997,2088700,10.758548
2001-11-14,43.90,45.299998,43.709998,45.089999,2772400,10.780065
2001-11-13,44.399998,44.900001,43.299997,43.689997,2681300,10.445354
2001-11-12,43.699999,44.969998,43.150001,44.019997,1406000,10.52425
2001-11-09,43.699999,44.979996,43.649999,43.950001,2207600,10.507516
2001-11-08,44.799996,45.399999,43.75,43.999996,3040100,10.519469
2001-11-07,42.879999,44.29,42.669995,43.849996,4444400,10.483607
2001-11-06,43.199997,43.499998,42.580002,43.00,4156800,10.280391
2001-11-05,41.489999,44.099997,41.15,44.099997,7161000,10.543377
2001-11-02,37.90,40.20,37.90,40.079999,13656600,9.58228
2001-11-01,35.919996,35.949999,33.649999,33.939998,8082400,8.114336
2001-10-31,36.349997,37.699999,35.899999,35.909997,2674600,8.585321
2001-10-30,37.299997,37.31,35.749998,36.249999,2307300,8.666608
2001-10-29,37.749999,38.799998,37.109999,37.699999,3776900,9.013272
2001-10-26,35.759997,37.650001,35.709999,36.699999,2298700,8.774194
2001-10-25,34.400001,35.799999,34.33,35.65,1775700,8.523161
2001-10-24,34.599997,35.38,34.599997,35.339998,1253900,8.449046
2001-10-23,34.679999,34.979998,33.659998,34.589999,1354700,8.269737
2001-10-22,33.22,34.819999,33.099997,34.679999,1341500,8.291254
2001-10-19,33.049999,33.529998,32.609999,32.969999,2639300,7.88243
2001-10-18,33.810001,33.810001,32.499998,33.04,1895600,7.899165
2001-10-17,33.999999,34.099997,33.069997,33.909999,1735100,8.107164
2001-10-16,33.569998,33.70,33.049999,33.49,1235100,8.006751
2001-10-15,33.729999,33.849998,32.90,33.679999,876300,8.052175
2001-10-12,33.999999,33.999999,32.249999,33.720001,2064700,8.061739
2001-10-11,33.43,34.359999,33.43,34.249998,1790400,8.18845
2001-10-10,32.599996,33.499999,32.429999,33.43,1877300,7.992406
2001-10-09,32.299997,32.749999,31.95,32.529997,1828900,7.777234
2001-10-08,33.229999,33.659998,32.389997,32.549998,1739900,7.782016
2001-10-05,33.739999,33.979998,32.669998,33.479998,2044800,8.004359
2001-10-04,33.189997,34.319999,32.729998,33.990001,2808400,8.12629
2001-10-03,31.509998,33.999999,31.37,33.40,3338300,7.985234
2001-10-02,32.729998,32.740001,30.959998,31.509998,3479800,7.533374
2001-10-01,33.70,33.70,32.08,32.879999,2385600,7.860912
2001-09-28,33.499999,33.810001,32.499998,33.169998,5024800,7.930245
2001-09-27,33.599997,34.389998,33.31,33.58,2650200,8.028268
2001-09-26,35.299998,35.580001,33.009997,33.349998,2515100,7.973279
2001-09-25,34.999999,35.679999,34.759996,35.219999,2559300,8.420357
2001-09-24,33.999999,34.490001,33.749998,34.310001,2971900,8.202796
2001-09-21,32.599996,36.00,32.599996,33.549999,3650900,8.021095
2001-09-20,34.599997,35.179999,33.819999,33.999999,5255200,8.128681
2001-09-19,33.099997,36.999998,33.089998,35.65,4401400,8.523161
2001-09-18,32.299997,33.449998,32.299997,32.999998,3217100,7.889602
2001-09-17,31.00,35.189997,31.00,32.299997,4916400,7.722246
2001-09-10,32.45,33.990001,32.409998,33.499999,3361400,8.009141
2001-09-07,34.70,35.159998,33.909999,33.93,3276600,8.111945
2001-09-06,36.229998,36.279998,34.509997,35.509998,4099100,8.489689
2001-09-05,37.499998,37.749999,36.249999,36.479999,2909800,8.721596
2001-09-04,37.599996,38.519997,37.419996,37.429999,1484300,8.948721
2001-08-31,38.149999,38.179998,37.499998,37.599996,1792300,8.989364
2001-08-30,37.849998,38.240001,37.150001,38.149999,2767900,9.120858
2001-08-29,38.369997,38.599997,37.95,38.22,1682200,9.137594
2001-08-28,38.159997,38.499996,37.90,38.369997,1549300,9.173455
2001-08-27,38.849998,38.899998,37.90,38.159997,1801300,9.123248
2001-08-24,38.450001,38.749997,37.999998,38.739999,1812500,9.261915
2001-08-23,38.049999,38.689999,37.95,38.419997,1294700,9.185409
2001-08-22,38.019999,38.279999,37.349997,38.099999,1302100,9.108904
2001-08-21,38.30,38.349996,37.699999,38.019999,1391500,9.089778
2001-08-20,37.549998,38.749997,37.40,38.30,1190300,9.15672
2001-08-17,37.249999,37.95,37.150001,37.749999,1633300,9.025226
2001-08-16,37.349997,37.749999,37.099996,37.499998,1386500,8.965456
2001-08-15,37.72,37.959999,36.95,37.349997,2349700,8.929594
2001-08-14,38.899998,38.899998,37.599996,37.72,1354300,9.018054
2001-08-13,37.299997,39.499997,37.279998,38.799998,2257700,9.276259
2001-08-10,37.40,37.659999,36.549998,37.249999,2125700,8.905687
2001-08-09,37.299997,37.599996,36.68,37.199999,1462500,8.893733
2001-08-08,36.90,37.849998,36.209997,37.279998,2314900,8.912859
2001-08-07,36.86,37.99,36.249999,36.970001,1503800,8.838745
2001-08-06,37.019999,37.45,36.219999,36.609999,1480800,8.752676
2001-08-03,37.150001,37.499998,36.15,37.019999,2014900,8.850699
2001-08-02,35.749998,37.799997,34.909999,37.150001,7743800,8.88178
2001-08-01,34.999999,35.159998,32.999998,33.540001,6121400,8.018705
2001-07-31,34.70,36.259997,34.499999,36.109998,4038600,8.633137
2001-07-30,33.649999,34.749998,33.509997,34.52,1803000,8.253002
2001-07-27,33.849998,34.029998,33.229999,33.449998,2162300,7.997187
2001-07-26,33.889998,33.939998,31.499998,33.259998,3827400,7.951762
2001-07-25,33.199999,34.479998,33.199999,34.119998,1507300,8.15737
2001-07-24,34.249998,34.400001,32.769998,33.089998,3332600,7.911119
2001-07-23,35.029999,35.299998,34.299998,34.449999,1962200,8.236266
2001-07-20,35.349996,36.00,34.919998,35.039999,1481900,8.377323
2001-07-19,35.099998,35.939997,34.799998,35.249998,1834800,8.427529
2001-07-18,35.049997,35.049997,34.319999,34.689997,2252900,8.293645
2001-07-17,35.499999,36.549998,34.799998,35.299998,1927600,8.439483
2001-07-16,36.029997,36.959998,35.609998,35.749998,1287100,8.547069
2001-07-13,35.859999,36.90,35.499999,36.279998,1380600,8.67378
2001-07-12,34.549997,36.299999,34.449999,36.109998,1804700,8.633137
2001-07-11,34.259996,34.400001,33.540001,34.249998,2042400,8.18845
2001-07-10,34.20,34.499999,33.52,34.249998,2608400,8.18845
2001-07-09,33.109999,34.38,33.08,34.069998,2281400,8.145416
2001-07-06,34.130001,34.130001,32.999998,33.359998,2388700,7.97567
2001-07-05,34.349996,34.599997,33.759998,34.130001,1822200,8.159761
2001-07-03,35.049997,35.06,34.249998,34.259996,1582800,8.190841
2001-07-02,34.999999,35.849997,34.749998,35.419998,2871800,8.468172
2001-06-29,35.099998,35.209998,34.549997,34.599997,4148000,8.272128
2001-06-28,34.599997,35.249998,34.299998,34.909999,4331700,8.346243
2001-06-27,34.900001,34.900001,33.999999,34.499999,5165800,8.24822
2001-06-26,33.999999,34.729999,33.900001,34.499999,3461700,8.24822
2001-06-25,33.649999,35.099998,33.649999,34.70,4543100,8.296036
2001-06-22,34.749998,34.999999,33.149999,33.649999,6280900,8.045003
2001-06-21,35.849997,36.849997,34.70,34.999999,7762600,8.36776
2001-06-20,38.099999,38.489998,35.499999,35.839998,6101900,8.568586
2001-06-19,38.22,39.990001,38.22,38.729996,2658000,9.259523
2001-06-18,39.759996,40.089997,37.799997,38.22,2768800,9.137594
2001-06-15,40.049999,40.499997,39.599997,40.099995,3305600,9.587061
2001-06-14,42.00,42.00,39.119996,40.049999,3645400,9.575108
2001-06-13,42.740001,43.249997,42.00,42.219997,815800,10.093909
2001-06-12,43.00,43.349998,42.009998,42.990002,1551700,10.278
2001-06-11,42.779998,43.590001,42.099996,43.499998,1910700,10.39993
2001-06-08,43.00,43.299997,42.31,43.029995,1160600,10.287562
2001-06-07,43.249997,43.999996,42.509996,43.49,2614800,10.397539
2001-06-06,44.900001,45.73,43.249997,43.98,3281900,10.514688
2001-06-05,43.499998,45.999997,43.099996,45.149998,3446300,10.79441
2001-06-04,42.449998,43.689997,41.799999,43.499998,3102700,10.39993
2001-06-01,41.990002,42.449998,41.139998,42.400002,2039800,10.136944
2001-05-31,41.059998,42.00,41.00,41.990002,3431600,10.038921
2001-05-30,41.299997,42.13,40.779998,41.309999,4134200,9.876347
2001-05-29,41.380001,42.499998,40.799999,42.380001,3484000,10.132162
2001-05-25,42.249997,42.279996,40.799999,41.380001,1743000,9.893083
2001-05-24,41.869996,42.400002,41.089997,42.299997,3060200,10.113035
2001-05-23,41.849995,42.90,41.099996,41.869996,3597200,10.010231
2001-05-22,41.729998,42.499998,40.699998,41.849995,2177900,10.005449
2001-05-21,39.20,41.849995,38.830002,41.729998,3203300,9.97676
2001-05-18,38.880002,39.400001,37.999998,39.25,2231300,9.383845
2001-05-17,38.25,39.749998,38.060001,39.099995,3935400,9.347982
2001-05-16,35.749998,39.74,35.749998,39.159998,5182400,9.362327
2001-05-15,36.009998,37.479997,35.249998,36.599998,6740500,8.750286
2001-05-14,37.749999,37.819998,35.549997,37.599996,3651100,8.989364
2001-05-11,37.099996,38.99,36.81,38.58,3708800,9.223662
2001-05-10,38.40,38.999999,37.049998,37.58,2179800,8.984583
2001-05-09,37.349997,38.499996,36.77,38.189997,3027000,9.130421
2001-05-08,36.499998,38.019999,36.399999,37.879999,3267400,9.056307
2001-05-07,36.799997,37.089998,35.499999,36.199998,2502800,8.654654
2001-05-04,34.749998,37.099996,34.15,36.799997,4130700,8.798101
2001-05-03,36.069999,36.080001,34.949999,35.519998,2544800,8.49208
2001-05-02,35.88,36.999998,35.88,36.319998,2590800,8.683343
2001-05-01,35.009998,36.599998,34.900001,36.380001,2057900,8.697689
2001-04-30,35.599998,37.999998,35.499999,35.629999,3064300,8.518379
2001-04-27,35.099998,35.749998,34.859999,35.499999,1499000,8.487299
2001-04-26,34.990001,35.189997,33.52,34.900001,3971500,8.343852
2001-04-25,34.900001,35.249998,34.70,34.900001,2815300,8.343852
2001-04-24,34.249998,35.400001,33.689997,34.900001,3215200,8.343852
2001-04-23,35.490001,35.490001,33.499999,33.999999,4051400,8.128681
2001-04-20,37.499998,37.499998,35.70,35.839998,2518700,8.568586
2001-04-19,36.729998,37.879999,36.729998,37.499998,5101500,8.965456
2001-04-18,35.249998,37.749999,34.549997,36.72,3990400,8.778975
2001-04-17,33.330001,35.080001,32.749999,34.759996,1774300,8.31038
2001-04-16,33.179998,33.479998,32.799997,33.08,1562600,7.908728
2001-04-12,33.990001,34.299998,32.90,33.179998,2502800,7.932636
2001-04-11,34.65,34.900001,32.699999,33.990001,3079400,8.12629
2001-04-10,33.749998,34.599997,33.049999,33.959997,3288000,8.119117
2001-04-09,32.549998,33.979998,32.36,33.019999,1704500,7.894384
2001-04-06,32.279998,32.799997,31.799997,32.549998,2857800,7.782016
2001-04-05,31.029999,33.499999,30.78,32.279998,3198100,7.717465
2001-04-04,30.10,30.609998,28.989998,30.379998,4733200,7.263215
2001-04-03,32.069999,32.299997,30.02,30.11,4230600,7.198664
2001-04-02,31.999998,32.299997,31.749999,32.069999,3275700,7.667259
2001-03-30,32.049998,32.619997,31.509998,32.349997,1942800,7.7342
2001-03-29,31.87,32.199999,31.599998,31.969999,2601300,7.643351
2001-03-28,32.45,32.469999,31.499998,31.899997,2609600,7.626615
2001-03-27,32.40,32.499998,31.829998,32.499998,3630200,7.770062
2001-03-26,32.009996,32.599996,30.309999,32.319998,5017000,7.727028
2001-03-23,33.900001,33.900001,30.60,31.969999,4718500,7.643351
2001-03-22,30.649998,30.669999,29.499999,30.419998,6721300,7.272778
2001-03-21,32.599996,32.699999,30.619999,30.899999,5858500,7.387536
2001-03-20,33.25,33.990001,32.769998,32.999998,6208700,7.889602
2001-03-19,32.599996,34.06,31.249999,32.999998,16528900,7.889602
2001-03-16,54.599995,54.599995,31.999998,32.699999,34200600,7.817878
2001-03-15,54.999997,55.52,54.029995,54.099997,2742500,12.934165
2001-03-14,54.540001,54.999997,53.749999,54.269998,1465300,12.974809
2001-03-13,54.069997,55.249998,53.859998,55.039999,1895300,13.1589
2001-03-12,55.249998,55.259996,54.409996,54.499999,2283800,13.029797
2001-03-09,56.249998,56.299999,54.299998,55.499999,2637600,13.268876
2001-03-08,58.249999,58.359998,56.24,56.249998,1965600,13.448185
2001-03-07,57.749997,58.799997,57.179997,57.969999,1293800,13.859401
2001-03-06,58.339997,58.479999,57.650001,57.949998,1804200,13.854619
2001-03-05,58.199999,58.470001,56.70,57.339996,2272900,13.708781
2001-03-02,57.999998,59.949998,57.599996,57.949998,3618600,13.854619
2001-03-01,58.499996,59.999999,57.799997,59.689994,1628400,14.270615
2001-02-28,59.169996,59.849998,58.689994,59.709995,1541500,14.275397
2001-02-27,60.499997,60.56,58.459998,58.919994,1716400,14.086525
2001-02-26,60.389998,60.74,59.04,60.580001,1478900,14.483397
2001-02-23,61.400001,61.400001,59.139996,60.139997,2867800,14.378201
2001-02-22,62.36,62.369998,59.859996,61.400001,1977200,14.679442
2001-02-21,63.099996,63.330001,62.409995,62.659997,1716200,14.98068
2001-02-20,63.199997,63.729998,62.369998,63.330001,1393000,15.140864
2001-02-16,63.49,63.999996,62.299997,63.399997,1859700,15.157599
2001-02-15,63.249997,64.410001,62.979999,63.499998,1903400,15.181507
2001-02-14,62.099996,64.499998,62.009998,63.249997,2214500,15.121737
2001-02-13,63.469999,64.399998,62.00,62.499998,1683600,14.942428
2001-02-12,62.499998,64.949996,62.039997,64.349998,2133800,15.384724
2001-02-09,61.899999,63.749999,61.799999,63.389995,2840000,15.155207
2001-02-08,60.189997,62.649998,60.189997,62.239998,2822200,14.880267
2001-02-07,58.099998,59.999999,58.099998,59.899998,3621400,14.320823
2001-02-06,57.349995,60.649997,57.349995,59.059997,8112300,14.119996
2001-02-05,61.679997,61.689995,57.999998,59.40,4391500,14.201284
2001-02-02,64.239994,64.239994,61.009997,62.259995,2498100,14.885048
2001-02-01,64.599994,64.999996,62.90,63.989998,2194300,15.298655
2001-01-31,66.249998,66.660003,63.999996,64.599994,3543600,15.444492
2001-01-30,63.599994,66.709999,63.119997,66.260001,3026800,15.841365
2001-01-29,61.749998,63.649999,61.74,63.349997,1248000,15.145645
2001-01-26,59.999999,62.999996,59.999999,62.499998,2040100,14.942428
2001-01-25,60.937498,60.937498,58.999998,60.062496,2216600,14.359673
2001-01-24,60.812499,62.062497,60.249995,60.687496,1701000,14.509097
2001-01-23,59.124997,61.062496,58.249999,60.4375,2489500,14.449328
2001-01-22,59.312496,60.249995,58.937497,59.562498,2285200,14.240134
2001-01-19,60.124997,60.374998,58.124996,60.187499,3881500,14.389558
2001-01-18,56.937496,59.124997,56.187497,58.249999,3425900,13.926343
2001-01-17,57.312496,58.312496,56.062498,56.937496,3193600,13.612551
2001-01-16,56.999997,57.624998,56.749996,57.062499,3292800,13.642437
2001-01-12,55.374996,58.249999,55.187496,56.687499,4548800,13.552782
2001-01-11,54.249997,55.749996,53.312498,55.124999,3660400,13.179222
2001-01-10,53.375,56.249998,51.625,55.249998,6510800,13.209106
2001-01-09,54.999997,55.999997,51.562499,53.312498,9490800,12.745891
2001-01-08,57.624998,58.374997,55.562496,55.937496,3384400,13.373472
2001-01-05,60.062496,60.062496,57.124996,57.562497,2738200,13.761976
2001-01-04,62.749999,63.687498,58.624999,60.124997,3779700,14.374615
2001-01-03,59.749998,63.437497,58.999998,62.749999,3507500,15.002198
2001-01-02,58.874995,60.499997,58.249999,59.499996,2179400,14.225191
2000-12-29,61.062496,62.874997,58.249999,60.124997,2572300,14.374615
2000-12-28,62.00,62.249996,59.749998,60.625,3477400,14.494155
2000-12-27,60.749998,63.999996,60.687496,63.749999,1827400,15.241277
2000-12-26,61.437496,61.874997,60.562498,61.499997,2015200,14.703349
2000-12-22,62.812496,62.874997,60.499997,61.499997,2499500,14.703349
2000-12-21,63.749999,63.874998,61.687497,62.749999,3225600,15.002198
2000-12-20,68.374997,68.374997,65.437497,66.187497,3081800,15.824031
2000-12-19,70.249995,70.312497,69.374998,69.687496,1385100,16.660806
2000-12-18,70.062495,71.562498,68.062499,70.312497,1735100,16.810231
2000-12-15,70.374998,70.999999,67.499995,69.999999,3158000,16.735519
2000-12-14,69.749997,71.874997,67.6875,70.937498,1807500,16.959655
2000-12-13,73.687498,73.749999,68.187497,69.749997,3046200,16.675749
2000-12-12,73.062497,74.437497,72.187499,73.937499,786900,17.676892
2000-12-11,74.062497,74.124999,72.312498,73.187495,818400,17.497582
2000-12-08,73.437496,74.187496,72.312498,74.124999,875900,17.72172
2000-12-07,74.499998,74.749995,72.562499,73.249997,1139500,17.512525
2000-12-06,73.812496,74.687498,72.187499,74.499998,1136900,17.811374
2000-12-05,70.374998,74.624997,70.374998,73.812496,1296800,17.647007
2000-12-04,70.499996,70.749998,69.187498,69.499996,809700,16.615979
2000-12-01,68.187497,71.812495,67.499995,70.999999,2087500,16.974598
2000-11-30,67.499995,68.312496,65.249998,68.187497,2801600,16.302189
2000-11-29,69.812499,70.624999,66.562496,67.499995,2539800,16.137821
2000-11-28,74.374995,74.812496,69.499996,69.687496,2301600,16.660806
2000-11-27,74.687498,74.937499,72.999995,74.062497,843800,17.706777
2000-11-24,73.749999,74.749995,73.124998,74.437497,454200,17.796431
2000-11-22,72.562499,74.124999,72.187499,73.937499,1160900,17.676892
2000-11-21,74.062497,74.687498,72.812496,72.999995,2060200,17.452755
2000-11-20,72.749999,74.937499,72.749999,74.062497,1616000,17.706777
2000-11-17,71.874997,73.374995,71.812495,72.499997,1198600,17.333216
2000-11-16,73.499998,73.499998,71.499997,72.124998,1144500,17.243562
2000-11-15,72.374999,73.624996,71.374999,73.624996,1247700,17.60218
2000-11-14,68.874995,73.312498,68.874995,72.937498,1639500,17.437813
2000-11-13,69.499996,69.749997,68.499996,68.937497,1445900,16.481498
2000-11-10,70.437495,71.124997,69.624999,69.999999,1312000,16.735519
2000-11-09,70.749998,70.812499,69.249999,70.249995,1283300,16.795288
2000-11-08,72.687497,72.749999,70.562498,71.312497,1581400,17.04931
2000-11-07,69.374998,72.999995,69.124996,72.749999,2448700,17.392986
2000-11-06,71.124997,71.812495,68.687495,70.187498,2732500,16.780347
2000-11-03,65.499999,73.937499,64.062497,69.999999,7391400,16.735519
2000-11-02,62.624996,66.749996,61.437496,65.937495,3545000,15.764261
2000-11-01,62.937499,63.375,61.187499,62.812496,3210400,15.017139
2000-10-31,63.937499,63.937499,62.00,62.999996,3129300,15.061967
2000-10-30,64.624997,64.624997,62.687497,63.937499,2499500,15.286104
2000-10-27,66.374996,66.374996,63.249997,64.874998,2346700,15.51024
2000-10-26,68.624999,69.374998,66.624998,67.624998,1387000,16.167707
2000-10-25,65.999997,69.562498,64.874998,68.624999,1714300,16.406786
2000-10-24,67.437498,68.437499,66.562496,66.812497,1549600,15.973455
2000-10-23,65.999997,67.499995,65.718747,66.437498,1318200,15.883801
2000-10-20,63.999996,65.999997,63.249997,65.999997,1960300,15.779203
2000-10-19,62.499998,64.312499,62.374999,64.124999,2400500,15.330931
2000-10-18,66.187497,66.187497,61.187499,62.00,3504200,14.822889
2000-10-17,67.562497,68.187497,65.374996,66.624998,1210700,15.928628
2000-10-16,67.999998,67.999998,66.374996,67.812498,996700,16.212534
2000-10-13,65.999997,68.562497,65.499999,67.999998,2385100,16.257361
2000-10-12,68.187497,69.187498,64.312499,65.437497,1818000,15.644722
2000-10-11,69.124996,70.562498,66.687499,68.124996,2638500,16.287246
2000-10-10,70.249995,70.874996,67.6875,69.999999,1543200,16.735519
2000-10-09,70.874996,70.874996,67.812498,70.249995,4327200,16.795288
2000-10-06,71.562498,77.375001,71.499997,77.062498,3000200,18.424014
2000-10-05,70.249995,74.249997,70.187498,71.749998,1434000,17.153907
2000-10-04,69.749997,71.249996,69.124996,70.499996,2458000,16.855058
2000-10-03,73.874997,73.874997,70.937498,70.999999,1838600,16.974598
2000-10-02,74.499998,75.124999,72.749999,73.874997,1263900,17.66195
2000-09-29,74.999996,75.999997,73.812496,74.249997,2755100,17.751604
2000-09-28,76.437493,76.749996,75.437497,76.687499,1226800,18.334359
2000-09-27,75.687498,76.187496,74.249997,76.187496,1044600,18.214819
2000-09-26,77.499995,77.499995,75.124999,75.874998,1214000,18.140107
2000-09-25,74.687498,78.875,74.499998,77.437498,2193600,18.513668
2000-09-22,72.499997,74.937499,71.999999,74.687498,2283800,17.856201
2000-09-21,77.874995,77.874995,74.499998,74.999996,1665800,17.930913
2000-09-20,77.562501,78.624994,76.499999,77.999997,1363100,18.64815
2000-09-19,77.562501,77.874995,76.687499,77.499995,1382000,18.52861
2000-09-18,79.874995,79.937492,76.562496,77.499995,1235900,18.52861
2000-09-15,77.999997,81.4375,76.874999,79.874995,2495000,19.096422
2000-09-14,77.375001,78.749997,77.312495,77.937501,1702200,18.633208
2000-09-13,77.687495,78.249994,76.687499,77.624998,1575200,18.558495
2000-09-12,76.124999,77.999997,74.812496,77.937501,2508500,18.633208
2000-09-11,78.125,78.125,74.312498,74.874998,2571900,17.901029
2000-09-08,78.249994,78.749997,77.624998,77.874995,1170400,18.618264
2000-09-07,77.874995,78.749997,75.812497,78.50,1117900,18.76769
2000-09-06,75.374996,78.249994,74.749995,77.937501,1324600,18.633208
2000-09-05,75.9375,75.9375,74.499998,75.374996,682200,18.020567
2000-09-01,79.124996,79.437499,75.249997,75.874998,1498300,18.140107
2000-08-31,77.187501,79.312496,77.187501,79.062499,2449600,18.902172
2000-08-30,74.999996,76.624993,74.374995,76.187496,920700,18.214819
2000-08-29,75.249997,75.687498,74.124999,74.999996,1320100,17.930913
2000-08-28,75.749995,75.999997,75.062498,75.062498,1158700,17.945856
2000-08-25,77.187501,77.312495,75.187496,75.562496,1410000,18.065395
2000-08-24,76.187496,79.749993,76.124999,77.937501,1962900,18.633208
2000-08-23,73.249997,74.999996,72.937498,74.187496,1435000,17.736661
2000-08-22,74.062497,74.812496,72.999995,72.999995,2119300,17.452755
2000-08-21,76.062494,76.187496,72.812496,74.062497,1144700,17.706777
2000-08-18,76.374996,77.124995,75.499999,75.999997,1328200,18.169992
2000-08-17,77.187501,77.812498,76.374996,76.624993,1508300,18.319415
2000-08-16,77.499995,79.499996,76.249993,76.749996,1903600,18.349301
2000-08-15,76.624993,78.249994,76.187496,77.375001,1323700,18.498726
2000-08-14,75.562496,77.249998,74.812496,76.874999,1253200,18.379186
2000-08-11,74.187496,75.874998,73.624996,75.562496,1426400,18.065395
2000-08-10,73.312498,74.937499,72.937498,74.124999,2791100,17.72172
2000-08-09,72.374999,73.437496,72.062496,73.374995,1760300,17.54241
2000-08-08,72.687497,72.687497,70.999999,72.312498,1780700,17.288389
2000-08-07,72.687497,73.499998,71.937498,72.874997,1253400,17.422871
2000-08-04,73.999996,73.999996,71.624995,72.624996,2081100,17.363101
2000-08-03,70.937498,71.999999,69.249999,71.562498,1957300,17.10908
2000-08-02,67.812498,71.562498,67.124996,70.687496,3815500,16.899885
2000-08-01,61.624995,68.124996,60.374998,67.812498,6485900,16.212534
2000-07-31,62.624996,62.874997,61.687497,61.874997,2594600,14.793003
2000-07-28,63.562499,63.562499,61.249996,62.343746,2414800,14.905071
2000-07-27,64.812497,64.812497,61.562499,62.874997,2399100,15.032082
2000-07-26,66.937496,66.937496,63.937499,64.312499,3179800,15.375758
2000-07-25,64.687498,67.312495,64.687498,66.749996,1499500,15.958512
2000-07-24,64.812497,65.062498,63.437497,64.499998,2612200,15.420586
2000-07-21,67.374997,67.624998,64.624997,64.937499,1898400,15.525183
2000-07-20,67.562497,69.562498,67.312495,67.374997,1924300,16.107937
2000-07-19,68.187497,68.187497,66.062498,67.499995,1670600,16.137821
2000-07-18,69.187498,69.187498,65.749996,67.937496,4138300,16.242419
2000-07-17,72.124998,72.187499,68.937497,69.249999,2674400,16.55621
2000-07-14,72.312498,72.812496,71.124997,71.874997,1113900,17.183792
2000-07-13,72.687497,73.374995,71.249996,72.937498,1663500,17.437813
2000-07-12,70.312497,73.812496,70.312497,72.687497,2186000,17.378043
2000-07-11,68.187497,70.749998,67.999998,70.499996,1565200,16.855058
2000-07-10,69.499996,69.499996,67.874999,68.562497,1491400,16.391843
2000-07-07,70.999999,71.437495,68.249999,69.499996,3288000,16.615979
2000-07-06,69.437499,71.124997,68.874995,70.374998,2560700,16.825174
2000-07-05,71.999999,72.499997,67.999998,69.249999,4499000,16.55621
2000-07-03,74.624997,74.874998,73.374995,73.499998,547500,17.572295
2000-06-30,71.937498,75.312499,71.874997,74.687498,2048600,17.856201
2000-06-29,72.749999,72.749999,71.374999,72.187499,1710200,17.258504
2000-06-28,72.999995,73.999996,71.499997,73.062497,2559000,17.467698
2000-06-27,74.749995,74.749995,72.749999,73.062497,1868300,17.467698
2000-06-26,74.687498,75.249997,73.812496,74.999996,2625700,17.930913
2000-06-23,75.062498,75.874998,73.499998,74.687498,2395100,17.856201
2000-06-22,74.812496,76.437493,74.499998,75.062498,3095800,17.945856
2000-06-21,72.499997,76.624993,69.499996,74.749995,12717400,17.871143
2000-06-20,82.249996,83.749994,70.499996,70.999999,16810300,16.974598
2000-06-19,85.124999,85.874998,82.624996,83.374995,3786800,19.933198
2000-06-16,86.499994,87.437493,84.624996,84.718751,2676700,20.254462
2000-06-15,88.624998,89.437494,86.999997,87.749996,2044300,20.979168
2000-06-14,86.000001,89.374997,86.000001,88.187493,2356900,21.083764
2000-06-13,86.499994,87.249994,84.1875,85.687498,3387200,20.486069
2000-06-12,89.187497,90.437499,85.374996,86.000001,3230100,20.560781
2000-06-09,90.187493,92.499997,88.750001,89.125001,4575100,21.307903
2000-06-08,97.499995,98.3125,92.687497,95.312494,3349000,22.787202
2000-06-07,94.062492,96.249993,92.4375,94.874997,1668700,22.682605
2000-06-06,92.625,95.812496,92.625,95.00,1619800,22.712491
2000-06-05,91.499992,95.1875,90.874996,92.562494,1713100,22.129735
2000-06-02,93.937498,94.437492,89.3125,91.124992,2361800,21.786059
2000-06-01,96.437493,98.062494,90.187493,92.0625,2695000,22.010197
2000-05-31,96.499999,99.874995,95.749999,95.812496,2529600,22.906742
2000-05-30,90.874996,97.374992,90.562493,96.562496,2291400,23.086051
2000-05-26,92.4375,93.187499,88.624998,89.875,1248700,21.487212
2000-05-25,94.562495,94.625001,91.749998,92.374994,3585100,22.084908
2000-05-24,88.624998,96.374996,88.624998,95.00,4486200,22.712491
2000-05-23,85.124999,90.687496,85.124999,88.562492,2072800,21.173419
2000-05-22,86.312495,86.687494,84.499993,85.937495,1879700,20.545838
2000-05-19,86.249998,86.624997,85.062493,86.187501,1118900,20.605609
2000-05-18,87.687499,89.374997,87.125,87.999993,2352800,21.038937
2000-05-17,85.874998,86.9375,84.999996,86.812497,964600,20.755032
2000-05-16,89.749997,89.937497,86.5625,87.125,1145900,20.829745
2000-05-15,86.437497,89.937497,85.562495,88.499995,1652300,21.158477
2000-05-12,84.124994,87.3125,84.00,86.437497,2142600,20.665378
2000-05-11,81.4375,83.687497,81.124997,83.250001,1103900,19.903315
2000-05-10,82.562499,83.437501,80.812494,81.187494,2350900,19.410213
2000-05-09,82.999995,84.937499,81.625,82.562499,3596500,19.738947
2000-05-08,79.437499,80.812494,77.812498,80.500001,1641600,19.245848
2000-05-05,78.812494,80.562498,78.437494,79.374993,1782400,18.976882
2000-05-04,79.187493,79.937492,78.249994,78.937496,1051500,18.872286
2000-05-03,80.999994,80.999994,78.3125,78.937496,1235600,18.872286
2000-05-02,81.187494,82.812495,80.500001,81.749993,1450600,19.544695
2000-05-01,82.062496,83.749994,80.374998,81.4375,1292800,19.469984
2000-04-28,84.062497,84.812496,80.374998,81.562494,1285900,19.499867
2000-04-27,81.187494,84.124994,81.187494,84.124994,1642800,20.112507
2000-04-26,82.999995,82.999995,81.187494,81.812499,1136000,19.559638
2000-04-25,78.187497,83.937494,78.187497,83.250001,1813000,19.903315
2000-04-24,80.500001,80.500001,77.062498,78.374997,1460100,18.737804
2000-04-20,77.750001,80.937497,77.750001,80.875,1694600,19.335502
2000-04-19,77.937501,78.812494,76.437493,77.499995,1435200,18.52861
2000-04-18,75.499999,80.937497,75.187496,77.937501,1323200,18.633208
2000-04-17,73.312498,76.874999,72.124998,75.499999,2120500,18.050453
2000-04-14,76.499999,77.124995,72.499997,76.062494,2655400,18.184934
2000-04-13,76.499999,79.812499,76.187496,77.499995,1371100,18.52861
2000-04-12,77.499995,78.6875,75.9375,76.499999,1513700,18.289532
2000-04-11,77.937501,78.374997,76.687499,76.687499,1239400,18.334359
2000-04-10,80.437495,80.437495,77.187501,77.999997,2379200,18.64815
2000-04-07,84.562499,84.562499,78.999993,81.687497,2592700,19.529753
2000-04-06,84.249997,85.937495,82.374999,84.375,2504200,20.172278
2000-04-05,79.749993,85.499998,79.562493,84.375,2958400,20.172278
2000-04-04,79.062499,79.999998,76.374996,79.999998,2810100,19.126308
2000-04-03,78.812494,79.312496,76.687499,79.312496,1226100,18.96194
2000-03-31,76.437493,79.124996,75.187496,79.124996,2436400,18.917113
2000-03-30,77.437498,77.874995,74.374995,76.187496,1548100,18.214819
2000-03-29,77.750001,79.124996,74.687498,76.624993,1341500,18.319415
2000-03-28,79.812499,80.249995,77.312495,77.937501,1073100,18.633208
2000-03-27,80.687501,81.687497,79.499996,79.999998,1128100,19.126308
2000-03-24,78.812494,81.812499,78.187497,80.687501,1612000,19.290675
2000-03-23,77.999997,78.812494,76.999993,78.812494,1529600,18.8424
2000-03-22,76.437493,80.312501,76.374996,78.999993,1952700,18.887228
2000-03-21,72.187499,75.562496,72.124998,75.562496,3284200,18.065395
2000-03-20,73.249997,74.749995,71.999999,72.187499,2549800,17.258504
2000-03-17,73.999996,73.999996,72.374999,73.249997,3596800,17.512525
2000-03-16,76.999993,77.562501,74.999996,75.562496,3051900,18.065395
2000-03-15,78.812494,78.812494,75.124999,76.812493,1883200,18.364243
2000-03-14,79.999998,81.562494,77.937501,79.062499,1975800,18.902172
2000-03-13,80.687501,80.687501,77.812498,79.749993,1644700,19.066537
2000-03-10,79.562493,81.312497,77.249998,80.687501,1357800,19.290675
2000-03-09,77.187501,80.999994,76.812493,79.812499,2250800,19.081481
2000-03-08,76.749996,77.312495,75.9375,77.187501,2106000,18.453899
2000-03-07,76.937496,78.125,76.312499,77.499995,2291600,18.52861
2000-03-06,76.937496,77.249998,75.374996,76.687499,1699500,18.334359
2000-03-03,76.749996,78.749997,75.812497,76.874999,2029600,18.379186
2000-03-02,75.562496,76.624993,74.062497,75.749995,2523000,18.110222
2000-03-01,77.812498,77.874995,74.937499,74.999996,2352400,17.930913
2000-02-29,76.187496,78.875,75.9375,78.812494,2617200,18.8424
2000-02-28,78.437494,78.437494,74.937499,75.687498,2066400,18.09528
2000-02-25,79.749993,80.125001,77.499995,78.249994,1669400,18.707919
2000-02-24,80.937497,80.937497,78.3125,79.937492,2626700,19.111364
2000-02-23,79.999998,81.25,79.999998,80.937497,1170600,19.350444
2000-02-22,80.374998,81.312497,80.125001,80.749998,1351900,19.305617
2000-02-18,81.312497,81.312497,79.812499,80.125001,1712600,19.156193
2000-02-17,81.749993,81.749993,79.999998,80.187498,1872500,19.171135
2000-02-16,83.562494,83.625,80.312501,81.749993,2477200,19.544695
2000-02-15,84.312494,85.062493,82.249996,83.8125,1053600,20.037796
2000-02-14,84.00,85.312499,83.749994,84.375,1082300,20.172278
2000-02-11,86.812497,86.812497,82.624996,83.8125,1517500,20.037796
2000-02-10,87.687499,87.874999,85.937495,87.062494,1436400,20.814801
2000-02-09,87.999993,89.437494,87.374996,87.499999,1565900,20.919399
2000-02-08,90.0625,90.874996,88.937501,89.6875,1455400,21.442385
2000-02-07,92.312497,92.937493,89.937497,89.999994,1773600,21.517095
2000-02-04,89.812494,92.374994,89.6875,92.0625,1452800,22.010197
2000-02-03,87.187497,89.937497,87.125,88.124996,1800900,21.068823
2000-02-02,89.249994,89.3125,85.437492,85.937495,2315100,20.545838
2000-02-01,90.499996,91.687501,88.937501,89.187497,4026300,21.322845
2000-01-31,88.499995,91.875001,87.749996,91.875001,2517300,21.96537
2000-01-28,89.437494,89.937497,88.562492,89.249994,1519900,21.337786
2000-01-27,87.937496,90.812499,87.874999,89.562497,2164200,21.412499
2000-01-26,88.750001,90.937493,87.187497,87.937496,2039400,21.023996
2000-01-25,88.937501,88.937501,86.187501,88.750001,1481000,21.218248
2000-01-24,89.374997,91.312492,88.624998,89.125001,1285200,21.307903
2000-01-21,88.999998,91.437495,88.499995,89.3125,2293700,21.35273
2000-01-20,91.062495,91.624995,84.124994,87.499999,3327900,20.919399
2000-01-19,90.437499,91.812495,89.812494,90.812499,1551700,21.711348
2000-01-18,92.374994,93.812496,91.312492,91.312492,1054800,21.830886
2000-01-14,92.187494,94.937494,92.124997,93.249996,2024200,22.294102
2000-01-13,90.437499,91.937498,89.937497,91.937498,1225400,21.980311
2000-01-12,89.999994,90.312496,87.374996,90.187493,1425900,21.561922
2000-01-11,92.999999,93.749999,89.249994,90.187493,1975800,21.561922
2000-01-10,87.3125,92.625,87.3125,91.999994,2322900,21.995253
2000-01-07,87.937496,87.937496,84.999996,87.187497,2620300,20.844687
2000-01-06,86.624997,88.999998,85.124999,87.374996,3367800,20.889514
2000-01-05,77.249998,87.125,77.249998,86.124995,10278400,20.590665
2000-01-04,91.562498,94.249992,90.374993,92.625,4108100,22.144679
2000-01-03,94.374995,94.437492,88.999998,93.249996,2817000,22.294102
1999-12-31,90.687496,94.625001,90.312496,94.625001,798500,22.622837
1999-12-30,88.374992,91.999994,88.374992,90.687496,1075700,21.681462
1999-12-29,87.249994,88.499995,86.687494,88.124996,453200,21.068823
1999-12-28,87.125,87.937496,85.624992,86.999997,1380100,20.799859
1999-12-27,87.437493,88.062499,85.062493,87.125,1313000,20.829745
1999-12-23,86.249998,89.125001,86.249998,88.187493,1725600,21.083764
1999-12-22,83.625,87.562496,82.999995,86.249998,1647300,20.62055
1999-12-21,82.937498,84.749999,81.999999,83.687497,1999000,20.007911
1999-12-20,84.00,85.687498,82.374999,83.953118,1909600,20.071415
1999-12-17,86.375001,86.624997,83.749994,83.874997,3175300,20.052738
1999-12-16,86.75,87.125,84.624996,85.499998,3805300,20.441241
1999-12-15,81.124997,84.937499,79.937492,84.812496,2830500,20.276874
1999-12-14,78.999993,82.999995,78.999993,81.124997,4882700,19.395271
1999-12-13,76.999993,77.999997,75.562496,76.515614,2296100,18.293265
1999-12-10,73.749999,76.499999,73.749999,75.999997,2179600,18.169992
1999-12-09,74.999996,74.999996,71.124997,71.999999,1666300,17.213677
1999-12-08,72.187499,75.249997,72.062496,74.124999,2504000,17.72172
1999-12-07,71.437495,72.562499,70.624999,71.937498,1823200,17.198734
1999-12-06,70.312497,71.312497,69.499996,71.187499,1547400,17.019425
1999-12-03,69.999999,71.687497,69.874996,70.374998,3391300,16.825174
1999-12-02,66.937496,67.374997,66.437498,66.734381,1656100,15.954779
1999-12-01,64.999996,66.687499,64.937499,66.187497,1389200,15.824031
1999-11-30,65.499999,65.937495,64.999996,65.249998,2140000,15.599895
1999-11-29,65.249998,65.999997,64.874998,65.624997,2336500,15.689549
1999-11-26,64.499998,65.937495,64.437497,65.249998,746300,15.599895
1999-11-24,61.249996,65.562496,61.249996,64.499998,2304900,15.420586
1999-11-23,63.749999,63.812496,61.187499,61.437496,2137400,14.688406
1999-11-22,64.124999,64.999996,63.624996,63.624996,2324800,15.211391
1999-11-19,64.812497,64.812497,62.749999,62.999996,2013300,15.061967
1999-11-18,62.874997,65.499999,62.812496,65.312499,1540600,15.614837
1999-11-17,61.8125,64.312499,59.999999,62.124998,2727800,14.852773
1999-11-16,62.562499,64.562495,60.999999,62.00,3276900,14.822889
1999-11-15,63.437497,64.687498,63.437497,63.562499,2702400,15.196449
1999-11-12,63.874998,63.874998,62.999996,63.624996,3372000,15.211391
1999-11-11,64.75,64.937499,62.562499,63.874998,2035600,15.271161
1999-11-10,65.624997,66.624998,64.874998,64.999996,1845000,15.540125
1999-11-09,67.249998,67.249998,64.999996,65.624997,1259400,15.689549
1999-11-08,66.749996,67.874999,65.874998,67.124996,798500,16.048167
1999-11-05,65.999997,67.187497,65.999997,66.999997,1350200,16.018282
1999-11-04,65.999997,66.812497,64.75,65.124999,1144700,15.57001
1999-11-03,65.437497,66.687499,65.437497,65.999997,1508000,15.779203
1999-11-02,67.749996,67.749996,66.312499,66.687499,1914100,15.943571
1999-11-01,68.749997,69.562498,67.499995,67.749996,1411900,16.197591
1999-10-29,66.999997,69.437499,66.999997,68.624999,2360200,16.406786
1999-10-28,65.562496,67.499995,64.687498,66.749996,1601100,15.958512
1999-10-27,64.374996,65.562496,62.812496,65.562496,2505200,15.674606
1999-10-26,60.187499,64.999996,59.312496,64.374996,4314600,15.3907
1999-10-25,58.999998,60.999999,57.937496,60.187499,2245300,14.389558
1999-10-22,60.249995,60.562498,59.312496,59.499996,2116700,14.225191
1999-10-21,60.874996,60.874996,59.0625,59.499996,3316300,14.225191
1999-10-20,60.124997,62.499998,60.062496,62.499998,1475300,14.942428
1999-10-19,61.374999,61.374999,59.749998,60.312497,1894400,14.419443
1999-10-18,61.437496,61.437496,59.0625,59.937497,1224900,14.329788
1999-10-15,59.749998,61.937498,57.999998,60.625,2726300,14.494155
1999-10-14,62.499998,62.937499,59.749998,59.937497,4352300,14.329788
1999-10-13,65.624997,65.749996,63.749999,64.249997,2892000,15.360816
1999-10-12,66.624998,66.624998,65.062498,65.874998,2214200,15.749319
1999-10-11,65.749996,66.749996,65.749996,66.624998,1476200,15.928628
1999-10-08,64.624997,65.937495,63.937499,65.499999,1473200,15.659665
1999-10-07,64.75,66.687499,64.312499,65.187496,2346400,15.584952
1999-10-06,62.499998,65.749996,62.312498,64.75,4795400,15.480356
1999-10-05,61.874997,63.562499,59.0625,60.562498,9194700,14.479213
1999-10-04,69.687496,70.499996,68.249999,68.749997,1680100,16.43667
1999-10-01,69.999999,69.999999,67.187497,69.624999,1622400,16.645865
1999-09-30,69.312496,70.312497,68.312496,70.312497,2157500,16.810231
1999-09-29,68.749997,69.437499,67.874999,68.687495,1993600,16.421728
1999-09-28,66.124995,67.999998,65.062498,67.999998,1708800,16.257361
1999-09-27,64.124999,66.999997,64.062497,66.062498,2282800,15.794146
1999-09-24,64.999996,65.437497,63.624996,64.124999,2056900,15.330931
1999-09-23,67.124996,67.749996,64.874998,65.374996,2428300,15.629779
1999-09-22,64.937499,65.499999,62.687497,65.374996,1997800,15.629779
1999-09-21,65.374996,65.749996,63.437497,64.312499,2025600,15.375758
1999-09-20,64.249997,65.687499,63.687498,65.187496,1512600,15.584952
1999-09-17,64.187496,64.437497,63.749999,64.312499,2025800,15.375758
1999-09-16,63.499998,64.687498,62.249996,63.687498,1816300,15.226334
1999-09-15,63.499998,63.874998,62.937499,63.499998,2134800,15.181507
1999-09-14,62.499998,63.812496,62.499998,62.999996,3976000,15.061967
1999-09-13,65.187496,65.312499,61.874997,62.062497,3415700,14.83783
1999-09-10,67.437498,67.562497,64.874998,65.187496,2036300,15.584952
1999-09-09,67.812498,68.312496,66.937496,68.187497,1012300,16.302189
1999-09-08,68.437499,68.437499,66.624998,67.374997,1141700,16.107937
1999-09-07,69.624999,70.312497,68.374997,68.687495,1455100,16.421728
1999-09-03,67.249998,69.374998,67.187497,69.374998,1143300,16.586095
1999-09-02,67.124996,67.187497,65.999997,66.374996,1301400,15.868858
1999-09-01,69.187498,69.187498,67.6875,68.124996,1529400,16.287246
1999-08-31,67.749996,69.187498,66.749996,69.187498,2153500,16.541268
1999-08-30,66.374996,67.937496,66.249998,66.499999,1194800,15.898743
1999-08-27,64.499998,67.499995,64.437497,66.374996,2024900,15.868858
1999-08-26,63.749999,64.812497,63.749999,64.249997,1525800,15.360816
1999-08-25,63.687498,64.312499,63.562499,63.749999,1271700,15.241277
1999-08-24,64.124999,64.374996,63.124998,63.437497,1328900,15.166564
1999-08-23,63.937499,64.624997,63.874998,64.187496,1105100,15.345873
1999-08-20,64.062497,64.999996,63.437497,63.499998,1132600,15.181507
1999-08-19,65.187496,65.187496,63.874998,64.062497,885600,15.315988
1999-08-18,65.812497,65.812497,63.749999,65.124999,1832400,15.57001
1999-08-17,66.249998,67.124996,65.562496,65.624997,864000,15.689549
1999-08-16,65.749996,66.812497,65.624997,66.062498,955600,15.794146
1999-08-13,64.999996,66.374996,64.999996,65.687499,750100,15.704492
1999-08-12,63.999996,65.437497,63.874998,64.687498,1373000,15.465413
1999-08-11,64.75,65.124999,63.249997,63.874998,1665400,15.271161
1999-08-10,65.562496,65.687499,63.749999,64.437497,1147300,15.405643
1999-08-09,65.749996,66.437498,64.562495,65.812497,889200,15.734376
1999-08-06,66.812497,66.812497,65.062498,65.937495,1705000,15.764261
1999-08-05,65.062498,67.812498,63.999996,67.499995,1490200,16.137821
1999-08-04,64.999996,66.749996,64.812497,65.187496,1603400,15.584952
1999-08-03,65.562496,66.312499,64.062497,64.187496,1199600,15.345873
1999-08-02,64.062497,66.374996,63.624996,65.562496,1600100,15.674606
1999-07-30,64.999996,65.249998,64.062497,64.374996,1634300,15.3907
1999-07-29,64.687498,65.437497,64.249997,65.062498,1594200,15.555067
1999-07-28,66.187497,67.249998,64.999996,65.124999,2446600,15.57001
1999-07-27,67.437498,67.437498,63.812496,64.874998,2737300,15.51024
1999-07-26,69.562498,69.874996,67.312495,67.312495,921400,16.092994
1999-07-23,69.937497,69.937497,69.187498,69.437499,590600,16.601038
1999-07-22,69.249999,69.937497,67.062499,69.937497,1477000,16.720577
1999-07-21,69.999999,70.249995,69.187498,69.374998,741300,16.586095
1999-07-20,71.999999,72.187499,69.312496,70.249995,1991200,16.795288
1999-07-19,72.374999,72.374999,71.749998,72.062496,847900,17.228619
1999-07-16,73.437496,73.437496,71.874997,72.374999,1482200,17.303332
1999-07-15,70.812499,73.999996,70.562498,73.562499,2357100,17.587238
1999-07-14,69.124996,70.937498,68.749997,70.687496,1202400,16.899885
1999-07-13,68.687495,69.187498,68.312496,68.874995,500900,16.466555
1999-07-12,69.124996,69.437499,67.937496,69.249999,719000,16.55621
1999-07-09,70.249995,70.312497,68.687495,69.062495,997800,16.511382
1999-07-08,69.937497,70.499996,69.562498,70.249995,887500,16.795288
1999-07-07,68.937497,70.499996,68.562497,70.312497,1210500,16.810231
1999-07-06,69.187498,70.437495,68.249999,69.999999,1735400,16.735519
1999-07-02,69.687496,69.687496,68.562497,69.437499,792600,16.601038
1999-07-01,69.187498,69.562498,68.312496,69.437499,1001400,16.601038
1999-06-30,68.624999,69.874996,67.499995,69.187498,2057200,16.541268
1999-06-29,66.187497,68.812498,65.812497,68.624999,2603400,16.406786
1999-06-28,63.937499,64.937499,63.937499,64.312499,1124300,15.375758
1999-06-25,63.687498,64.499998,62.874997,63.562499,1243700,15.196449
1999-06-24,65.312499,65.374996,62.874997,63.874998,1472200,15.271161
1999-06-23,64.999996,66.249998,63.999996,66.249998,1264800,15.838973
1999-06-22,65.687499,65.687499,64.75,64.874998,903200,15.51024
1999-06-21,66.624998,66.624998,64.249997,65.624997,1719200,15.689549
1999-06-18,66.937496,66.999997,66.437498,66.812497,1315800,15.973455
1999-06-17,65.249998,67.187497,64.999996,66.874999,1004300,15.988398
1999-06-16,64.374996,66.249998,64.187496,65.499999,1329600,15.659665
1999-06-15,63.249997,64.187496,62.624996,63.124998,1512800,15.091852
1999-06-14,62.687497,63.499998,62.124998,62.874997,1630700,15.032082
1999-06-11,62.499998,62.999996,61.8125,62.749999,1334300,15.002198
1999-06-10,64.312499,64.312499,62.00,62.499998,1538700,14.942428
1999-06-09,65.624997,65.812497,63.062497,64.999996,1483400,15.540125
1999-06-08,67.374997,67.374997,65.187496,65.999997,1070000,15.779203
1999-06-07,66.562496,68.124996,66.437498,67.437498,1319400,16.12288
1999-06-04,65.249998,67.249998,65.249998,66.749996,1614600,15.958512
1999-06-03,65.062498,65.624997,64.062497,64.812497,1319900,15.495297
1999-06-02,64.499998,65.812497,63.624996,65.062498,1162100,15.555067
1999-06-01,64.999996,65.374996,63.187495,64.499998,1533700,15.420586
1999-05-28,62.624996,64.937499,62.312498,64.687498,1427100,15.465413
1999-05-27,62.312498,63.437497,61.749998,61.749998,1636900,14.763119
1999-05-26,62.062497,62.437496,60.374998,62.00,1606800,14.822889
1999-05-25,63.812496,64.374996,61.499997,61.499997,1487200,14.703349
1999-05-24,63.375,64.75,63.375,63.562499,2358800,15.196449
1999-05-21,63.562499,64.999996,63.249997,63.874998,1898600,15.271161
1999-05-20,63.937499,63.999996,62.624996,63.687498,2944900,15.226334
1999-05-19,59.624999,64.374996,59.312496,63.999996,6943200,15.301046
1999-05-18,58.999998,59.812499,58.624999,59.687496,2081100,14.270018
1999-05-17,57.437498,59.937497,57.437498,59.624999,2752400,14.255076
1999-05-14,59.624999,59.624999,58.624999,58.749997,1575000,14.045882
1999-05-13,59.874996,61.062496,59.687496,59.999999,3949100,14.344731
1999-05-12,58.812499,59.874996,57.50,59.812499,2140200,14.299904
1999-05-11,58.062499,58.812499,57.749997,58.499996,1584500,13.986112
1999-05-10,57.812498,58.812499,57.312496,58.062499,2222300,13.881516
1999-05-07,59.874996,59.874996,57.374997,57.6875,1496200,13.791861
1999-05-06,59.937497,60.187499,59.812499,59.874996,1652300,14.314845
1999-05-05,60.374998,60.625,59.749998,60.187499,2904300,14.389558
1999-05-04,61.749998,62.312498,59.999999,60.562498,2326700,14.479213
1999-05-03,61.499997,62.999996,60.687496,62.999996,2219900,15.061967
1999-04-30,58.874995,60.124997,58.624999,59.562498,2691200,14.240134
1999-04-29,60.749998,60.749998,57.437498,58.937497,2337200,14.090709
1999-04-28,59.749998,62.499998,59.187498,60.687496,3088900,14.509097
1999-04-27,55.999997,60.4375,55.874999,59.999999,5880500,14.344731
1999-04-26,54.9375,56.437498,54.374996,55.749996,2339800,13.328645
1999-04-23,55.937496,55.937496,53.874998,54.9375,3600800,13.134394
1999-04-22,54.999997,56.3125,54.499999,55.999997,4179100,13.388415
1999-04-21,56.125,56.3125,54.312499,54.499999,2218000,13.029797
1999-04-20,57.562497,57.6875,55.374996,55.874999,2154400,13.358531
1999-04-19,58.499996,58.749997,57.374997,57.562497,2316500,13.761976
1999-04-16,57.624998,58.624999,56.687499,57.374997,2348100,13.717148
1999-04-15,59.187498,59.187498,57.062499,57.624998,2376100,13.776918
1999-04-14,59.999999,60.749998,57.999998,58.562497,3355700,14.001055
1999-04-13,59.624999,60.374998,58.249999,59.187498,2729700,14.150479
1999-04-12,59.749998,59.749998,58.062499,58.874995,1336700,14.075766
1999-04-09,59.874996,59.999999,58.624999,59.937497,1530600,14.329788
1999-04-08,59.999999,59.999999,57.875,59.624999,2279500,14.255076
1999-04-07,60.374998,60.999999,58.749997,59.374998,4333600,14.195306
1999-04-06,56.125,58.874995,56.125,58.624999,3670800,14.015997
1999-04-05,55.312499,55.874999,54.249997,55.874999,3120500,13.358531
1999-04-01,55.374996,56.812498,52.374999,53.812496,3716600,12.86543
1999-03-31,57.50,57.999998,54.9375,55.187496,1888000,13.194163
1999-03-30,56.749996,58.312496,55.124999,57.50,2384200,13.747034
1999-03-29,58.562497,59.0625,56.812498,56.999997,2128300,13.627494
1999-03-26,57.312496,59.562498,57.062499,59.187498,1636700,14.150479
1999-03-25,58.874995,59.0625,57.562497,57.937496,2794900,13.85163
1999-03-24,59.499996,60.499997,58.374997,58.374997,1860000,13.956227
1999-03-23,58.437499,59.812499,56.624998,59.437499,2548400,14.210249
1999-03-22,57.937496,59.312496,57.50,58.437499,2772900,13.97117
1999-03-19,65.437497,65.437497,57.749997,60.249995,7509800,14.4045
1999-03-18,64.75,65.249998,62.749999,64.75,2703100,15.480356
1999-03-17,65.562496,66.687499,65.437497,66.124995,1283100,15.809088
1999-03-16,68.437499,68.437499,65.562496,66.124995,2294700,15.809088
1999-03-15,66.999997,69.187498,66.999997,68.437499,890600,16.361959
1999-03-12,66.749996,67.937496,65.687499,67.062499,1075400,16.033225
1999-03-11,67.187497,67.249998,66.499999,66.499999,1502100,15.898743
1999-03-10,68.999998,68.999998,66.499999,66.999997,1980300,16.018282
1999-03-09,68.249999,70.437495,68.249999,68.999998,963900,16.49644
1999-03-08,67.749996,69.312496,67.749996,67.999998,1296800,16.257361
1999-03-05,68.437499,68.437499,65.562496,67.624998,2077600,16.167707
1999-03-04,66.062498,69.124996,66.062498,68.187497,1404600,16.302189
1999-03-03,65.437497,67.874999,65.437497,65.937495,1334300,15.764261
1999-03-02,65.749996,67.124996,64.999996,65.187496,1902400,15.584952
1999-03-01,66.812497,67.062499,65.499999,65.687499,1160200,15.704492
1999-02-26,67.499995,67.624998,65.437497,66.624998,1524400,15.928628
1999-02-25,69.124996,69.124996,65.999997,67.437498,1767400,16.12288
1999-02-24,69.374998,69.937497,68.437499,68.999998,1704500,16.49644
1999-02-23,70.062495,71.624995,68.624999,69.374998,1276200,16.586095
1999-02-22,68.749997,70.062495,68.374997,69.999999,1417200,16.735519
1999-02-19,68.249999,68.874995,66.874999,68.812498,1480300,16.451613
1999-02-18,68.062499,69.124996,67.562497,68.249999,1825100,16.317131
1999-02-17,71.687497,71.687497,67.562497,68.062499,3157800,16.272304
1999-02-16,72.437496,72.937498,71.437495,71.937498,1482700,17.198734
1999-02-12,71.624995,72.062496,70.999999,71.437495,1385400,17.079194
1999-02-11,70.187498,72.624996,70.124997,72.437496,2042700,17.318273
1999-02-10,69.999999,71.124997,69.437499,70.062495,1874000,16.750461
1999-02-09,71.749998,72.124998,70.312497,70.374998,2215900,16.825174
1999-02-08,72.312498,74.374995,70.562498,72.937498,2546700,17.437813
1999-02-05,71.999999,73.249997,71.374999,72.437496,2335700,17.318273
1999-02-04,72.124998,73.187495,71.312497,71.812495,2651100,17.168849
1999-02-03,67.999998,73.499998,67.999998,72.249996,4358500,17.273446
1999-02-02,67.062499,68.062499,65.187496,67.562497,1744600,16.152764
1999-02-01,68.499996,69.249999,67.437498,67.624998,1009500,16.167707
1999-01-29,68.062499,69.437499,66.624998,68.562497,2126000,16.391843
1999-01-28,64.999996,68.874995,64.812497,68.812498,2166300,16.451613
1999-01-27,65.999997,66.249998,63.999996,64.499998,2753400,15.420586
1999-01-26,62.937499,65.812497,62.249996,65.749996,2573300,15.719433
1999-01-25,64.999996,65.187496,62.062497,62.999996,1739200,15.061967
1999-01-22,62.874997,65.749996,62.749999,64.499998,1199100,15.420586
1999-01-21,63.062497,65.999997,63.062497,63.749999,2040500,15.241277
1999-01-20,67.437498,67.749996,62.624996,63.062497,4397900,15.076909
1999-01-19,65.999997,67.249998,64.062497,66.374996,2092300,15.868858
1999-01-15,64.062497,64.874998,62.374999,64.249997,1646600,15.360816
1999-01-14,64.499998,64.499998,61.062496,62.749999,2077800,15.002198
1999-01-13,62.999996,64.499998,62.999996,64.499998,2815600,15.420586
1999-01-12,65.999997,66.249998,63.937499,64.249997,1338800,15.360816
1999-01-11,66.062498,66.874999,63.999996,65.999997,1817200,15.779203
1999-01-08,67.499995,68.249999,65.999997,66.124995,1524400,15.809088
1999-01-07,67.999998,68.812498,66.624998,67.6875,1452800,16.18265
1999-01-06,68.812498,69.374998,67.624998,67.874999,2623100,16.227477
1999-01-05,64.874998,67.562497,64.249997,67.374997,2154700,16.107937
1999-01-04,64.437497,65.937495,62.999996,64.187496,2133800,15.345873
1998-12-31,65.874998,65.874998,62.562499,64.249997,3925700,15.360816
1998-12-30,65.187496,66.437498,62.874997,66.062498,2218300,15.794146
1998-12-29,67.062499,67.062499,64.062497,65.062498,1791900,15.555067
1998-12-28,68.187497,68.187497,66.687499,67.062499,1724900,16.033225
1998-12-24,68.874995,68.937497,67.562497,67.937496,739700,16.242419
1998-12-23,67.874999,68.624999,66.687499,67.999998,2758400,16.257361
1998-12-22,69.687496,69.937497,67.499995,69.374998,1649700,16.586095
1998-12-21,69.499996,70.499996,69.062495,69.437499,2275900,16.601038
1998-12-18,68.187497,68.687495,67.374997,68.312496,2086800,16.332073
1998-12-17,67.374997,68.624999,66.749996,67.937496,1537500,16.242419
1998-12-16,67.499995,67.999998,65.437497,66.874999,1644300,15.988398
1998-12-15,64.999996,67.499995,64.124999,67.062499,2190300,16.033225
1998-12-14,66.999997,67.187497,64.999996,65.062498,2113400,15.555067
1998-12-11,67.437498,67.812498,65.062498,67.249998,2952700,16.078052
1998-12-10,66.749996,70.937498,66.187497,66.562496,8205800,15.913685
1998-12-09,65.999997,67.999998,65.749996,67.999998,2933700,16.257361
1998-12-08,62.437496,66.812497,62.249996,65.999997,4622800,15.779203
1998-12-07,61.749998,63.562499,60.999999,62.874997,2653500,15.032082
1998-12-04,58.062499,61.312497,57.999998,59.999999,3587000,14.344731
1998-12-03,58.249999,59.187498,56.937496,56.999997,2439700,13.627494
1998-12-02,57.937496,58.062499,56.3125,57.999998,1672300,13.866573
1998-12-01,57.124996,58.437499,56.499999,57.812498,2462900,13.821746
1998-11-30,57.249999,57.749997,55.874999,57.124996,1455600,13.657378
1998-11-27,57.249999,57.562497,56.499999,57.187497,428100,13.672321
1998-11-25,57.249999,58.124996,55.249998,56.624998,1656600,13.537839
1998-11-24,60.562498,61.499997,57.124996,57.124996,1866600,13.657378
1998-11-23,57.937496,60.687496,57.124996,60.562498,2026300,14.479213
1998-11-20,56.499999,57.50,55.374996,57.437498,2250600,13.732091
1998-11-19,55.312499,55.874999,54.374996,54.999997,1360400,13.149336
1998-11-18,53.499998,54.9375,53.437497,54.874998,2428500,13.119452
1998-11-17,50.999999,53.375,50.999999,52.999996,1719700,12.671178
1998-11-16,51.8125,52.1875,50.999999,51.062496,1390100,12.207963
1998-11-13,53.5625,53.874998,51.499997,52.062497,1543200,12.447042
1998-11-12,53.375,53.749999,52.249997,53.124999,1110600,12.701064
1998-11-11,54.249997,54.687498,52.437496,53.124999,1337400,12.701064
1998-11-10,53.937499,54.312499,53.062497,53.874998,1419100,12.880373
1998-11-09,54.624997,54.812497,52.124998,53.687498,1267700,12.835545
1998-11-06,52.999996,54.999997,52.812496,54.812497,1948200,13.104509
1998-11-05,53.874998,54.75,52.937499,52.999996,2139300,12.671178
1998-11-04,54.499999,54.9375,52.999996,54.062498,2498500,12.9252
1998-11-03,53.5625,55.812497,53.312498,53.999996,3218300,12.910257
1998-11-02,53.312498,54.75,52.499998,53.249997,3274700,12.730948
1998-10-30,50.625,52.937499,49.999999,52.749999,6244800,12.611409
1998-10-29,51.687497,51.749999,48.749997,49.25,5663900,11.774633
1998-10-28,50.8125,52.937499,50.8125,51.8125,3774700,12.387273
1998-10-27,57.374997,57.374997,50.25,51.124998,7661900,12.222906
1998-10-26,57.124996,57.937496,56.624998,56.999997,1434500,13.627494
1998-10-23,57.624998,57.999998,56.499999,56.562496,1920500,13.522897
1998-10-22,56.374997,58.187498,56.187497,57.937496,1525400,13.85163
1998-10-21,56.937496,57.999998,55.999997,56.499999,1335500,13.507955
1998-10-20,59.374998,59.749998,56.687499,56.749996,2961700,13.567724
1998-10-19,56.499999,59.937497,56.499999,57.624998,1849000,13.776918
1998-10-16,62.00,62.00,56.374997,56.437498,2418600,13.493012
1998-10-15,57.124996,59.874996,57.062499,58.999998,2035600,14.105652
1998-10-14,56.999997,57.6875,56.125,57.249999,2975700,13.687264
1998-10-13,58.187498,58.874995,56.562496,57.50,2695700,13.747034
1998-10-12,55.999997,58.749997,55.999997,58.312496,1761500,13.941285
1998-10-09,51.187499,55.374996,50.562498,54.499999,3504900,13.029797
1998-10-08,49.749998,50.937498,48.562497,50.937498,2608200,12.178079
1998-10-07,49.187498,50.25,48.999999,50.187499,5378400,11.99877
1998-10-06,49.687496,50.312497,48.562497,48.937497,3748600,11.699921
1998-10-05,48.562497,50.4375,47.6875,49.374998,3691200,11.804518
1998-10-02,49.812499,51.312498,46.249998,48.562497,4704000,11.610266
1998-10-01,53.874998,53.874998,49.374998,50.312497,3438700,12.028654
1998-09-30,56.624998,57.6875,51.499997,54.499999,4455100,13.029797
1998-09-29,57.312496,57.562497,54.5625,56.499999,7865500,13.507955
1998-09-28,63.062497,63.999996,57.312496,57.312496,8008900,13.702206
1998-09-25,62.499998,63.999996,58.999998,62.562499,9758000,14.95737
1998-09-24,69.999999,70.874996,68.999998,68.999998,2950100,16.49644
1998-09-23,73.124998,74.874998,71.187499,71.749998,3597200,17.153907
1998-09-22,67.249998,73.124998,67.249998,73.124998,2485500,17.482641
1998-09-21,63.375,66.499999,63.375,66.499999,1367800,15.898743
1998-09-18,65.249998,65.374996,64.187496,65.249998,1390600,15.599895
1998-09-17,65.499999,65.999997,64.499998,65.187496,1358500,15.584952
1998-09-16,67.624998,67.999998,66.437498,67.999998,942300,16.257361
1998-09-15,66.312499,67.624998,65.937495,67.624998,987200,16.167707
1998-09-14,65.937495,67.374997,65.812497,66.437498,1685100,15.883801
1998-09-11,61.749998,65.562496,61.749998,64.999996,1312000,15.540125
1998-09-10,64.937499,64.937499,61.499997,62.624996,1694300,14.972312
1998-09-09,65.999997,66.499999,65.124999,65.437497,1680100,15.644722
1998-09-08,64.124999,66.499999,63.874998,66.374996,2300400,15.868858
1998-09-04,64.124999,65.249998,61.187499,62.124998,1123900,14.852773
1998-09-03,62.999996,64.937499,62.00,64.124999,2952500,15.330931
1998-09-02,60.499997,69.999999,60.499997,63.437497,6533600,15.166564
1998-09-01,56.3125,60.937498,55.624997,60.499997,2421900,14.46427
1998-08-31,57.50,57.50,55.499999,56.562496,2073500,13.522897
1998-08-28,59.624999,59.999999,57.999998,58.124996,1495700,13.896457
1998-08-27,61.374999,61.437496,58.812499,59.624999,2393900,14.255076
1998-08-26,62.749999,62.874997,61.312497,61.499997,1584900,14.703349
1998-08-25,62.062497,63.562499,62.062497,62.749999,1532700,15.002198
1998-08-24,59.187498,61.124998,59.124997,61.062496,1153800,14.598751
1998-08-21,58.562497,59.687496,57.999998,59.187498,1586600,14.150479
1998-08-20,59.187498,59.562498,58.374997,58.499996,3506600,13.986112
1998-08-19,58.999998,59.687496,58.562497,59.124997,941600,14.135536
1998-08-18,59.687496,61.249996,58.999998,58.999998,1285000,14.105652
1998-08-17,57.124996,60.937498,55.999997,59.937497,1011600,14.329788
1998-08-14,59.937497,60.312497,56.874999,58.124996,1142400,13.896457
1998-08-13,60.999999,61.562499,60.062496,60.124997,1454200,14.374615
1998-08-12,59.499996,61.8125,59.312496,61.8125,1762700,14.778061
1998-08-11,57.50,59.187498,57.187497,58.999998,1453700,14.105652
1998-08-10,60.937498,61.312497,59.499996,59.687496,904400,14.270018
1998-08-07,61.874997,63.749999,61.062496,61.374999,1873500,14.673464
1998-08-06,59.25,61.749998,58.749997,61.624995,1592300,14.733233
1998-08-05,59.124997,59.624999,57.124996,58.937497,1751700,14.090709
1998-08-04,62.999996,63.687498,59.0625,59.124997,2009700,14.135536
1998-08-03,63.874998,63.874998,62.437496,62.749999,837700,15.002198
1998-07-31,64.374996,65.437497,63.999996,63.999996,2863500,15.301046
1998-07-30,62.999996,64.624997,62.999996,64.499998,1422900,15.420586
1998-07-29,64.124999,64.249997,61.374999,62.812496,2433500,15.017139
1998-07-28,60.312497,64.562495,60.124997,64.499998,3139200,15.420586
1998-07-27,61.499997,61.499997,60.4375,60.499997,692200,14.46427
1998-07-24,62.562499,62.562499,60.999999,61.499997,599900,14.703349
1998-07-23,62.999996,62.999996,60.562498,61.562499,855900,14.718291
1998-07-22,63.999996,63.999996,61.312497,62.999996,1631200,15.061967
1998-07-21,66.874999,66.937496,64.75,64.75,1190100,15.480356
1998-07-20,67.6875,67.6875,65.187496,66.437498,692900,15.883801
1998-07-17,65.187496,68.874995,65.062498,67.437498,2099900,16.12288
1998-07-16,64.624997,64.937499,63.499998,64.75,1201400,15.480356
1998-07-15,65.499999,65.499999,64.499998,64.75,605800,15.480356
1998-07-14,65.749996,65.999997,65.312499,65.624997,670600,15.689549
1998-07-13,64.999996,65.499999,64.562495,65.499999,595600,15.659665
1998-07-10,64.624997,65.312499,64.312499,64.937499,545300,15.525183
1998-07-09,65.874998,65.874998,64.187496,64.562495,659500,15.435527
1998-07-08,63.562499,66.249998,63.562499,65.999997,1107200,15.779203
1998-07-07,63.687498,63.874998,62.00,63.375,1513000,15.151622
1998-07-06,64.249997,64.812497,63.624996,63.937499,805600,15.286104
1998-07-02,65.187496,65.187496,63.249997,63.812496,1409800,15.256218
1998-07-01,63.874998,65.624997,63.812496,65.312499,2104600,15.614837
1998-06-30,64.562495,64.562495,62.874997,63.999996,2152100,15.301046
1998-06-29,62.499998,64.999996,62.499998,64.75,1393700,15.480356
1998-06-26,61.937498,62.499998,61.187499,62.437496,850700,14.927485
1998-06-25,61.499997,62.812496,60.687496,62.00,1879400,14.822889
1998-06-24,59.312496,60.687496,57.50,60.249995,2097000,14.4045
1998-06-23,59.624999,59.687496,58.499996,59.0625,1342200,14.120595
1998-06-22,58.624999,59.624999,58.312496,59.624999,1444700,14.255076
1998-06-19,57.749997,59.312496,57.562497,58.124996,1920200,13.896457
1998-06-18,58.687496,59.749998,57.374997,57.6875,1734900,13.791861
1998-06-17,58.937497,59.874996,58.624999,58.687496,3440100,14.030939
1998-06-16,55.499999,56.999997,55.249998,56.999997,1885600,13.627494
1998-06-15,54.75,56.749996,54.499999,55.499999,2043200,13.268876
1998-06-12,54.812497,55.687499,54.499999,55.249998,1974600,13.209106
1998-06-11,54.499999,54.75,53.874998,54.624997,1307300,13.059682
1998-06-10,54.312499,55.437498,53.937499,54.249997,2016100,12.970027
1998-06-09,54.374996,54.9375,53.812496,54.5625,1318700,13.04474
1998-06-08,53.687498,54.75,53.312498,54.312499,2103700,12.98497
1998-06-05,52.624996,53.749999,52.562499,53.249997,1636200,12.730948
1998-06-04,51.749999,52.437496,51.124998,52.1875,1084200,12.476927
1998-06-03,52.00,53.437497,51.499997,51.874997,1722300,12.402215
1998-06-02,51.874997,52.437496,50.687497,52.00,1294000,12.4321
1998-06-01,52.062497,52.937499,51.124998,51.499997,2003000,12.31256
1998-05-29,52.749999,52.937499,51.562499,51.937498,535600,12.417157
1998-05-28,51.874997,52.312498,50.999999,52.249997,1325800,12.491869
1998-05-27,52.00,52.499998,51.312498,52.124998,1834600,12.461985
1998-05-26,52.874997,53.249997,52.437496,52.624996,1585900,12.581524
1998-05-22,53.5625,53.624997,52.374999,52.624996,596100,12.581524
1998-05-21,54.187496,54.687498,53.124999,53.375,1268800,12.760834
1998-05-20,54.499999,54.5625,53.749999,54.249997,600100,12.970027
1998-05-19,53.624997,54.9375,53.624997,54.249997,1523700,12.970027
1998-05-18,54.249997,54.312499,52.124998,53.687498,1023200,12.835545
1998-05-15,54.9375,55.249998,54.187496,54.187496,2896200,12.955084
1998-05-14,55.499999,55.499999,54.249997,54.499999,1428800,13.029797
1998-05-13,54.499999,56.374997,54.437497,55.562496,3135400,13.283818
1998-05-12,52.624996,54.249997,52.312498,53.874998,2654200,12.880373
1998-05-11,52.249997,53.749999,52.1875,52.687498,1145900,12.596466
1998-05-08,50.999999,52.874997,50.999999,52.1875,1199800,12.476927
1998-05-07,51.249996,51.562499,50.312497,51.437496,1569000,12.297617
1998-05-06,52.124998,52.687498,51.937498,51.937498,1728500,12.417157
1998-05-05,52.874997,52.999996,51.437496,51.625,827700,12.342446
1998-05-04,53.499998,54.124999,52.812496,53.124999,1626900,12.701064
1998-05-01,52.874997,53.499998,52.874997,53.499998,833600,12.790718
1998-04-30,52.124998,53.1875,51.749999,52.749999,1486400,12.611409
1998-04-29,51.499997,52.1875,50.999999,51.749999,1300200,12.37233
1998-04-28,51.625,51.625,50.687497,51.374999,1440600,12.282676
1998-04-27,49.499996,51.124998,49.124997,51.124998,1664400,12.222906
1998-04-24,53.375,53.499998,51.625,52.124998,1211200,12.461985
1998-04-23,54.249997,54.249997,52.749999,53.499998,1858100,12.790718
1998-04-22,51.874997,54.499999,51.874997,54.374996,5633500,12.999912
1998-04-21,51.124998,52.249997,51.062496,51.499997,2522300,12.31256
1998-04-20,52.124998,52.499998,50.8125,50.999999,2985500,12.193021
1998-04-17,51.437496,52.1875,50.499997,51.874997,1610300,12.402215
1998-04-16,52.437496,52.499998,51.124998,51.562499,1075200,12.327503
1998-04-15,51.437496,52.437496,50.999999,52.124998,1913600,12.461985
1998-04-14,52.00,52.312498,51.437496,51.562499,2049100,12.327503
1998-04-13,52.624996,52.624996,51.8125,52.00,1894100,12.4321
1998-04-09,53.375,53.437497,52.249997,52.749999,1339800,12.611409
1998-04-08,52.999996,53.874998,52.874997,53.437497,1911200,12.775775
1998-04-07,53.874998,54.124999,52.124998,53.249997,2475300,12.730948
1998-04-06,54.9375,54.999997,53.999996,54.124999,1089700,12.940143
1998-04-03,55.374996,55.374996,53.749999,54.812497,1710900,13.104509
1998-04-02,55.499999,55.687499,54.812497,55.249998,1841900,13.209106
1998-04-01,55.124999,55.874999,54.75,55.749996,4000900,13.328645
1998-03-31,54.9375,55.187496,54.624997,54.999997,1874000,13.149336
1998-03-30,54.75,55.062498,54.75,54.999997,2158200,13.149336
1998-03-27,54.999997,55.499999,54.374996,54.499999,2187900,13.029797
1998-03-26,54.249997,54.9375,53.5625,54.9375,2131400,13.134394
1998-03-25,55.624997,55.687499,53.687498,54.249997,4719700,12.96955
1998-03-24,53.749999,55.187496,53.624997,55.124999,3887400,13.178737
1998-03-23,107.249993,109.249994,106.937499,108.249998,4713300,12.939667
1998-03-20,106.999996,107.999992,106.75,107.437493,7116200,12.842544
1998-03-19,105.249992,107.312499,104.999996,106.937499,9862200,12.782777
1998-03-18,103.499997,105.437492,103.499997,104.999996,8848400,12.551178
1998-03-17,102.312492,104.00,101.437499,103.25,6978000,12.341992
1998-03-16,100.249995,102.999995,99.874995,102.562498,3545300,12.259811
1998-03-13,100.999994,102.249995,100.249995,100.249995,4025100,11.983386
1998-03-12,99.999998,101.999999,99.562492,100.50,5675700,12.013271
1998-03-11,97.999997,102.999995,97.249998,101.624999,9837500,12.147747
1998-03-10,96.624992,97.249998,95.624997,96.937495,10669000,11.587426
1998-03-09,94.749995,95.749999,94.187495,94.562495,7503000,11.303531
1998-03-06,94.249992,96.374996,93.687493,95.812496,12342400,11.45295
1998-03-05,93.249996,95.687494,92.874997,93.999995,29062100,11.236292
1998-03-04,105.499998,106.062497,104.437496,104.999996,6052100,12.551178
1998-03-03,107.687499,107.937495,106.75,106.999996,4492600,12.790248
1998-03-02,108.999997,108.999997,106.999996,107.937495,10874000,12.902312
1998-02-27,103.187494,105.124998,103.062492,104.687493,9128500,12.513823
1998-02-26,103.25,103.25,102.249995,102.499992,6469700,12.25234
1998-02-25,102.187499,104.124993,102.187499,103.499997,7130400,12.371875
1998-02-24,102.124993,102.249995,101.312496,101.687496,4974300,12.155218
1998-02-23,104.187499,104.312493,102.374998,102.624995,6389500,12.267282
1998-02-20,103.374994,104.687493,102.624995,104.00,7943400,12.431643
1998-02-19,105.624992,106.124994,103.25,103.499997,14450100,12.371875
1998-02-18,106.874994,109.50,106.874994,109.249994,9207700,13.059201
1998-02-17,109.999993,110.249999,106.499994,106.5625,21884300,12.737952
1998-02-13,105.499998,108.062498,105.437492,107.374996,15288800,12.835073
1998-02-12,104.624996,105.124998,101.562493,104.624996,10832300,12.506352
1998-02-11,113.499992,113.499992,103.499997,103.874997,48936000,12.416701
1998-02-10,89.937497,92.499997,89.562497,92.187494,2781200,11.019635
1998-02-09,89.50,89.749997,87.999993,88.499995,1202200,10.57885
1998-02-06,89.249994,89.50,87.874999,89.249994,1920700,10.668501
1998-02-05,88.124996,88.999998,87.249994,88.999998,1507800,10.638617
1998-02-04,86.874994,87.999993,86.124995,87.937496,912700,10.511611
1998-02-03,86.999997,87.062494,86.375001,87.062494,811600,10.407018
1998-02-02,85.874998,87.374996,85.749995,86.999997,1545800,10.399547
1998-01-30,82.874992,85.124999,82.249996,84.874993,1367800,10.145535
1998-01-29,81.625,84.312494,81.625,82.749998,1678700,9.891524
1998-01-28,82.999995,83.187495,81.499997,81.687497,1556200,9.764517
1998-01-27,80.249995,81.999999,80.249995,81.999999,1983800,9.801872
1998-01-26,83.8125,83.8125,79.937492,79.999998,2043600,9.562802
1998-01-23,86.000001,86.000001,83.562494,83.749994,2368300,10.011058
1998-01-22,86.999997,86.999997,85.749995,86.249998,1883200,10.309896
1998-01-21,85.749995,87.437493,85.749995,86.999997,2673400,10.399547
1998-01-20,86.9375,87.687499,86.312495,87.687499,1533900,10.481728
1998-01-16,86.062498,87.249994,85.937495,86.874994,2102500,10.384605
1998-01-15,85.562495,86.062498,84.624996,85.624992,1137600,10.235186
1998-01-14,84.874993,85.624992,82.874992,85.562495,2176000,10.227715
1998-01-13,84.749999,85.062493,84.499993,85.062493,1640700,10.167948
1998-01-12,81.625,85.749995,81.562494,84.00,3654400,10.040943
1998-01-09,85.749995,85.749995,82.124993,83.687497,4117600,10.003588
1998-01-08,85.562495,88.499995,85.312499,87.999993,2355400,10.519082
1998-01-07,85.499998,86.999997,85.124999,85.624992,2993300,10.235186
1998-01-06,85.499998,85.812501,84.999996,85.249993,2060700,10.19036
1998-01-05,82.812495,86.000001,82.812495,85.499998,3315600,10.220245
1998-01-02,83.374995,83.437501,82.687492,82.812495,2287600,9.898994
1997-12-31,79.937492,83.499998,79.937492,83.499998,2220700,9.981175
1997-12-30,78.999993,79.937492,78.999993,79.937492,2092500,9.555331
1997-12-29,78.374997,79.124996,78.062494,78.749997,1151400,9.413383
1997-12-26,78.749997,78.875,78.249994,78.562497,326500,9.39097
1997-12-24,80.125001,80.125001,78.562497,78.562497,821500,9.39097
1997-12-23,82.124993,82.187499,79.999998,79.999998,1405300,9.562802
1997-12-22,82.999995,84.124994,82.249996,82.249996,3944900,9.831756
1997-12-19,79.999998,82.249996,78.749997,82.249996,2963900,9.831756
1997-12-18,81.625,81.625,79.124996,80.125001,2648300,9.577744
1997-12-17,80.875,81.625,80.749998,81.625,1524900,9.757047
1997-12-16,77.937501,80.875,77.937501,80.875,3272800,9.667396
1997-12-15,76.249993,77.562501,75.812497,77.562501,3083500,9.271436
1997-12-12,76.687499,77.249998,74.999996,75.499999,3658700,9.024895
1997-12-11,77.999997,78.50,76.249993,76.249993,3424200,9.114545
1997-12-10,79.312496,79.562493,77.187501,78.999993,6140400,9.443267
1997-12-09,83.250001,83.312498,79.249999,79.312496,5504400,9.480622
1997-12-08,85.124999,85.124999,82.749998,83.499998,2604100,9.981175
1997-12-05,86.375001,86.624997,84.999996,85.062493,1257200,10.167948
1997-12-04,86.375001,87.749996,84.687493,86.999997,2768300,10.399547
1997-12-03,83.250001,86.75,83.250001,86.312495,2972400,10.317367
1997-12-02,82.374999,83.374995,82.374999,83.250001,1972400,9.951291
1997-12-01,79.562493,83.625,79.437499,83.374995,2985200,9.966233
1997-11-28,79.187493,79.374993,78.562497,79.187493,439500,9.465679
1997-11-26,77.437498,79.499996,77.437498,79.437499,1266200,9.495564
1997-11-25,76.499999,77.437498,76.499999,77.312495,1745600,9.241551
1997-11-24,78.937496,78.999993,75.999997,76.187496,1078300,9.107075
1997-11-21,78.812494,79.249999,78.6875,79.124996,1139500,9.458209
1997-11-20,77.999997,79.999998,77.999997,78.749997,2527700,9.413383
1997-11-19,77.499995,77.624998,76.499999,77.499995,1308500,9.263964
1997-11-18,76.999993,78.187497,76.812493,78.062494,2158500,9.331203
1997-11-17,74.499998,76.749996,74.124999,76.249993,1745600,9.114545
1997-11-14,71.312497,74.062497,71.312497,73.999996,2027500,8.845592
1997-11-13,70.999999,71.374999,70.499996,71.062496,1167500,8.494458
1997-11-12,70.999999,72.749999,70.624999,70.624999,2370200,8.442161
1997-11-11,71.312497,72.187499,71.249996,71.937498,1053600,8.599051
1997-11-10,71.999999,72.374999,70.937498,71.062496,976300,8.494458
1997-11-07,73.374995,73.499998,71.374999,71.749998,1196500,8.576638
1997-11-06,72.124998,75.249997,72.124998,74.249997,2201200,8.875476
1997-11-05,70.687496,72.374999,70.374998,72.062496,2457500,8.613993
1997-11-04,70.999999,71.374999,70.124997,70.437495,2258600,8.419748
1997-11-03,71.374999,71.812495,70.937498,71.187499,2579500,8.5094
1997-10-31,71.249996,71.499997,70.374998,70.874996,1122900,8.472045
1997-10-30,71.749998,72.999995,70.499996,70.812499,2170800,8.464574
1997-10-29,71.187499,73.624996,68.999998,72.812496,2833400,8.703644
1997-10-28,67.499995,71.687497,67.249998,71.374999,2644000,8.531813
1997-10-27,73.749999,74.249997,68.999998,68.999998,1636400,8.247917
1997-10-24,75.999997,76.562496,72.749999,73.499998,2619300,8.785824
1997-10-23,76.124999,76.749996,73.874997,75.374996,2027500,9.009952
1997-10-22,76.499999,77.812498,75.749995,77.187501,3237700,9.22661
1997-10-21,72.999995,76.187496,72.624996,75.499999,2289900,9.024895
1997-10-20,72.999995,73.312498,71.812495,73.124998,1124300,8.740999
1997-10-17,72.499997,73.437496,71.999999,73.437496,2005700,8.778353
1997-10-16,73.499998,74.499998,73.187495,73.249997,1808700,8.755941
1997-10-15,74.249997,74.374995,72.812496,73.624996,1361200,8.800766
1997-10-14,73.749999,74.687498,73.749999,73.999996,2796300,8.845592
1997-10-13,72.062496,73.937499,72.062496,73.374995,2247700,8.770882
1997-10-10,72.499997,72.874997,71.937498,72.062496,1250100,8.613993
1997-10-09,73.374995,73.374995,72.312498,72.874997,911200,8.711115
1997-10-08,74.812496,74.812496,73.062497,73.624996,990500,8.800766
1997-10-07,73.374995,74.562495,72.874997,74.562495,1417200,8.91283
1997-10-06,72.624996,73.312498,72.374999,73.124998,876100,8.740999
1997-10-03,71.624995,72.812496,71.624995,71.999999,2541500,8.606522
1997-10-02,69.874996,70.874996,69.499996,70.749998,1274800,8.457103
1997-10-01,71.124997,71.874997,69.437499,69.999999,2633100,8.367452
1997-09-30,71.124997,72.624996,70.749998,70.749998,1544800,8.457103
1997-09-29,70.812499,71.062496,70.374998,70.999999,1842900,8.486987
1997-09-26,70.749998,71.312497,70.312497,70.812499,1787800,8.464574
1997-09-25,72.124998,72.187499,70.812499,70.812499,1755500,8.464574
1997-09-24,74.624997,75.374996,72.124998,72.124998,1157500,8.621464
1997-09-23,73.499998,74.812496,73.312498,74.562495,1717100,8.91283
1997-09-22,73.499998,75.124999,73.499998,73.812496,3245300,8.823179
1997-09-19,72.999995,74.687498,72.499997,74.249997,3144200,8.875476
1997-09-18,70.124997,73.687498,68.999998,73.062497,4938200,8.733528
1997-09-17,71.249996,71.499997,68.999998,69.874996,1833900,8.35251
1997-09-16,70.437495,71.249996,69.999999,71.249996,2047900,8.51687
1997-09-15,72.374999,72.499997,70.249995,70.687496,1407200,8.449632
1997-09-12,71.999999,72.624996,70.937498,72.624996,1044600,8.681231
1997-09-11,72.187499,72.812496,70.499996,71.812495,1710500,8.584109
1997-09-10,74.937499,74.937499,71.499997,72.249996,3205900,8.636405
1997-09-09,73.999996,75.687498,73.749999,74.999996,1136700,8.965127
1997-09-08,75.624997,76.124999,74.062497,74.124999,1560000,8.860534
1997-09-05,76.312499,76.624993,74.624997,75.374996,839100,9.009952
1997-09-04,75.749995,76.312499,75.249997,76.312499,1043200,9.122017
1997-09-03,74.937499,75.9375,74.937499,75.624997,1347400,9.039836
1997-09-02,74.499998,75.874998,74.499998,74.874998,1033700,8.950185
1997-08-29,73.999996,75.187496,73.999996,74.374995,676300,8.890417
1997-08-28,74.124999,75.749995,73.499998,74.687498,1052700,8.927772
1997-08-27,74.374995,74.812496,73.624996,74.374995,1159000,8.890417
1997-08-26,75.499999,75.749995,74.249997,74.624997,942100,8.920301
1997-08-25,75.499999,77.499995,75.499999,75.9375,1281900,9.077191
1997-08-22,75.374996,75.874998,74.749995,75.499999,1181300,9.024895
1997-08-21,75.687498,76.499999,75.187496,75.624997,984800,9.039836
1997-08-20,76.749996,76.749996,74.999996,75.437497,1626500,9.017424
1997-08-19,76.624993,78.125,75.624997,76.624993,1673900,9.159371
1997-08-18,75.999997,76.874999,75.124999,76.124999,615600,9.099604
1997-08-15,77.999997,77.999997,75.749995,75.749995,938800,9.054778
1997-08-14,78.749997,79.499996,77.624998,77.874995,770800,9.30879
1997-08-13,79.499996,79.749993,77.499995,78.50,815400,9.3835
1997-08-12,79.624999,80.937497,79.249999,79.249999,730900,9.473151
1997-08-11,78.749997,80.249995,78.624994,79.499996,1303300,9.503034
1997-08-08,77.999997,80.374998,77.999997,79.499996,2344000,9.503034
1997-08-07,81.999999,82.374999,80.999994,81.0625,841500,9.689808
1997-08-06,82.499993,82.874992,81.749993,81.999999,981000,9.801872
1997-08-05,81.937493,83.124998,81.625,81.999999,1280900,9.801872
1997-08-04,80.937497,81.937493,80.249995,81.937493,958700,9.794401
1997-08-01,80.999994,81.187494,79.812499,80.500001,965300,9.62257
1997-07-31,81.749993,81.874996,80.312501,81.4375,1291400,9.734634
1997-07-30,78.624994,81.999999,78.624994,81.999999,2401000,9.801872
1997-07-29,78.749997,79.499996,78.249994,78.624994,1225900,9.398441
1997-07-28,79.437499,79.499996,78.374997,78.50,986700,9.3835
1997-07-25,79.999998,80.999994,77.999997,79.437499,2561400,9.495564
1997-07-24,76.874999,80.500001,76.124999,79.874995,3518700,9.54786
1997-07-23,75.249997,76.999993,75.124999,75.874998,1654500,9.06972
1997-07-22,74.249997,74.874998,73.874997,73.999996,1470300,8.845592
1997-07-21,74.999996,74.999996,73.874997,73.999996,1376300,8.845592
1997-07-18,76.874999,76.874999,74.249997,74.999996,1943500,8.965127
1997-07-17,76.999993,77.249998,76.749996,76.874999,2704300,9.189255
1997-07-16,76.249993,77.624998,75.812497,76.499999,3445600,9.14443
1997-07-15,73.999996,75.499999,73.999996,75.499999,2569500,9.024895
1997-07-14,75.249997,75.374996,73.249997,73.499998,1990500,8.785824
1997-07-11,73.624996,74.312498,73.124998,74.124999,3067800,8.860534
1997-07-10,73.624996,73.624996,72.687497,72.687497,1560500,8.688702
1997-07-09,74.999996,74.999996,73.249997,73.374995,1934900,8.770882
1997-07-08,72.374999,73.999996,72.124998,73.999996,1536300,8.845592
1997-07-07,74.249997,74.249997,71.749998,72.749999,1087800,8.696173
1997-07-03,73.499998,74.499998,73.374995,73.874997,827200,8.83065
1997-07-02,71.499997,72.374999,71.062496,72.312498,1647800,8.643877
1997-07-01,72.499997,72.499997,70.999999,71.249996,2231100,8.51687
1997-06-30,73.624996,73.812496,72.124998,72.124998,951100,8.621464
1997-06-27,72.999995,73.999996,72.999995,73.374995,2270000,8.770882
1997-06-26,73.749999,74.249997,72.499997,72.874997,1609400,8.711115
1997-06-25,75.249997,75.624997,73.499998,73.562499,1898400,8.793296
1997-06-24,74.249997,75.874998,72.999995,75.874998,4568000,9.06972
1997-06-23,74.749995,74.874998,72.624996,72.999995,994300,8.726057
1997-06-20,74.999996,75.249997,74.624997,74.999996,2516300,8.965127
1997-06-19,73.999996,75.624997,73.999996,74.874998,2261500,8.950185
1997-06-18,74.374995,74.624997,73.749999,73.999996,1409600,8.845592
1997-06-17,73.999996,75.499999,73.749999,74.374995,2044600,8.890417
1997-06-16,74.249997,74.624997,73.874997,74.124999,1618400,8.860534
1997-06-13,75.249997,75.249997,73.999996,74.249997,2458000,8.875476
1997-06-12,75.749995,75.999997,74.749995,74.874998,1685800,8.950185
1997-06-11,75.999997,75.999997,75.124999,75.749995,2160400,9.054778
1997-06-10,77.750001,79.374993,76.124999,76.749996,1428100,9.174313
1997-06-09,77.999997,77.999997,77.375001,77.750001,1729900,9.293849
1997-06-06,78.50,79.249999,77.624998,77.999997,1303700,9.323732
1997-06-05,78.125,79.124996,77.750001,78.749997,2240600,9.413383
1997-06-04,77.624998,78.999993,77.124995,77.874995,2693800,9.30879
1997-06-03,78.624994,79.874995,77.874995,77.999997,2690000,9.323732
1997-06-02,77.499995,80.125001,77.499995,79.249999,3140900,9.473151
1997-05-30,73.874997,79.124996,73.874997,77.375001,3149000,9.249023
1997-05-29,74.999996,75.749995,74.749995,75.499999,3709900,9.024895
1997-05-28,71.749998,75.999997,71.624995,75.499999,3513900,9.024895
1997-05-27,71.999999,73.124998,70.124997,72.874997,1346400,8.711115
1997-05-23,69.874996,72.124998,69.874996,71.999999,1330300,8.606522
1997-05-22,70.999999,70.999999,69.249999,69.624999,1780700,8.322626
1997-05-21,71.874997,71.874997,70.374998,71.374999,1300900,8.531813
1997-05-20,69.499996,71.874997,69.499996,71.749998,2250100,8.576638
1997-05-19,70.624999,71.874997,69.999999,70.999999,724200,8.486987
1997-05-16,72.749999,72.749999,70.624999,71.374999,2063600,8.531813
1997-05-15,73.124998,73.874997,72.374999,72.749999,1658300,8.696173
1997-05-14,72.999995,73.874997,72.749999,73.124998,1522500,8.740999
1997-05-13,72.874997,72.999995,71.874997,72.624996,1163700,8.681231
1997-05-12,71.749998,73.249997,71.124997,72.999995,1144300,8.726057
1997-05-09,72.874997,72.999995,70.999999,71.624995,1693800,8.561696
1997-05-08,71.499997,73.374995,71.374999,72.749999,1711400,8.696173
1997-05-07,71.999999,73.499998,71.249996,71.749998,2715700,8.576638
1997-05-06,69.999999,72.624996,69.874996,72.374999,7113300,8.651348
1997-05-05,66.874999,68.874995,65.499999,67.874999,3084900,8.11344
1997-05-02,64.499998,66.874999,64.249997,66.874999,2821500,7.993905
1997-05-01,62.749999,63.749999,61.624995,63.749999,2213500,7.620358
1997-04-30,59.999999,63.249997,59.999999,62.499998,3261900,7.470939
1997-04-29,60.249995,60.625,58.999998,59.999999,6389100,7.172102
1997-04-28,59.874996,59.874996,57.875,58.749997,2955800,7.022683
1997-04-25,62.999996,62.999996,59.624999,59.999999,8261400,7.172102
1997-04-24,65.499999,65.749996,64.249997,64.75,2725600,7.739893
1997-04-23,60.999999,63.375,60.874996,63.375,1676800,7.575533
1997-04-22,59.874996,60.874996,58.374997,60.625,2020400,7.246811
1997-04-21,61.499997,61.624995,58.999998,59.874996,1723300,7.157159
1997-04-18,62.00,62.249996,60.749998,61.499997,1878000,7.351404
1997-04-17,62.00,62.999996,60.999999,61.249996,1726100,7.32152
1997-04-16,61.749998,61.874997,60.999999,61.749998,1040800,7.381288
1997-04-15,62.624996,63.249997,60.749998,61.749998,1700000,7.381288
1997-04-14,60.499997,62.249996,60.249995,62.249996,1180300,7.441055
1997-04-11,62.999996,62.999996,60.999999,61.249996,1145700,7.32152
1997-04-10,64.75,64.75,62.624996,62.749999,1439500,7.500823
1997-04-09,66.874999,66.999997,64.874998,65.124999,2071600,7.784719
1997-04-08,65.124999,67.374997,64.374996,66.999997,2230100,8.008847
1997-04-07,64.249997,65.249998,63.749999,64.874998,2365900,7.754835
1997-04-04,61.499997,63.999996,61.249996,63.999996,1533400,7.650241
1997-04-03,61.124998,62.249996,60.749998,61.749998,1537200,7.381288
1997-04-02,62.124998,62.124998,60.249995,60.999999,1693400,7.291637
1997-04-01,61.499997,62.874997,61.499997,62.249996,1434700,7.441055
1997-03-31,61.874997,63.874998,61.749998,62.124998,1989500,7.426114
1997-03-27,61.874997,63.499998,61.874997,62.374999,2981400,7.455997
1997-03-26,62.999996,64.999996,61.624995,61.624995,3072100,7.366346
1997-03-25,64.999996,64.999996,62.374999,62.999996,1895100,7.530706
1997-03-24,64.75,65.374996,63.499998,64.874998,1509200,7.754835
1997-03-21,65.499999,65.624997,64.124999,64.75,2094400,7.739893
1997-03-20,62.374999,65.749996,62.374999,65.499999,2752200,7.829544
1997-03-19,62.999996,63.499998,61.624995,62.249996,2455100,7.441055
1997-03-18,64.249997,64.374996,62.749999,62.999996,2803900,7.530706
1997-03-17,66.124995,66.124995,63.749999,64.249997,3408600,7.680125
1997-03-14,67.999998,68.499996,66.124995,66.249998,1549100,7.919196
1997-03-13,67.124996,67.374997,66.499999,66.499999,594200,7.949079
1997-03-12,68.374997,68.374997,66.999997,67.124996,983400,8.023788
1997-03-11,68.124996,69.374998,67.874999,68.124996,1276700,8.143323
1997-03-10,66.749996,68.499996,66.749996,68.124996,1673000,8.143323
1997-03-07,67.749996,67.874999,66.874999,66.999997,1906500,8.008847
1997-03-06,67.124996,67.374997,65.874998,67.374997,2065500,8.053672
1997-03-05,67.499995,67.874999,66.499999,67.499995,1283800,8.068614
1997-03-04,66.999997,68.874995,66.874999,67.124996,2670100,8.023788
1997-03-03,67.249998,68.249999,66.874999,67.124996,1471700,8.023788
1997-02-28,67.499995,69.624999,67.499995,67.499995,1706700,8.068614
1997-02-27,70.374998,70.624999,67.749996,67.749996,1288100,8.098498
1997-02-26,71.874997,71.999999,69.874996,70.249995,1609400,8.397335
1997-02-25,73.124998,73.999996,71.499997,71.874997,760800,8.59158
1997-02-24,71.124997,73.374995,70.999999,73.374995,999000,8.770882
1997-02-21,72.249996,72.624996,71.374999,71.499997,1256700,8.546754
1997-02-20,73.499998,74.249997,72.124998,72.624996,1388700,8.681231
1997-02-19,74.499998,75.249997,73.624996,73.749999,1979100,8.815708
1997-02-18,72.249996,74.874998,72.249996,74.874998,980000,8.950185
1997-02-14,74.249997,74.249997,71.624995,71.874997,1954400,8.59158
1997-02-13,71.499997,74.749995,71.374999,74.249997,2172700,8.875476
1997-02-12,68.249999,70.499996,68.249999,69.749997,2891700,8.337568
1997-02-11,68.499996,68.624999,66.999997,67.374997,2025100,8.053672
1997-02-10,67.124996,68.374997,66.624998,66.999997,3055500,8.008847
1997-02-07,70.999999,70.999999,66.374996,66.874999,3358300,7.993905
1997-02-06,69.874996,70.624999,69.624999,69.749997,1259100,8.337568
1997-02-05,71.999999,71.999999,69.124996,69.749997,2112900,8.337568
1997-02-04,72.624996,72.749999,71.499997,71.999999,1551000,8.606522
1997-02-03,71.249996,72.499997,70.999999,72.124998,1782100,8.621464
1997-01-31,71.249996,71.874997,70.749998,70.999999,1991900,8.486987
1997-01-30,71.499997,71.874997,70.499996,70.749998,3893600,8.457103
1997-01-29,69.749997,70.624999,66.999997,70.249995,1933500,8.397335
1997-01-28,71.499997,71.499997,68.874995,69.499996,4227700,8.307684
1997-01-27,72.624996,72.749999,69.749997,69.749997,3359200,8.337568
1997-01-24,71.999999,72.749999,71.874997,71.999999,4067800,8.606522
1997-01-23,73.999996,74.249997,71.124997,71.249996,4849900,8.51687
1997-01-22,75.999997,76.874999,72.749999,73.124998,5281800,8.740999
1997-01-21,75.999997,76.499999,74.374995,76.124999,3831900,9.099604
1997-01-20,77.624998,77.624998,76.749996,77.249998,652100,9.234081
1997-01-17,77.624998,77.624998,76.624993,77.499995,1580400,9.263964
1997-01-16,79.374993,79.999998,76.749996,77.624998,1836700,9.278906
1997-01-15,81.124997,81.124997,79.249999,79.249999,699600,9.473151
1997-01-14,81.124997,82.374999,80.999994,81.25,771700,9.712221
1997-01-13,81.874996,82.249996,79.999998,80.374998,478400,9.607628
1997-01-10,79.624999,82.249996,79.124996,81.625,651600,9.757047
1997-01-09,80.500001,80.999994,79.749993,80.125001,406700,9.577744
1997-01-08,81.374994,82.374999,79.999998,80.249995,618900,9.592686
1997-01-07,80.249995,81.499997,79.499996,80.999994,635000,9.682337
1997-01-06,79.499996,80.875,79.499996,80.500001,1697600,9.62257
1997-01-03,79.999998,80.875,78.50,78.999993,1185100,9.443267
1997-01-02,81.874996,81.874996,78.50,78.999993,2265700,9.443267
1996-12-31,82.374999,82.624996,81.25,82.124993,503100,9.816814
1996-12-30,82.999995,84.249997,82.374999,82.374999,941600,9.846698
1996-12-27,84.749999,84.999996,82.499993,82.999995,810600,9.921407
1996-12-26,83.499998,84.624996,83.374995,84.624996,672000,10.115652
1996-12-24,83.499998,83.499998,82.874992,83.250001,897500,9.951291
1996-12-23,82.124993,83.625,82.124993,83.499998,1538700,9.981175
1996-12-20,84.999996,84.999996,81.124997,82.374999,2410000,9.846698
1996-12-19,83.874997,83.874997,82.624996,83.874997,961100,10.026
1996-12-18,80.249995,83.749994,80.125001,83.625,1906000,9.996117
1996-12-17,80.749998,81.499997,79.999998,80.125001,1826700,9.577744
1996-12-16,81.999999,83.749994,81.25,81.25,994300,9.712221
1996-12-13,83.749994,83.874997,82.249996,82.624996,1295200,9.876581
1996-12-12,86.499994,86.499994,84.249997,84.249997,4161300,10.070826
1996-12-11,82.749998,86.000001,80.999994,84.00,6619700,10.040943
1996-12-10,82.249996,85.374996,81.625,84.499993,2733700,10.100709
1996-12-09,79.874995,81.749993,79.624999,81.749993,1295200,9.771988
1996-12-06,78.50,79.874995,78.125,79.499996,751800,9.503034
1996-12-05,79.874995,79.874995,78.624994,78.999993,860400,9.443267
1996-12-04,78.749997,79.874995,78.624994,79.749993,1676300,9.532918
1996-12-03,77.375001,77.874995,76.749996,76.874999,1212600,9.189255
1996-12-02,77.999997,78.125,76.999993,77.124995,781200,9.219139
1996-11-29,78.749997,78.875,77.999997,78.624994,515900,9.398441
1996-11-27,79.874995,79.874995,78.999993,78.999993,390600,9.443267
1996-11-26,79.874995,79.999998,78.624994,79.874995,493100,9.54786
1996-11-25,78.875,80.500001,78.875,79.874995,687200,9.54786
1996-11-22,79.999998,80.249995,78.624994,78.999993,487400,9.443267
1996-11-21,80.125001,80.125001,78.749997,79.874995,649700,9.54786
1996-11-20,79.749993,80.500001,79.249999,80.125001,1430900,9.577744
1996-11-19,77.874995,79.374993,77.375001,77.999997,1882300,9.323732
1996-11-18,76.999993,77.499995,76.499999,76.624993,935900,9.159371
1996-11-15,76.499999,76.999993,75.124999,76.999993,1664400,9.204196
1996-11-14,74.499998,75.874998,73.999996,75.249997,1215900,8.995011
1996-11-13,76.124999,76.124999,74.499998,74.499998,586100,8.90536
1996-11-12,77.750001,77.750001,75.874998,75.999997,2145200,9.084662
1996-11-11,74.874998,76.249993,74.124999,76.124999,859500,9.099604
1996-11-08,73.874997,74.874998,73.749999,74.624997,1090200,8.920301
1996-11-07,73.999996,74.499998,73.499998,73.624996,697200,8.800766
1996-11-06,72.249996,74.499998,71.874997,74.249997,2169900,8.875476
1996-11-05,71.499997,72.374999,69.999999,72.249996,2324100,8.636405
1996-11-04,73.249997,73.249997,71.249996,71.499997,1314600,8.546754
1996-11-01,74.999996,75.124999,72.874997,72.999995,593300,8.726057
1996-10-31,72.624996,74.999996,72.624996,74.249997,1296100,8.875476
1996-10-30,72.374999,73.249997,70.749998,72.749999,2319800,8.696173
1996-10-29,72.249996,73.874997,70.499996,72.124998,5532900,8.621464
1996-10-28,74.999996,76.124999,71.749998,71.999999,2209700,8.606522
1996-10-25,75.999997,75.999997,74.499998,74.749995,666300,8.935243
1996-10-24,76.999993,78.749997,75.874998,76.249993,2555200,9.114545
1996-10-23,79.874995,79.874995,73.249997,77.375001,12164900,9.249023
1996-10-22,80.500001,80.624995,78.999993,79.874995,813000,9.54786
1996-10-21,81.499997,81.499997,80.374998,80.749998,707600,9.652453
1996-10-18,79.999998,81.625,79.874995,81.625,895100,9.757047
1996-10-17,80.875,81.124997,78.999993,79.124996,813500,9.458209
1996-10-16,80.999994,80.999994,79.249999,80.875,967700,9.667396
1996-10-15,81.999999,82.124993,80.875,80.999994,633100,9.682337
1996-10-14,81.625,82.749998,81.625,81.874996,1133300,9.78693
1996-10-11,80.500001,81.999999,80.500001,81.749993,707200,9.771988
1996-10-10,79.624999,80.624995,79.624999,80.249995,788800,9.592686
1996-10-09,80.999994,80.999994,79.624999,79.749993,831500,9.532918
1996-10-08,81.874996,81.874996,80.125001,80.749998,1483100,9.652453
1996-10-07,78.374997,81.874996,78.249994,81.874996,2977600,9.78693
1996-10-04,77.249998,78.624994,77.124995,78.374997,1416200,9.368558
1996-10-03,77.124995,77.375001,76.749996,77.375001,1336000,9.249023
1996-10-02,75.999997,77.249998,75.499999,77.249998,580900,9.234081
1996-10-01,76.749996,76.749996,75.749995,76.124999,1026600,9.099604
1996-09-30,76.749996,77.249998,76.749996,76.874999,642100,9.189255
1996-09-27,76.999993,77.124995,76.499999,76.624993,972500,9.159371
1996-09-26,75.874998,77.249998,75.124999,76.999993,1654000,9.204196
1996-09-25,75.499999,75.749995,74.624997,75.249997,1000500,8.995011
1996-09-24,75.749995,76.374996,75.249997,75.249997,1143800,8.995011
1996-09-23,74.249997,75.749995,74.249997,75.499999,866100,9.024895
1996-09-20,74.249997,74.874998,73.999996,74.499998,1750300,8.90536
1996-09-19,73.749999,74.249997,73.749999,73.999996,1247700,8.845592
1996-09-18,74.624997,74.874998,73.624996,73.999996,1508300,8.845592
1996-09-17,74.249997,76.124999,74.249997,74.874998,1112000,8.950185
1996-09-16,73.374995,75.124999,72.624996,73.999996,1150000,8.845592
1996-09-13,71.249996,73.124998,71.249996,73.124998,2163200,8.740999
1996-09-12,70.874996,71.249996,70.124997,70.624999,944500,8.442161
1996-09-11,70.124997,70.499996,69.874996,70.499996,830600,8.427219
1996-09-10,70.874996,71.124997,69.874996,70.124997,927400,8.382394
1996-09-09,70.499996,71.374999,69.624999,70.874996,882800,8.472045
1996-09-06,68.749997,71.249996,68.749997,70.249995,1152300,8.397335
1996-09-05,68.499996,68.999998,67.874999,67.999998,781700,8.128382
1996-09-04,69.999999,69.999999,69.124996,69.499996,400100,8.307684
1996-09-03,69.624999,70.499996,69.374998,69.999999,433800,8.367452
1996-08-30,70.624999,70.624999,69.374998,69.999999,624600,8.367452
1996-08-29,71.374999,71.624995,69.999999,70.749998,536800,8.457103
1996-08-28,71.749998,71.749998,70.999999,71.624995,288100,8.561696
1996-08-27,71.374999,71.874997,70.874996,71.624995,497400,8.561696
1996-08-26,71.499997,71.499997,70.999999,71.249996,524000,8.51687
1996-08-23,70.749998,71.624995,70.624999,71.624995,1110600,8.561696
1996-08-22,70.874996,71.624995,70.624999,70.999999,995200,8.486987
1996-08-21,71.124997,71.124997,69.999999,70.624999,1030400,8.442161
1996-08-20,71.249996,71.999999,71.249996,71.249996,550500,8.51687
1996-08-19,73.124998,73.249997,71.249996,71.499997,758900,8.546754
1996-08-16,71.374999,73.374995,71.124997,73.249997,1288500,8.755941
1996-08-15,72.874997,72.874997,71.124997,71.124997,666800,8.501929
1996-08-14,72.874997,73.499998,72.874997,73.124998,334100,8.740999
1996-08-13,71.999999,73.999996,71.749998,72.999995,1056900,8.726057
1996-08-12,74.499998,74.749995,72.374999,72.624996,1353600,8.681231
1996-08-09,73.249997,73.499998,72.749999,73.124998,1200300,8.740999
1996-08-08,72.249996,73.249997,71.749998,73.249997,969100,8.755941
1996-08-07,71.499997,72.749999,71.499997,72.249996,1456100,8.636405
1996-08-06,71.249996,71.374999,69.999999,71.374999,715200,8.531813
1996-08-05,72.249996,72.249996,71.124997,71.249996,963000,8.51687
1996-08-02,68.749997,71.999999,68.749997,71.999999,2815300,8.606522
1996-08-01,68.499996,70.874996,68.124996,68.124996,2574200,8.143323
1996-07-31,67.124996,68.624999,67.124996,67.999998,807300,8.128382
1996-07-30,66.624998,67.624998,66.249998,67.624998,1327000,8.083556
1996-07-29,65.874998,66.624998,65.624997,65.999997,676300,7.889312
1996-07-26,66.499999,66.624998,65.499999,66.249998,735600,7.919196
1996-07-25,66.249998,67.374997,66.249998,66.374996,959600,7.934137
1996-07-24,64.999996,66.249998,64.624997,65.374996,2189300,7.814602
1996-07-23,67.124996,67.249998,64.124999,65.624997,1517800,7.844486
1996-07-22,68.249999,68.249999,66.874999,66.874999,813500,7.993905
1996-07-19,69.624999,69.624999,67.999998,68.124996,1297100,8.143323
1996-07-18,67.624998,70.124997,67.624998,69.874996,1335000,8.35251
1996-07-17,68.499996,68.499996,67.249998,67.624998,1437100,8.083556
1996-07-16,66.999997,67.874999,65.249998,66.999997,2646400,8.008847
1996-07-15,69.499996,69.499996,67.124996,67.749996,2376300,8.098498
1996-07-12,70.999999,70.999999,68.124996,69.499996,2424700,8.307684
1996-07-11,71.249996,71.374999,67.624998,70.999999,1634500,8.486987
1996-07-10,71.499997,71.999999,70.374998,71.999999,1360200,8.606522
1996-07-09,72.124998,72.499997,71.749998,71.749998,1392000,8.576638
1996-07-08,73.499998,73.499998,71.499997,71.999999,1509200,8.606522
1996-07-05,74.499998,74.499998,73.374995,73.499998,609900,8.785824
1996-07-03,74.374995,74.624997,74.249997,74.499998,525400,8.90536
1996-07-02,74.749995,75.124999,74.249997,74.374995,425200,8.890417
1996-07-01,74.999996,75.249997,74.874998,75.124999,590900,8.980069
1996-06-28,74.249997,75.499999,74.249997,74.874998,1077800,8.950185
1996-06-27,71.999999,74.249997,71.999999,74.249997,2235800,8.875476
1996-06-26,72.999995,73.124998,71.999999,72.124998,1486900,8.621464
1996-06-25,73.624996,73.874997,72.624996,73.124998,1929700,8.740999
1996-06-24,73.749999,74.374995,73.624996,74.124999,1200300,8.860534
1996-06-21,74.249997,74.249997,73.624996,73.749999,2034600,8.815708
1996-06-20,74.874998,75.124999,73.874997,74.499998,1439500,8.90536
1996-06-19,72.874997,75.249997,72.874997,74.749995,2917800,8.935243
1996-06-18,74.999996,75.249997,72.999995,73.124998,772200,8.740999
1996-06-17,75.624997,75.624997,74.124999,74.874998,824900,8.950185
1996-06-14,76.749996,76.749996,75.374996,75.749995,1264300,9.054778
1996-06-13,76.874999,77.124995,76.624993,76.874999,968700,9.189255
1996-06-12,76.999993,77.249998,76.874999,76.999993,826800,9.204196
1996-06-11,76.874999,77.249998,76.874999,76.999993,753700,9.204196
1996-06-10,76.874999,77.499995,76.499999,76.874999,764100,9.189255
1996-06-07,75.999997,76.999993,75.249997,76.999993,1038400,9.204196
1996-06-06,78.999993,78.999993,76.874999,76.999993,860900,9.204196
1996-06-05,78.374997,78.875,78.249994,78.749997,1231600,9.413383
1996-06-04,78.125,78.374997,77.874995,78.125,951600,9.338674
1996-06-03,78.624994,79.124996,77.624998,77.624998,1430000,9.278906
1996-05-31,76.999993,78.999993,76.749996,78.875,2110100,9.428325
1996-05-30,76.499999,76.874999,76.249993,76.374996,2623100,9.129487
1996-05-29,76.124999,76.624993,75.999997,76.499999,1438000,9.14443
1996-05-28,76.499999,76.499999,75.874998,76.249993,879400,9.114545
1996-05-24,76.999993,76.999993,75.999997,76.499999,571900,9.14443
1996-05-23,77.499995,77.624998,76.624993,76.749996,754100,9.174313
1996-05-22,77.624998,77.750001,76.624993,77.624998,770300,9.278906
1996-05-21,77.249998,77.999997,77.249998,77.499995,954400,9.263964
1996-05-20,76.874999,77.624998,76.874999,77.375001,1667700,9.249023
1996-05-17,77.874995,78.125,76.374996,76.874999,1084000,9.189255
1996-05-16,76.749996,77.874995,76.624993,77.750001,1231600,9.293849
1996-05-15,75.374996,78.125,74.874998,76.999993,3111000,9.204196
1996-05-14,75.874998,75.874998,75.249997,75.374996,1991400,9.009952
1996-05-13,73.499998,74.999996,73.374995,74.999996,2994700,8.965127
1996-05-10,71.124997,71.874997,71.124997,71.874997,873300,8.59158
1996-05-09,71.499997,71.624995,70.499996,70.874996,785900,8.472045
1996-05-08,71.249996,71.499997,69.749997,71.499997,3410500,8.546754
1996-05-07,72.999995,73.124998,71.499997,71.499997,1294700,8.546754
1996-05-06,72.874997,73.499998,72.499997,72.874997,1199300,8.711115
1996-05-03,72.374999,73.249997,71.999999,72.749999,2408600,8.696173
1996-05-02,74.499998,74.499998,72.374999,72.374999,2317500,8.651348
1996-05-01,74.124999,75.124999,73.499998,74.999996,2327000,8.965127
1996-04-30,75.624997,75.624997,73.499998,73.999996,3569500,8.845592
1996-04-29,76.499999,76.624993,73.999996,75.374996,8147500,9.009952
1996-04-26,77.249998,78.374997,76.624993,78.125,579000,9.338674
1996-04-25,77.499995,77.499995,76.249993,76.999993,592800,9.204196
1996-04-24,78.999993,79.249999,77.375001,77.750001,448000,9.293849
1996-04-23,76.874999,79.499996,76.874999,78.749997,1279500,9.413383
1996-04-22,75.499999,76.624993,75.499999,76.624993,768400,9.159371
1996-04-19,73.874997,75.499999,73.499998,75.499999,779800,9.024895
1996-04-18,72.874997,73.874997,72.499997,73.749999,816800,8.815708
1996-04-17,72.249996,72.874997,71.749998,72.624996,717600,8.681231
1996-04-16,72.749999,72.874997,71.999999,71.999999,2434200,8.606522
1996-04-15,71.999999,72.999995,71.624995,72.999995,364500,8.726057
1996-04-12,70.999999,72.124998,70.999999,71.749998,879900,8.576638
1996-04-11,70.874996,71.374999,70.249995,70.999999,928800,8.486987
1996-04-10,71.249996,71.749998,70.749998,71.124997,1205500,8.501929
1996-04-09,71.874997,71.999999,70.624999,71.374999,1087800,8.531813
1996-04-08,69.624999,72.749999,69.624999,72.124998,935900,8.621464
1996-04-04,68.499996,71.249996,68.499996,70.874996,1680600,8.472045
1996-04-03,69.874996,69.874996,68.124996,68.124996,861900,8.143323
1996-04-02,70.249995,70.249995,69.499996,69.874996,1148100,8.35251
1996-04-01,70.749998,70.874996,70.124997,70.374998,795000,8.412278
1996-03-29,71.249996,71.374999,70.374998,70.374998,1152800,8.412278
1996-03-28,71.749998,72.124998,70.999999,71.374999,452300,8.531813
1996-03-27,72.249996,73.249997,71.749998,71.874997,445200,8.59158
1996-03-26,71.749998,72.749999,70.999999,71.874997,690500,8.59158
1996-03-25,72.749999,72.749999,71.374999,72.124998,739900,8.621464
1996-03-22,71.374999,71.624995,69.749997,71.374999,413900,8.531813
1996-03-21,72.624996,72.874997,70.624999,70.874996,858100,8.472045
1996-03-20,73.749999,73.749999,71.499997,72.874997,1065500,8.711115
1996-03-19,73.499998,74.624997,72.249996,74.499998,825800,8.90536
1996-03-18,71.124997,73.999996,71.124997,72.999995,717600,8.726057
1996-03-15,71.249996,71.749998,70.124997,71.124997,992400,8.501929
1996-03-14,70.749998,72.124998,70.749998,71.499997,804000,8.546754
1996-03-13,69.374998,70.874996,69.249999,70.749998,963900,8.457103
1996-03-12,70.374998,70.374998,67.874999,69.749997,947800,8.337568
1996-03-11,71.124997,71.499997,70.749998,70.749998,626900,8.457103
1996-03-08,70.999999,72.624996,69.999999,71.749998,1341700,8.576638
1996-03-07,73.874997,73.874997,72.249996,72.874997,856700,8.711115
1996-03-06,74.624997,74.749995,73.499998,73.624996,530600,8.800766
1996-03-05,71.624995,74.749995,71.624995,74.749995,1431400,8.935243
1996-03-04,72.374999,72.749999,71.374999,71.499997,1673400,8.546754
1996-03-01,73.374995,73.374995,71.249996,72.124998,2227300,8.621464
1996-02-29,74.874998,74.999996,72.874997,72.999995,1198800,8.726057
1996-02-28,75.624997,76.499999,75.374996,75.374996,783100,9.009952
1996-02-27,76.999993,77.499995,75.374996,75.374996,476000,9.009952
1996-02-26,77.999997,77.999997,76.999993,76.999993,540100,9.204196
1996-02-23,78.249994,78.749997,77.499995,78.125,505900,9.338674
1996-02-22,78.50,78.999993,77.874995,77.999997,690500,9.323732
1996-02-21,76.999993,78.125,76.499999,78.125,900300,9.338674
1996-02-20,76.624993,76.874999,75.874998,76.749996,625500,9.174313
1996-02-16,78.749997,79.124996,77.750001,77.874995,1290900,9.30879
1996-02-15,79.749993,80.749998,78.50,78.50,1132900,9.3835
1996-02-14,77.874995,79.874995,77.624998,79.874995,1446600,9.54786
1996-02-13,77.874995,78.624994,77.249998,77.999997,727600,9.323732
1996-02-12,78.999993,79.249999,77.750001,77.874995,727100,9.30879
1996-02-09,77.999997,79.999998,77.874995,78.374997,2125300,9.368558
1996-02-08,77.249998,77.999997,76.499999,77.999997,627900,9.323732
1996-02-07,78.125,78.125,76.374996,77.124995,909300,9.219139
1996-02-06,76.374996,78.125,75.624997,77.624998,893700,9.278906
1996-02-05,77.249998,77.375001,76.124999,76.374996,1257200,9.129487
1996-02-02,77.750001,78.50,77.124995,77.124995,1208300,9.219139
1996-02-01,75.999997,78.749997,75.999997,77.999997,1671500,9.323732
1996-01-31,75.874998,76.749996,75.749995,76.249993,849500,9.114545
1996-01-30,76.499999,76.874999,75.749995,76.374996,728500,9.129487
1996-01-29,74.249997,76.874999,74.249997,76.624993,397200,9.159371
1996-01-26,74.749995,75.249997,73.374995,74.499998,823400,8.90536
1996-01-25,77.249998,77.249998,74.749995,74.874998,1238200,8.950185
1996-01-24,77.499995,79.374993,76.999993,77.499995,829100,9.263964
1996-01-23,75.874998,77.999997,74.624997,77.375001,1399100,9.249023
1996-01-22,74.749995,76.249993,74.624997,76.124999,2801100,9.099604
1996-01-19,70.874996,77.750001,70.249995,74.624997,3610800,8.920301
1996-01-18,69.749997,70.999999,68.874995,70.999999,722300,8.486987
1996-01-17,69.749997,71.874997,69.374998,69.499996,968200,8.307684
1996-01-16,67.624998,70.749998,67.374997,70.749998,1346900,8.457103
1996-01-15,67.749996,68.624999,67.749996,68.124996,1050800,8.143323
1996-01-12,68.749997,68.749997,66.999997,68.249999,1000500,8.158266
1996-01-11,66.499999,68.999998,66.499999,68.999998,1231100,8.247917
1996-01-10,65.999997,68.874995,65.124999,66.374996,1550000,7.934137
1996-01-09,68.999998,68.999998,65.624997,65.999997,1182200,7.889312
1996-01-08,68.249999,69.124996,68.249999,68.874995,71700,8.232975
1996-01-05,67.249998,68.749997,66.249998,67.999998,1089700,8.128382
1996-01-04,69.999999,70.124997,67.999998,68.374997,2037000,8.173207
1996-01-03,69.999999,71.124997,69.874996,69.999999,1152300,8.367452
1996-01-02,69.999999,70.249995,69.624999,70.124997,2193600,8.382394
1995-12-29,71.249996,71.374999,69.999999,70.249995,1126700,8.397335
1995-12-28,70.124997,71.499997,69.999999,71.374999,1533000,8.531813
1995-12-27,69.999999,70.499996,69.874996,70.374998,531600,8.412278
1995-12-26,70.499996,70.624999,69.749997,69.999999,550100,8.367452
1995-12-22,69.999999,71.749998,69.999999,70.249995,497400,8.397335
1995-12-21,69.249999,70.124997,69.249999,69.749997,1322200,8.337568
1995-12-20,69.999999,70.249995,69.124996,69.249999,725700,8.277801
1995-12-19,68.999998,69.999999,68.749997,69.999999,1430000,8.367452
1995-12-18,70.249995,70.249995,69.249999,69.374998,1011400,8.292742
1995-12-15,71.499997,71.499997,69.624999,70.249995,1465600,8.397335
1995-12-14,73.499998,73.749999,72.624996,72.624996,850000,8.681231
1995-12-13,73.624996,73.999996,73.499998,73.624996,1066400,8.800766
1995-12-12,73.874997,73.999996,73.249997,73.874997,797300,8.83065
1995-12-11,74.624997,74.624997,73.499998,73.874997,532000,8.83065
1995-12-08,71.499997,74.624997,71.499997,74.624997,609400,8.920301
1995-12-07,72.749999,72.749999,71.374999,71.999999,660200,8.606522
1995-12-06,73.749999,73.749999,72.124998,72.999995,1180800,8.726057
1995-12-05,71.499997,75.249997,71.499997,74.624997,2065900,8.920301
1995-12-04,71.749998,72.874997,70.999999,71.499997,1156600,8.546754
1995-12-01,72.624996,73.124998,71.374999,71.749998,1631200,8.576638
1995-11-30,70.499996,72.749999,70.374998,72.749999,967200,8.696173
1995-11-29,69.499996,70.249995,69.249999,70.249995,693400,8.397335
1995-11-28,70.124997,70.124997,68.624999,68.874995,845700,8.232975
1995-11-27,69.999999,70.999999,69.999999,70.374998,681100,8.412278
1995-11-24,69.624999,70.124997,69.499996,69.874996,318000,8.35251
1995-11-22,69.874996,70.374998,69.374998,69.374998,645900,8.292742
1995-11-21,70.374998,71.249996,69.499996,69.499996,917400,8.307684
1995-11-20,70.999999,71.999999,69.874996,70.124997,952500,8.382394
1995-11-17,73.999996,74.499998,72.874997,72.874997,1269600,8.711115
1995-11-16,72.249996,74.124999,71.499997,73.999996,1664900,8.845592
1995-11-15,71.749998,72.624996,71.499997,72.624996,2581300,8.681231
1995-11-14,70.749998,71.624995,69.499996,70.624999,1640700,8.442161
1995-11-13,70.499996,71.249996,69.749997,70.999999,849500,8.486987
1995-11-10,68.374997,72.999995,68.374997,71.499997,1072100,8.546754
1995-11-09,67.749996,68.749997,67.749996,68.15624,394900,8.147058
1995-11-08,68.124996,68.124996,66.999997,67.124996,521600,8.023788
1995-11-07,68.874995,69.499996,67.624998,67.874999,686700,8.11344
1995-11-06,68.249999,69.249999,68.249999,68.999998,829100,8.247917
1995-11-03,67.624998,68.374997,67.374997,68.374997,520200,8.173207
1995-11-02,65.999997,68.499996,65.874998,67.499995,787800,8.068614
1995-11-01,66.624998,67.249998,65.999997,66.124995,539100,7.904253
1995-10-31,68.374997,68.499996,66.624998,66.874999,815800,7.993905
1995-10-30,66.499999,69.874996,66.499999,68.249999,649300,8.158266
1995-10-27,66.374996,66.999997,66.124995,66.249998,534900,7.919196
1995-10-26,67.124996,67.249998,65.499999,66.374996,958700,7.934137
1995-10-25,67.999998,68.249999,66.374996,66.999997,770800,8.008847
1995-10-24,68.249999,68.749997,67.499995,67.749996,1022800,8.098498
1995-10-23,67.499995,67.999998,66.624998,67.749996,1004700,8.098498
1995-10-20,69.374998,69.374998,67.624998,67.749996,853300,8.098498
1995-10-19,69.874996,69.999999,68.749997,69.124996,703400,8.262859
1995-10-18,69.624999,70.249995,69.374998,69.874996,1122400,8.35251
1995-10-17,66.999997,69.124996,66.999997,69.124996,436200,8.262859
1995-10-16,67.249998,67.374997,66.749996,66.999997,673000,8.008847
1995-10-13,66.999997,67.874999,66.749996,66.999997,558100,8.008847
1995-10-12,65.249998,67.499995,65.249998,66.624998,946400,7.964021
1995-10-11,63.749999,65.124999,63.749999,64.999996,919800,7.769777
1995-10-10,63.749999,63.999996,63.124998,63.624996,1187400,7.605416
1995-10-09,64.624997,65.124999,64.374996,64.874998,524400,7.754835
1995-10-06,64.624997,64.874998,64.249997,64.874998,390600,7.754835
1995-10-05,62.624996,64.874998,62.499998,64.874998,641700,7.754835
1995-10-04,63.499998,63.499998,62.874997,62.874997,1025100,7.515765
1995-10-03,63.999996,63.999996,63.124998,63.499998,898400,7.590474
1995-10-02,64.624997,64.874998,63.999996,63.999996,536300,7.650241
1995-09-29,65.374996,65.374996,64.249997,64.374996,922100,7.695067
1995-09-28,63.375,65.374996,63.375,65.374996,890300,7.814602
1995-09-27,62.00,63.624996,61.749998,63.624996,1570900,7.605416
1995-09-26,62.00,62.999996,62.00,62.249996,1736600,7.441055
1995-09-25,60.999999,61.374999,60.749998,61.374999,811100,7.336462
1995-09-22,60.999999,61.624995,60.874996,60.874996,1472700,7.276695
1995-09-21,62.00,62.249996,60.749998,60.749998,856200,7.261753
1995-09-20,61.749998,62.499998,61.749998,62.249996,890800,7.441055
1995-09-19,62.124998,62.249996,61.374999,62.249996,939700,7.441055
1995-09-18,62.374999,62.374999,61.874997,62.249996,576200,7.441055
1995-09-15,63.499998,63.499998,62.374999,62.624996,1032300,7.485881
1995-09-14,63.124998,63.749999,62.749999,63.499998,482200,7.590474
1995-09-13,62.624996,63.499998,62.624996,63.249997,700500,7.56059
1995-09-12,61.874997,62.499998,61.874997,62.374999,775500,7.455997
1995-09-11,61.374999,62.00,61.249996,61.874997,383500,7.39623
1995-09-08,61.749998,61.749998,61.249996,61.499997,352600,7.351404
1995-09-07,61.874997,61.874997,61.249996,61.249996,610800,7.32152
1995-09-06,61.749998,62.249996,61.499997,61.499997,347400,7.351404
1995-09-05,59.999999,62.124998,59.999999,62.00,599400,7.411172
1995-09-01,60.374998,60.374998,59.874996,60.249995,396800,7.201985
1995-08-31,59.874996,60.374998,59.749998,60.249995,943000,7.201985
1995-08-30,60.374998,60.499997,59.624999,59.874996,340300,7.157159
1995-08-29,59.874996,60.999999,58.999998,60.499997,505000,7.231869
1995-08-28,60.999999,60.999999,59.749998,59.874996,495500,7.157159
1995-08-25,59.999999,61.124998,59.999999,60.999999,1077800,7.291637
1995-08-24,59.499996,59.999999,59.499996,59.999999,440000,7.172102
1995-08-23,59.624999,59.874996,59.124997,59.499996,942600,7.112334
1995-08-22,59.374998,59.624999,58.999998,59.624999,560000,7.127276
1995-08-21,59.999999,59.999999,59.374998,59.374998,363500,7.097392
1995-08-18,59.999999,59.999999,59.499996,59.874996,516400,7.157159
1995-08-17,60.249995,60.249995,59.624999,59.749998,376800,7.142218
1995-08-16,59.624999,60.874996,59.499996,60.249995,537700,7.201985
1995-08-15,59.624999,59.624999,58.124996,59.25,478900,7.08245
1995-08-14,58.874995,59.874996,58.874995,59.374998,555800,7.097392
1995-08-11,59.124997,59.25,58.374997,58.874995,289500,7.037624
1995-08-10,59.25,59.749998,58.374997,58.874995,365000,7.037624
1995-08-09,57.999998,59.25,57.999998,59.124997,263900,7.067508
1995-08-08,58.749997,58.749997,57.875,57.875,458900,6.91809
1995-08-07,58.749997,59.124997,58.499996,58.749997,723300,7.022683
1995-08-04,56.874999,57.999998,56.874999,57.999998,1356400,6.933032
1995-08-03,56.999997,56.999997,55.499999,56.624998,1502100,6.768671
1995-08-02,58.374997,58.499996,57.50,57.50,655400,6.873264
1995-08-01,58.999998,58.999998,58.124996,58.124996,855200,6.947973
1995-07-31,58.999998,58.999998,58.499996,58.999998,728000,7.052567
1995-07-28,61.249996,61.249996,58.749997,58.749997,1047000,7.022683
1995-07-27,60.249995,61.499997,60.249995,60.999999,1010900,7.291637
1995-07-26,61.249996,61.249996,60.249995,60.499997,2065000,7.231869
1995-07-25,55.499999,58.374997,55.499999,58.249999,2516300,6.962915
1995-07-24,55.374996,55.749996,55.124999,55.624997,512600,6.649136
1995-07-21,54.624997,55.374996,54.499999,55.374996,2397700,6.619252
1995-07-20,53.874998,55.249998,51.374999,55.124999,644000,6.589368
1995-07-19,54.374996,54.499999,51.937498,53.874998,969100,6.439949
1995-07-18,55.999997,55.999997,54.999997,55.124999,321800,6.589368
1995-07-17,55.624997,56.374997,55.499999,56.249998,483600,6.723845
1995-07-14,55.749996,55.999997,55.124999,55.374996,674400,6.619252
1995-07-13,56.749996,56.749996,56.125,56.374997,468900,6.738787
1995-07-12,56.249998,56.874999,56.125,56.749996,673900,6.783613
1995-07-11,56.624998,56.749996,55.749996,55.749996,584200,6.664077
1995-07-10,56.624998,56.874999,56.624998,56.624998,850000,6.768671
1995-07-07,56.999997,56.999997,56.249998,56.374997,593300,6.738787
1995-07-06,56.749996,57.124996,56.624998,56.999997,764600,6.813496
1995-07-05,57.249999,57.749997,56.624998,56.624998,643100,6.768671
1995-07-03,56.874999,57.374997,56.499999,57.374997,226900,6.858322
1995-06-30,55.499999,56.874999,54.999997,56.874999,542000,6.798555
1995-06-29,54.499999,55.499999,54.499999,55.499999,632600,6.634194
1995-06-28,54.75,54.999997,54.499999,54.624997,781200,6.529601
1995-06-27,53.999996,54.75,53.999996,54.75,1510200,6.544543
1995-06-26,53.749999,54.249997,53.624997,53.749999,536800,6.425008
1995-06-23,54.874998,54.874998,54.249997,54.374996,398700,6.499717
1995-06-22,53.999996,55.249998,53.874998,54.999997,869500,6.574426
1995-06-21,54.374996,54.499999,54.249997,54.249997,431900,6.484775
1995-06-20,54.499999,54.75,54.249997,54.374996,679200,6.499717
1995-06-19,53.999996,54.624997,53.999996,54.624997,399100,6.529601
1995-06-16,53.874998,54.249997,53.749999,54.124999,828200,6.469833
1995-06-15,53.874998,54.124999,53.499998,53.749999,624600,6.425008
1995-06-14,53.624997,53.874998,53.249997,53.874998,813900,6.439949
1995-06-13,52.499998,53.874998,52.499998,53.874998,1108200,6.439949
1995-06-12,52.249997,52.499998,52.249997,52.249997,679600,6.245705
1995-06-09,52.374999,52.499998,52.124998,52.124998,1096300,6.230763
1995-06-08,52.499998,52.499998,51.874997,52.374999,3081100,6.260647
1995-06-07,53.124999,53.375,52.624996,52.749999,1328400,6.305473
1995-06-06,52.999996,53.375,52.999996,53.249997,603700,6.36524
1995-06-05,52.999996,53.375,52.874997,53.375,598000,6.380182
1995-06-02,52.999996,53.499998,52.874997,53.249997,908400,6.36524
1995-06-01,52.999996,53.124999,52.499998,52.999996,805900,6.335356
1995-05-31,52.124998,52.999996,52.00,52.999996,1366400,6.335356
1995-05-30,52.249997,52.374999,52.00,52.124998,925900,6.230763
1995-05-26,52.00,52.624996,52.00,52.499998,1424300,6.275589
1995-05-25,52.00,52.00,51.749999,52.00,558600,6.215822
1995-05-24,51.749999,52.00,51.499997,52.00,1186500,6.215822
1995-05-23,51.249996,51.749999,50.874997,51.749999,1588000,6.185938
1995-05-22,50.625,51.374999,50.625,51.124998,1112900,6.111228
1995-05-19,50.874997,50.999999,50.499997,50.874997,1876600,6.081344
1995-05-18,50.374999,51.749999,50.374999,50.874997,3127100,6.081344
1995-05-17,48.999999,49.999999,48.999999,49.999999,1573300,5.976751
1995-05-16,48.875,49.374998,48.875,49.25,405800,5.8871
1995-05-15,49.124997,49.25,48.875,49.25,338900,5.8871
1995-05-12,48.249999,48.875,48.249999,48.875,701900,5.842275
1995-05-11,47.749997,48.249999,46.999998,48.249999,1174600,5.767565
1995-05-10,48.499996,48.499996,47.124996,47.875,2094900,5.72274
1995-05-09,49.124997,49.374998,47.999998,48.249999,1151900,5.767565
1995-05-08,49.25,49.874996,48.999999,49.624999,567100,5.931926
1995-05-05,49.874996,49.874996,48.875,48.999999,921700,5.857216
1995-05-04,49.499996,50.25,49.374998,49.499996,1437600,5.916984
1995-05-03,48.499996,49.624999,48.499996,49.374998,538700,5.902042
1995-05-02,47.999998,48.499996,47.50,47.999998,6991800,5.737681
1995-05-01,49.124997,49.374998,48.624999,48.999999,569000,5.857216
1995-04-28,48.999999,49.624999,48.999999,49.374998,767400,5.902042
1995-04-27,47.50,49.374998,47.374997,48.999999,1105800,5.857216
1995-04-26,47.875,47.999998,47.249999,47.999998,692900,5.737681
1995-04-25,48.624999,48.624999,47.124996,47.875,1213600,5.72274
1995-04-24,47.749997,49.25,47.749997,49.25,545800,5.8871
1995-04-21,46.999998,47.999998,46.50,47.999998,1172300,5.737681
1995-04-20,46.874999,47.124996,46.624998,46.749996,687200,5.588262
1995-04-19,47.999998,47.999998,46.749996,46.749996,1350700,5.588262
1995-04-18,47.374997,47.999998,47.249999,47.999998,720400,5.737681
1995-04-17,49.124997,49.187498,47.249999,47.249999,817300,5.64803
1995-04-13,49.25,49.499996,49.124997,49.124997,374500,5.872158
1995-04-12,49.624999,49.624999,48.999999,49.124997,354500,5.872158
1995-04-11,48.999999,50.124997,48.999999,49.874996,1056900,5.961809
1995-04-10,47.875,48.749997,47.749997,48.749997,1180300,5.827332
1995-04-07,48.374998,48.374998,47.875,47.999998,861400,5.737681
1995-04-06,48.249999,48.499996,48.124996,48.249999,440400,5.767565
1995-04-05,48.124996,48.374998,47.749997,48.374998,1700000,5.782507
1995-04-04,49.124997,49.124997,47.999998,48.249999,1465100,5.767565
1995-04-03,49.25,49.499996,48.624999,49.124997,403400,5.872158
1995-03-31,49.124997,49.499996,48.875,49.374998,697700,5.902042
1995-03-30,49.749998,49.749998,48.749997,49.624999,1280900,5.931926
1995-03-29,49.749998,50.124997,49.499996,49.499996,2037900,5.916984
1995-03-28,48.999999,50.25,48.999999,49.874996,3087700,5.961809
1995-03-27,52.00,52.00,51.499997,51.625,613700,6.170996
1995-03-24,51.874997,52.124998,51.749999,52.124998,1068800,6.230763
1995-03-23,51.749999,51.874997,51.374999,51.874997,809200,6.200879
1995-03-22,51.249996,51.749999,50.999999,51.749999,1137100,6.185938
1995-03-21,50.499997,51.749999,50.499997,51.249996,1989000,6.12617
1995-03-20,49.749998,50.499997,49.624999,50.499997,1068300,6.036519
1995-03-17,50.25,50.374999,49.624999,49.624999,1257700,5.931926
1995-03-16,50.374999,50.499997,50.124997,50.124997,816800,5.991693
1995-03-15,50.124997,50.374999,49.999999,50.374999,817700,6.021577
1995-03-14,49.999999,50.25,49.874996,49.999999,763600,5.976751
1995-03-13,49.999999,50.25,49.749998,49.999999,589500,5.976751
1995-03-10,49.999999,49.999999,49.499996,49.749998,533500,5.946867
1995-03-09,49.749998,49.874996,49.124997,49.749998,494500,5.946867
1995-03-08,49.374998,49.749998,48.499996,49.749998,775000,5.946867
1995-03-07,49.999999,49.999999,48.749997,49.25,524900,5.8871
1995-03-06,49.749998,49.999999,49.374998,49.999999,725200,5.976751
1995-03-03,48.875,50.124997,48.875,49.999999,578500,5.976751
1995-03-02,49.25,49.624999,48.875,49.124997,441400,5.872158
1995-03-01,49.499996,50.374999,49.25,49.749998,1262900,5.946867
1995-02-28,47.999998,49.124997,47.875,49.124997,317000,5.872158
1995-02-27,48.749997,48.749997,47.749997,47.875,597500,5.72274
1995-02-24,49.499996,49.499996,48.374998,48.374998,597500,5.782507
1995-02-23,49.25,49.999999,49.124997,49.374998,832000,5.902042
1995-02-22,49.374998,49.374998,48.374998,48.749997,1006600,5.827332
1995-02-21,50.124997,50.124997,49.374998,49.499996,546700,5.916984
1995-02-17,50.374999,50.499997,49.999999,49.999999,1042700,5.976751
1995-02-16,49.374998,50.374999,49.25,50.374999,1263900,6.021577
1995-02-15,49.874996,49.874996,49.124997,49.499996,1270500,5.916984
1995-02-14,50.625,50.625,49.874996,49.874996,1015600,5.961809
1995-02-13,50.374999,50.625,49.749998,50.625,1958200,6.051461
1995-02-10,50.499997,50.999999,50.25,50.374999,2684800,6.021577
1995-02-09,50.749998,51.499997,50.374999,50.499997,9299800,6.036519
1995-02-08,50.749998,50.999999,50.374999,50.999999,402000,6.096286
1995-02-07,49.624999,51.499997,49.624999,50.749998,1159400,6.066403
1995-02-06,49.749998,50.124997,49.749998,49.874996,333600,5.961809
1995-02-03,49.749998,50.499997,49.749998,50.25,432400,6.006635
1995-02-02,49.749998,49.874996,49.124997,49.499996,312800,5.916984
1995-02-01,48.374998,49.749998,47.999998,49.749998,999000,5.946867
1995-01-31,47.999998,48.124996,47.749997,48.124996,236800,5.752623
1995-01-30,48.999999,49.124997,47.875,48.124996,475100,5.752623
1995-01-27,48.374998,49.25,48.249999,48.999999,603200,5.857216
1995-01-26,48.499996,48.624999,47.999998,48.624999,460800,5.812391
1995-01-25,48.249999,48.999999,47.749997,48.499996,621300,5.797448
1995-01-24,48.499996,48.499996,47.875,48.374998,1094900,5.782507
1995-01-23,47.999998,48.499996,47.249999,48.374998,792600,5.782507
1995-01-20,48.999999,48.999999,47.875,47.999998,1668700,5.737681
1995-01-19,49.624999,49.874996,49.25,49.25,372100,5.8871
1995-01-18,49.499996,49.999999,49.499996,49.624999,428600,5.931926
1995-01-17,49.874996,49.999999,49.624999,49.874996,697700,5.961809
1995-01-16,49.874996,49.999999,49.499996,49.874996,762700,5.961809
1995-01-13,49.749998,50.374999,48.999999,49.874996,780700,5.961809
1995-01-12,50.124997,51.499997,49.749998,50.749998,860000,6.066403
1995-01-11,50.124997,50.124997,49.124997,49.874996,353600,5.961809
1995-01-10,50.25,50.625,49.749998,49.874996,762700,5.961809
1995-01-09,49.749998,50.124997,49.749998,50.124997,607500,5.991693
1995-01-06,49.124997,49.499996,48.875,49.499996,1776900,5.916984
1995-01-05,49.624999,49.999999,48.875,48.875,1178400,5.842275
1995-01-04,50.499997,50.499997,48.749997,49.374998,1403900,5.902042
1995-01-03,50.999999,52.249997,50.25,50.499997,742700,6.036519
1994-12-30,50.874997,52.624996,50.749998,50.999999,643600,6.096286
1994-12-29,50.374999,50.625,49.124997,50.374999,691500,6.021577
1994-12-28,51.874997,51.874997,49.749998,50.25,435200,6.006635
1994-12-27,51.499997,51.874997,51.499997,51.874997,269600,6.200879
1994-12-23,50.25,51.249996,49.874996,51.249996,418100,6.12617
1994-12-22,49.749998,50.625,49.749998,50.374999,393400,6.021577
1994-12-21,48.499996,49.749998,48.499996,49.749998,899400,5.946867
1994-12-20,49.124997,49.374998,48.249999,48.249999,843400,5.767565
1994-12-19,49.124997,49.25,48.124996,48.875,367300,5.842275
1994-12-16,48.499996,49.624999,48.374998,49.624999,794500,5.931926
1994-12-15,47.999998,49.874996,47.999998,48.374998,1135200,5.782507
1994-12-14,46.749996,47.374997,46.624998,47.374997,1370600,5.662972
1994-12-13,45.499999,46.874999,45.499999,46.624998,948300,5.573321
1994-12-12,45.374996,45.499999,44.999997,45.499999,394900,5.438844
1994-12-09,45.874999,45.874999,44.999997,45.374996,610800,5.423902
1994-12-08,46.624998,46.874999,45.125,45.874999,1231600,5.483669
1994-12-07,47.249999,47.624998,46.249998,46.999998,699600,5.618146
1994-12-06,47.875,47.875,47.374997,47.875,762200,5.72274
1994-12-05,47.749997,47.999998,46.874999,47.749997,640700,5.707797
1994-12-02,45.999997,46.50,45.749996,46.50,445200,5.558379
1994-12-01,46.249998,46.249998,45.125,45.874999,346000,5.483669
1994-11-30,46.50,46.624998,46.125,46.125,288100,5.513553
1994-11-29,46.624998,46.999998,46.249998,46.50,300400,5.558379
1994-11-28,45.749996,46.874999,45.749996,46.874999,395800,5.603204
1994-11-25,45.249998,45.874999,45.249998,45.874999,155200,5.483669
1994-11-23,45.374996,45.499999,43.249997,44.999997,807300,5.379076
1994-11-22,46.50,46.50,45.374996,45.374996,492600,5.423902
1994-11-21,47.999998,47.999998,46.50,46.50,465100,5.558379
1994-11-18,47.374997,48.124996,47.374997,47.875,566700,5.72274
1994-11-17,47.749997,47.875,46.749996,47.374997,417200,5.662972
1994-11-16,47.875,47.875,47.624998,47.749997,305600,5.707797
1994-11-15,47.875,47.875,47.50,47.749997,511100,5.707797
1994-11-14,45.624998,47.875,45.624998,47.875,463200,5.72274
1994-11-11,46.624998,46.624998,45.374996,45.624998,193600,5.453785
1994-11-10,46.999998,46.999998,46.624998,46.624998,197000,5.573321
1994-11-09,47.249999,47.249999,46.249998,46.749996,388700,5.588262
1994-11-08,46.50,46.874999,46.374997,46.874999,546300,5.603204
1994-11-07,46.624998,46.874999,46.125,46.749996,500200,5.588262
1994-11-04,46.749996,47.875,46.624998,46.624998,874200,5.573321
1994-11-03,46.874999,46.999998,46.624998,46.749996,401500,5.588262
1994-11-02,45.874999,47.249999,45.749996,46.749996,1414300,5.588262
1994-11-01,46.249998,46.249998,45.125,45.374996,382100,5.423902
1994-10-31,46.374997,46.874999,45.874999,46.50,679200,5.558379
1994-10-28,43.874998,46.874999,43.624997,46.374997,1097700,5.543437
1994-10-27,43.624997,43.999996,43.624997,43.874998,397200,5.244599
1994-10-26,42.499998,43.499998,42.499998,43.499998,789700,5.199774
1994-10-25,42.624996,43.375,41.499998,42.249997,466500,5.050355
1994-10-24,43.874998,44.375,42.499998,42.624996,280500,5.09518
1994-10-21,43.874998,44.124999,43.249997,43.999996,696700,5.259541
1994-10-20,43.624997,43.874998,43.00,43.75,398200,5.229658
1994-10-19,43.00,44.124999,42.874998,43.874998,594200,5.244599
1994-10-18,42.375,43.249997,42.375,43.124999,407700,5.154948
1994-10-17,43.00,43.124999,42.249997,42.249997,228800,5.050355
1994-10-14,43.375,43.375,42.749999,43.00,196000,5.140006
1994-10-13,43.75,44.249998,43.124999,43.124999,605600,5.154948
1994-10-12,43.124999,43.124999,42.499998,43.00,225400,5.140006
1994-10-11,42.375,43.499998,42.375,43.00,1084500,5.140006
1994-10-10,41.499998,42.499998,41.499998,42.124998,1241100,5.035413
1994-10-07,41.249996,42.00,41.249996,41.749999,846200,4.990587
1994-10-06,41.625,41.625,41.124998,41.249996,402000,4.93082
1994-10-05,41.374999,41.499998,41.00,41.374999,764600,4.945762
1994-10-04,42.749999,42.874998,41.749999,41.749999,1444200,4.990587
1994-10-03,43.499998,43.499998,42.624996,42.749999,917400,5.110122
1994-09-30,43.124999,43.999996,43.00,43.499998,787800,5.199774
1994-09-29,42.499998,43.249997,42.375,43.124999,378700,5.154948
1994-09-28,42.249997,42.375,42.00,42.249997,1472700,5.050355
1994-09-27,42.874998,43.249997,41.625,41.874997,739400,5.005529
1994-09-26,43.375,43.624997,42.874998,42.874998,271900,5.125064
1994-09-23,43.124999,43.624997,43.00,43.375,169400,5.184832
1994-09-22,42.499998,43.124999,42.499998,42.874998,344100,5.125064
1994-09-21,43.00,43.124999,42.249997,42.624996,566700,5.09518
1994-09-20,43.874998,43.874998,42.874998,43.124999,699600,5.154948
1994-09-19,43.999996,44.375,43.999996,44.124999,457000,5.274483
1994-09-16,43.375,44.124999,42.499998,44.124999,889400,5.274483
1994-09-15,42.499998,43.499998,42.249997,43.499998,418100,5.199774
1994-09-14,42.249997,42.375,42.00,42.249997,1012300,5.050355
1994-09-13,43.00,43.124999,42.00,42.124998,628800,5.035413
1994-09-12,43.499998,43.499998,42.749999,42.749999,426700,5.110122
1994-09-09,44.124999,44.249998,43.499998,43.499998,705700,5.199774
1994-09-08,44.124999,44.499999,43.75,44.124999,497400,5.274483
1994-09-07,44.249998,44.249998,43.624997,44.124999,597000,5.274483
1994-09-06,43.874998,44.249998,43.874998,44.249998,223100,5.289425
1994-09-02,44.624997,44.624997,43.999996,44.124999,430900,5.274483
1994-09-01,44.624997,44.624997,43.687498,43.999996,385400,5.259541
1994-08-31,45.125,45.125,44.75,44.874998,840500,5.364134
1994-08-30,44.999997,45.249998,44.874998,45.125,814400,5.394018
1994-08-29,43.999996,45.249998,43.999996,45.125,1105300,5.394018
1994-08-26,42.874998,44.624997,42.874998,43.75,905500,5.229658
1994-08-25,43.499998,43.624997,42.499998,42.624996,433300,5.09518
1994-08-24,42.499998,43.75,42.249997,43.75,567600,5.229658
1994-08-23,41.625,42.624996,41.625,42.249997,342700,5.050355
1994-08-22,41.874997,42.00,41.499998,41.499998,161800,4.960703
1994-08-19,42.375,42.375,41.749999,42.00,366400,5.020471
1994-08-18,42.00,42.499998,42.00,42.124998,542900,5.035413
1994-08-17,41.625,42.124998,41.625,42.124998,523500,5.035413
1994-08-16,40.749998,41.749999,40.749998,41.499998,932100,4.960703
1994-08-15,40.749998,40.749998,40.499997,40.625,2281900,4.856111
1994-08-12,41.874997,41.874997,41.00,41.00,422400,4.900936
1994-08-11,41.124998,42.00,41.124998,41.874997,446100,5.005529
1994-08-10,39.999999,41.124998,39.999999,41.00,1521600,4.900936
1994-08-09,40.874997,40.874997,39.999999,39.999999,1136700,4.781401
1994-08-08,41.249996,41.249996,40.749998,40.874997,454700,4.885994
1994-08-05,41.124998,41.374999,41.00,41.00,814400,4.900936
1994-08-04,42.249997,42.375,40.874997,41.249996,853300,4.93082
1994-08-03,40.874997,42.874998,40.499997,42.749999,1211700,5.110122
1994-08-02,41.00,41.499998,40.499997,40.874997,1930700,4.885994
1994-08-01,42.00,42.124998,39.749998,40.124998,1118200,4.796343
1994-07-29,42.00,42.00,41.499998,41.749999,899800,4.990587
1994-07-28,42.375,42.499998,41.874997,42.00,573800,5.020471
1994-07-27,43.00,43.00,42.124998,42.124998,283800,5.035413
1994-07-26,43.999996,43.999996,42.874998,42.874998,805400,5.125064
1994-07-25,44.124999,44.249998,43.624997,43.624997,949700,5.214715
1994-07-22,44.375,44.624997,43.75,43.874998,257200,5.244599
1994-07-21,44.499999,44.499999,44.249998,44.249998,297100,5.289425
1994-07-20,44.624997,44.624997,44.499999,44.499999,351200,5.319309
1994-07-19,44.75,44.75,44.249998,44.375,430500,5.304367
1994-07-18,44.124999,44.75,44.124999,44.75,388700,5.349193
1994-07-15,44.75,45.249998,44.499999,44.75,664900,5.349193
1994-07-14,43.624997,44.874998,43.499998,44.624997,934000,5.33425
1994-07-13,43.499998,44.499999,43.124999,43.624997,747000,5.214715
1994-07-12,43.499998,43.499998,42.874998,43.249997,574300,5.16989
1994-07-11,43.249997,43.499998,42.874998,43.499998,243900,5.199774
1994-07-08,43.00,43.375,42.749999,43.124999,573300,5.154948
1994-07-07,42.874998,43.375,42.874998,43.375,328400,5.184832
1994-07-06,42.499998,43.00,42.499998,42.749999,994300,5.110122
1994-07-05,42.499998,42.624996,42.00,42.624996,359700,5.09518
1994-07-01,41.374999,42.499998,41.249996,42.499998,428100,5.080239
1994-06-30,43.00,43.249997,41.625,41.625,1220700,4.975646
1994-06-29,43.624997,43.624997,42.874998,43.124999,526800,5.154948
1994-06-28,42.499998,43.874998,42.249997,43.874998,484600,5.244599
1994-06-27,41.249996,42.249997,40.874997,42.249997,666300,5.050355
1994-06-24,42.375,42.375,41.124998,41.499998,531600,4.960703
1994-06-23,42.874998,42.874998,42.249997,42.249997,629300,5.050355
1994-06-22,42.249997,43.499998,42.249997,43.499998,383500,5.199774
1994-06-21,42.249997,42.499998,41.749999,41.874997,319900,5.005529
1994-06-20,41.749999,42.375,41.749999,42.00,350700,5.020471
1994-06-17,42.624996,43.249997,42.624996,42.749999,834300,5.110122
1994-06-16,42.249997,43.499998,42.249997,43.00,395300,5.140006
1994-06-15,43.124999,43.75,42.499998,42.499998,454700,5.080239
1994-06-14,42.249997,43.499998,42.00,43.499998,491700,5.199774
1994-06-13,42.499998,42.499998,41.874997,42.249997,720000,5.050355
1994-06-10,42.124998,42.499998,42.124998,42.249997,355000,5.050355
1994-06-09,42.874998,42.874998,42.249997,42.249997,401500,5.050355
1994-06-08,42.749999,43.00,42.624996,42.874998,554300,5.125064
1994-06-07,42.749999,42.874998,42.249997,42.499998,750300,5.080239
1994-06-06,43.124999,43.499998,43.00,43.00,571400,5.140006
1994-06-03,43.124999,43.375,43.00,43.124999,525900,5.154948
1994-06-02,43.249997,43.375,43.00,43.00,382500,5.140006
1994-06-01,43.499998,43.499998,42.749999,43.249997,459900,5.16989
1994-05-31,43.00,43.375,43.00,43.375,329800,5.184832
1994-05-27,42.249997,43.249997,42.249997,43.249997,587600,5.16989
1994-05-26,43.249997,43.249997,42.499998,42.874998,1317500,5.125064
1994-05-25,43.499998,43.499998,43.249997,43.249997,505400,5.16989
1994-05-24,43.75,43.999996,43.375,43.624997,690100,5.214715
1994-05-23,43.874998,43.874998,43.249997,43.499998,808700,5.199774
1994-05-20,42.749999,43.999996,42.499998,43.75,1308900,5.229658
1994-05-19,42.874998,43.124999,42.874998,43.00,654500,5.140006
1994-05-18,43.249997,43.249997,42.749999,43.124999,2095400,5.154948
1994-05-17,42.874998,43.124999,42.375,42.624996,1579500,5.09518
1994-05-16,42.124998,43.75,42.124998,43.249997,1831000,5.16989
1994-05-13,41.874997,42.249997,41.625,42.00,2303700,5.020471
1994-05-12,41.749999,41.874997,41.625,41.749999,2502100,4.990587
1994-05-11,41.249996,41.874997,41.124998,41.749999,2294700,4.990587
1994-05-10,39.874996,41.374999,39.874996,41.374999,3205900,4.945762
1994-05-09,39.874996,40.499997,39.625,39.874996,467000,4.766459
1994-05-06,39.749998,40.499997,39.625,40.124998,519700,4.796343
1994-05-05,40.749998,41.124998,40.25,40.25,702900,4.811285
1994-05-04,41.749999,42.375,40.749998,40.874997,3283800,4.885994
1994-05-03,39.374998,39.625,39.124997,39.374998,663000,4.706692
1994-05-02,38.749997,39.874996,38.499996,39.25,1199800,4.69175
1994-04-29,37.749999,38.124997,37.249999,37.999998,236800,4.542331
1994-04-28,37.999998,38.124997,37.749999,37.999998,616500,4.542331
1994-04-26,37.749999,38.124997,37.374997,37.999998,760800,4.542331
1994-04-25,37.124998,38.124997,36.499998,38.124997,141400,4.557273
1994-04-22,36.499998,37.124998,36.249999,37.124998,380200,4.437738
1994-04-21,36.749999,36.999998,36.00,36.624998,659200,4.37797
1994-04-20,36.875,36.999998,36.374999,36.749999,325600,4.392912
1994-04-19,36.499998,37.249999,36.499998,36.624998,689100,4.37797
1994-04-18,37.124998,37.124998,35.749998,36.374999,387700,4.348087
1994-04-15,36.749999,36.875,36.499998,36.749999,619800,4.392912
1994-04-14,37.249999,37.249999,36.624998,36.875,596600,4.407854
1994-04-13,37.874998,37.874998,36.499998,37.499998,798300,4.482563
1994-04-12,38.25,38.374998,37.874998,37.874998,139100,4.527389
1994-04-11,38.25,38.499996,38.25,38.499996,328400,4.602098
1994-04-08,38.875,38.875,38.124997,38.124997,567100,4.557273
1994-04-07,38.124997,39.25,38.124997,39.25,888900,4.69175
1994-04-06,37.249999,38.25,37.124998,38.25,318900,4.572215
1994-04-05,36.499998,37.499998,36.249999,37.499998,1282800,4.482563
1994-04-04,35.499999,36.00,35.249998,36.00,728500,4.303261
1994-03-31,36.499998,36.749999,35.124998,36.499998,764600,4.363028
1994-03-30,36.999998,37.374997,36.374999,36.374999,521100,4.348087
1994-03-29,37.874998,38.124997,37.499998,37.499998,276200,4.482563
1994-03-28,38.499996,38.499996,37.749999,38.124997,449400,4.557273
1994-03-25,39.124997,39.499997,38.374998,38.374998,487400,4.587157
1994-03-24,39.749998,39.749998,39.124997,39.25,390600,4.69175
1994-03-23,39.749998,39.749998,39.25,39.749998,565700,4.751517
1994-03-22,39.374998,39.625,39.124997,39.625,530100,4.736576
1994-03-21,39.374998,39.749998,39.124997,39.749998,359700,4.751517
1994-03-18,39.25,39.749998,39.124997,39.374998,2247700,4.706692
1994-03-17,39.749998,40.25,39.499997,39.499997,1382500,4.721633
1994-03-16,39.874996,39.874996,39.25,39.874996,597500,4.766459
1994-03-15,39.625,39.874996,39.625,39.749998,901700,4.751517
1994-03-14,39.124997,40.25,38.875,39.749998,1411000,4.751517
1994-03-11,40.25,41.749999,38.499996,38.999999,4590300,4.661866
1994-03-10,39.749998,40.374999,39.749998,40.25,2812500,4.811285
1994-03-09,39.749998,39.999999,39.625,39.874996,1560500,4.766459
1994-03-08,40.25,40.499997,39.625,39.625,901300,4.736576
1994-03-07,40.374999,40.499997,39.499997,39.499997,417200,4.721633
1994-03-04,40.374999,41.00,40.124998,40.25,3464600,4.811285
1994-03-03,38.999999,40.25,38.499996,39.999999,1152800,4.781401
1994-03-02,38.374998,38.999999,38.124997,38.999999,1157100,4.661866
1994-03-01,38.999999,38.999999,38.124997,38.749997,758900,4.631982
1994-02-28,39.749998,39.749998,38.749997,38.999999,1969600,4.661866
1994-02-25,38.25,39.999999,38.124997,39.874996,1791600,4.766459
1994-02-24,37.499998,38.499996,37.249999,37.249999,586600,4.45268
1994-02-23,38.25,38.374998,37.249999,37.374997,506400,4.467621
1994-02-22,37.874998,38.374998,37.749999,38.374998,435200,4.587157
1994-02-18,37.499998,37.749999,37.499998,37.624999,502100,4.497505
1994-02-17,37.624999,37.624999,37.124998,37.499998,634100,4.482563
1994-02-16,37.624999,37.624999,37.124998,37.499998,776400,4.482563
1994-02-15,37.499998,37.624999,37.374997,37.624999,428100,4.497505
1994-02-14,37.624999,38.124997,37.499998,37.499998,742700,4.482563
1994-02-11,37.499998,37.749999,37.499998,37.749999,456100,4.512447
1994-02-10,37.624999,37.624999,37.249999,37.374997,556700,4.467621
1994-02-09,38.25,38.25,37.124998,37.499998,3898400,4.482563
1994-02-08,35.249998,35.624998,35.124998,35.499999,965800,4.243494
1994-02-07,35.124998,35.249998,34.874999,34.874999,987600,4.168784
1994-02-04,35.249998,35.624998,35.124998,35.249998,844300,4.21361
1994-02-03,34.625,35.124998,34.499999,34.999999,893200,4.183726
1994-02-02,34.625,34.625,34.374998,34.625,463700,4.1389
1994-02-01,34.374998,34.499999,34.249998,34.374998,266300,4.109016
1994-01-31,34.374998,34.749998,34.249998,34.499999,663500,4.123958
1994-01-28,34.124999,34.374998,33.874998,34.249998,804000,4.094075
1994-01-27,34.499999,34.499999,33.749998,33.749998,1101500,4.034307
1994-01-26,33.624999,33.874998,33.624999,33.749998,1479300,4.034307
1994-01-25,32.749999,33.624999,32.499998,33.624999,876100,4.019365
1994-01-24,32.624999,33.124999,32.499998,32.999998,1038000,3.944656
1994-01-21,32.749999,32.999998,31.624998,32.999998,1534900,3.944656
1994-01-20,32.749999,32.749999,32.249999,32.749999,380200,3.914772
1994-01-19,32.999998,32.999998,32.249999,32.874998,286700,3.929714
1994-01-18,32.749999,33.25,31.624998,32.749999,531100,3.914772
1994-01-17,32.999998,32.999998,32.749999,32.749999,224000,3.914772
1994-01-14,33.499999,33.999999,32.999998,33.25,633100,3.97454
1994-01-13,33.999999,33.999999,32.874998,33.25,432800,3.97454
1994-01-12,100.499999,102.00,100.499999,102.00,897000,4.064191
1994-01-11,99.499983,100.750019,99.499983,100.499999,761700,4.004423
1994-01-10,98.374977,99.499983,97.999982,99.499983,973900,3.964578
1994-01-07,98.374977,98.374977,97.999982,98.374977,383000,3.919752
1994-01-06,98.500021,98.500021,97.999982,98.374977,514000,3.919752
1994-01-05,98.500021,98.624997,97.62498,98.250002,410100,3.914772
1994-01-04,97.999982,98.749979,97.750017,98.749979,840000,3.934694
1994-01-03,99.250018,99.375,97.750017,98.125019,744600,3.909792
1993-12-31,97.499998,100.24998,97.499998,99.499983,519700,3.964578
1993-12-30,96.874983,97.875,96.874983,97.499998,274800,3.884888
1993-12-29,97.00002,97.249978,96.625018,97.125003,165200,3.869947
1993-12-28,96.374999,97.125003,96.12498,97.00002,461300,3.864967
1993-12-27,97.499998,97.750017,96.499982,96.625018,303300,3.850025
1993-12-23,97.62498,97.750017,97.00002,97.125003,243500,3.869947
1993-12-22,97.375015,97.875,97.249978,97.875,414300,3.89983
1993-12-21,95.875021,97.62498,95.625002,97.62498,407200,3.889868
1993-12-20,95.50002,96.374999,95.374983,96.374999,395800,3.840063
1993-12-17,94.874998,96.250016,94.874998,95.875021,650700,3.820141
1993-12-16,94.624979,94.874998,94.249977,94.874998,1082100,3.780295
1993-12-15,94.499996,94.499996,91.999979,94.000019,1114800,3.745432
1993-12-14,95.875021,95.999997,94.750016,94.874998,365900,3.780295
1993-12-13,95.749978,96.250016,95.625002,95.625002,629300,3.810179
1993-12-10,97.750017,97.750017,95.749978,96.12498,371600,3.830101
1993-12-09,97.499998,97.999982,97.249978,97.499998,529700,3.884888
1993-12-08,97.499998,97.750017,97.00002,97.62498,477000,3.889868
1993-12-07,97.750017,97.750017,95.999997,97.750017,576600,3.89485
1993-12-06,97.499998,98.250002,97.125003,97.999982,748900,3.90481
1993-12-03,97.999982,97.999982,97.375015,97.750017,741800,3.89485
1993-12-02,97.999982,98.374977,97.999982,98.250002,383000,3.914772
1993-12-01,97.999982,98.500021,97.750017,98.250002,721900,3.914772
1993-11-30,96.250016,98.624997,96.250016,98.125019,578100,3.909792
1993-11-29,96.874983,97.249978,96.250016,96.374999,267700,3.840063
1993-11-26,96.250016,96.874983,96.250016,96.625018,186500,3.850025
1993-11-24,96.499982,96.625018,96.12498,96.12498,966800,3.830101
1993-11-23,97.999982,97.999982,95.999997,96.250016,2399100,3.835083
1993-11-22,97.875,97.999982,96.874983,97.999982,394400,3.90481
1993-11-19,98.749979,98.999999,97.62498,97.875,719000,3.89983
1993-11-18,98.999999,99.250018,98.500021,98.624997,730400,3.929714
1993-11-17,99.62502,99.62502,97.999982,99.124981,1734200,3.949636
1993-11-16,98.999999,100.24998,98.749979,99.62502,1411000,3.96956
1993-11-15,99.250018,99.250018,95.999997,97.375015,986700,3.879908
1993-11-12,94.624979,99.499983,94.499996,99.499983,1122000,3.964578
1993-11-11,93.874982,95.999997,93.49998,94.375021,326100,3.760374
1993-11-10,93.749999,94.125001,93.49998,93.874982,333200,3.74045
1993-11-09,94.750016,94.750016,93.749999,93.749999,227800,3.73547
1993-11-08,93.374998,94.750016,93.374998,94.499996,1281400,3.765353
1993-11-05,94.499996,94.624979,93.250022,93.250022,145200,3.715548
1993-11-04,94.499996,94.874998,94.375021,94.624979,640700,3.770333
1993-11-03,95.125018,95.374983,94.125001,94.499996,643600,3.765353
1993-11-02,94.499996,95.125018,93.874982,95.125018,387300,3.790257
1993-11-01,91.624978,94.750016,91.000017,94.750016,687700,3.775315
1993-10-29,90.000001,92.87502,90.000001,91.874997,512600,3.66076
1993-10-28,90.000001,90.000001,89.875019,90.000001,505400,3.586051
1993-10-27,92.249999,92.249999,90.374996,90.625016,337400,3.610955
1993-10-26,93.000003,93.000003,92.125016,92.249999,138100,3.675702
1993-10-25,94.499996,94.999981,92.87502,93.124978,804400,3.710566
1993-10-22,94.750016,95.374983,94.375021,94.750016,193600,3.775315
1993-10-21,93.874982,94.750016,93.625017,94.750016,495500,3.775315
1993-10-20,94.000019,94.000019,93.625017,93.874982,340300,3.74045
1993-10-19,94.249977,94.249977,93.250022,94.000019,823000,3.745432
1993-10-18,95.374983,95.50002,94.499996,94.624979,182200,3.770333
1993-10-15,93.874982,95.374983,93.625017,95.125018,654900,3.790257
1993-10-14,93.374998,94.125001,93.124978,93.874982,596600,3.74045
1993-10-13,93.000003,93.625017,93.000003,93.625017,307500,3.73049
1993-10-12,91.500002,93.625017,91.500002,92.87502,566700,3.700606
1993-10-11,90.749998,91.125,90.499979,90.749998,131000,3.615935
1993-10-08,91.000017,91.000017,90.499979,90.749998,243500,3.615935
1993-10-07,92.249999,92.249999,90.749998,90.749998,271900,3.615935
1993-10-06,91.999979,92.500018,91.750021,92.249999,330300,3.675702
1993-10-05,93.250022,93.250022,91.999979,91.999979,223500,3.66574
1993-10-04,92.125016,93.374998,92.125016,93.374998,518300,3.720528
1993-10-01,91.750021,92.374981,91.375019,92.249999,484100,3.675702
1993-09-30,91.375019,91.874997,91.249982,91.750021,267700,3.655781
1993-09-29,91.375019,91.500002,90.874981,91.125,397200,3.630877
1993-09-28,93.374998,93.374998,91.874997,91.874997,95400,3.66076
1993-09-27,93.000003,94.874998,93.000003,93.625017,654900,3.73049
1993-09-24,91.500002,93.000003,90.874981,92.249999,1092100,3.675702
1993-09-23,89.624999,91.750021,89.500017,91.750021,831500,3.655781
1993-09-22,88.875002,89.875019,88.375018,89.749982,474100,3.576089
1993-09-21,89.500017,89.500017,88.124999,88.875002,300400,3.541225
1993-09-20,90.124984,90.499979,89.749982,89.749982,310400,3.576089
1993-09-17,89.249997,90.25002,89.249997,90.124984,781700,3.591031
1993-09-16,91.000017,91.000017,90.374996,90.374996,542500,3.600993
1993-09-15,89.125022,91.375019,88.75002,90.874981,962500,3.620915
1993-09-14,88.999978,89.624999,88.624983,89.249997,2226800,3.556167
1993-09-13,89.749982,90.749998,89.749982,90.374996,911200,3.600993
1993-09-10,91.249982,92.374981,89.749982,89.749982,1069300,3.576089
1993-09-09,91.375019,91.375019,90.874981,91.125,1104900,3.630877
1993-09-08,91.624978,91.624978,90.874981,91.624978,1344100,3.650798
1993-09-07,91.375019,92.125016,91.375019,91.874997,484100,3.66076
1993-09-03,90.749998,91.874997,90.749998,91.500002,432800,3.645818
1993-09-02,91.249982,91.249982,90.749998,90.749998,383000,3.615935
1993-09-01,90.374996,91.750021,90.374996,91.249982,932600,3.635856
1993-08-31,91.000017,91.000017,90.124984,90.625016,559600,3.610955
1993-08-30,88.75002,89.749982,88.75002,89.749982,290500,3.576089
1993-08-27,88.50,88.999978,87.749997,88.75002,434300,3.536245
1993-08-26,88.75002,88.875002,87.375002,88.249981,424300,3.516321
1993-08-25,91.500002,91.624978,88.999978,89.125022,803000,3.551187
1993-08-24,90.625016,91.624978,90.000001,91.500002,1083500,3.645818
1993-08-23,90.374996,90.625016,89.749982,90.374996,563800,3.600993
1993-08-20,90.124984,90.374996,90.124984,90.374996,592300,3.600993
1993-08-19,89.624999,90.124984,88.124999,90.124984,1248700,3.591031
1993-08-18,88.999978,90.000001,88.875002,90.000001,582300,3.586051
1993-08-17,88.50,89.249997,88.249981,88.75002,274800,3.536245
1993-08-16,87.874979,88.50,87.874979,88.50,374500,3.526283
1993-08-13,88.249981,88.375018,88.000016,88.000016,296200,3.506362
1993-08-12,86.74998,88.249981,86.74998,88.249981,653500,3.516321
1993-08-11,87.250019,87.375002,87.00,87.375002,246300,3.481458
1993-08-10,87.00,87.499977,86.875017,87.499977,395800,3.486437
1993-08-09,86.500015,87.124982,86.500015,87.00,529700,3.466516
1993-08-06,86.12502,86.624998,85.750018,86.250003,401500,3.436632
1993-08-05,86.374979,86.500015,86.12502,86.12502,266300,3.431652
1993-08-04,86.500015,86.74998,86.374979,86.624998,770300,3.451574
1993-08-03,85.000021,87.250019,85.000021,86.74998,1028000,3.456554
1993-08-02,84.499983,85.375017,84.499983,85.000021,475500,3.386827
1993-07-30,82.750017,84.375,82.499998,84.375,813000,3.361923
1993-07-29,82.375022,82.875,82.375022,82.499998,706200,3.287213
1993-07-28,81.874983,82.375022,81.750001,82.249978,603700,3.277251
1993-07-27,82.125003,82.499998,81.750001,81.874983,928300,3.26231
1993-07-26,82.249978,82.62498,82.249978,82.249978,808700,3.277251
1993-07-23,82.249978,82.999982,82.249978,82.62498,606500,3.292193
1993-07-22,82.249978,82.375022,82.125003,82.375022,175100,3.282234
1993-07-21,82.875,83.125019,82.125003,82.249978,442800,3.277251
1993-07-20,84.250018,84.250018,82.750017,82.875,1144700,3.302155
1993-07-19,84.874978,85.000021,84.375,84.375,746100,3.361923
1993-07-16,83.999998,85.750018,83.500021,85.124997,1106300,3.391806
1993-07-15,83.875016,84.874978,83.749979,84.250018,432800,3.356943
1993-07-14,82.499998,83.624996,82.499998,83.624996,669200,3.332039
1993-07-13,82.499998,82.62498,82.249978,82.499998,538200,3.287213
1993-07-12,82.62498,82.62498,82.375022,82.62498,1932100,3.292193
1993-07-09,82.750017,82.750017,82.00002,82.499998,1304200,3.287213
1993-07-08,82.999982,82.999982,82.375022,82.999982,848600,3.307135
1993-07-07,83.125019,83.125019,82.875,82.999982,2033200,3.307135
1993-07-06,83.875016,83.875016,83.125019,83.125019,831500,3.312117
1993-07-02,83.749979,83.875016,83.500021,83.875016,358800,3.342001
1993-07-01,83.250001,84.750002,82.999982,83.749979,1868000,3.337019
1993-06-30,82.00002,84.62502,82.00002,83.374977,1879400,3.322077
1993-06-29,80.500019,82.750017,80.500019,81.750001,1718500,3.25733
1993-06-28,78.625017,80.500019,78.625017,80.374983,477000,3.202542
1993-06-25,78.000002,78.874982,77.87502,78.625017,2255300,3.132815
1993-06-24,80.125017,80.125017,77.625,78.000002,2312300,3.107911
1993-06-23,77.749983,80.374983,77.749983,79.999981,1060700,3.1876
1993-06-22,77.500018,78.124978,77.500018,77.87502,633600,3.102931
1993-06-21,78.000002,78.000002,77.500018,77.625,951100,3.092969
1993-06-18,78.49998,78.49998,77.500018,77.749983,1040800,3.097949
1993-06-17,78.000002,78.625017,78.000002,78.625017,260600,3.132815
1993-06-16,77.374981,78.000002,77.249999,78.000002,609400,3.107911
1993-06-15,76.249982,78.000002,76.249982,77.625,555300,3.092969
1993-06-14,76.125,76.500002,75.749998,76.500002,904100,3.048143
1993-06-11,75.375003,75.499979,75.25002,75.499979,237800,3.008297
1993-06-10,75.499979,75.625015,75.000001,75.25002,252000,2.998338
1993-06-09,74.875018,76.000017,74.875018,75.499979,394400,3.008297
1993-06-08,74.249997,75.499979,74.249997,75.000001,437100,2.988376
1993-06-07,74.875018,75.000001,74.249997,74.37498,998100,2.963472
1993-06-04,75.499979,75.749998,75.124983,75.124983,202200,2.993356
1993-06-03,75.124983,75.499979,74.500017,75.499979,234900,3.008297
1993-06-02,74.624999,75.25002,74.624999,75.124983,215000,2.993356
1993-06-01,74.624999,75.749998,74.624999,74.749982,367300,2.978414
1993-05-28,75.124983,75.375003,74.37498,74.37498,237800,2.963472
1993-05-27,75.499979,75.749998,75.000001,75.499979,155200,3.008297
1993-05-26,75.25002,75.499979,74.249997,75.499979,395800,3.008297
1993-05-25,75.87498,76.125,75.000001,75.000001,293300,2.988376
1993-05-24,74.875018,75.87498,74.749982,75.87498,963900,3.023239
1993-05-21,72.874979,74.500017,72.874979,73.999978,706200,2.94853
1993-05-20,73.000016,73.124998,72.499977,73.124998,331700,2.913666
1993-05-19,71.624998,73.000016,71.624998,72.749997,764600,2.898724
1993-05-18,72.499977,72.499977,71.624998,71.624998,955400,2.853899
1993-05-17,72.124982,73.249981,71.875017,72.499977,387300,2.888762
1993-05-14,72.124982,72.250019,71.500022,71.875017,250600,2.863861
1993-05-13,72.749997,72.874979,72.00,72.00,256300,2.868841
1993-05-12,73.124998,73.124998,72.874979,73.000016,428600,2.908686
1993-05-11,72.749997,73.249981,72.749997,73.249981,384400,2.918646
1993-05-10,72.499977,73.249981,72.375001,73.000016,828700,2.908686
1993-05-07,72.625021,72.625021,72.375001,72.499977,615100,2.888762
1993-05-06,72.874979,72.874979,72.625021,72.625021,169400,2.893745
1993-05-05,72.250019,73.50,72.250019,73.375018,1383900,2.923628
1993-05-04,73.624983,73.624983,70.750018,71.875017,2115800,2.863861
1993-05-03,72.874979,73.999978,72.874979,73.50,776000,2.928608
1993-04-30,73.375018,73.50,72.749997,72.749997,384400,2.898724
1993-04-29,72.499977,73.249981,72.499977,73.249981,1003800,2.918646
1993-04-28,71.12502,73.000016,71.12502,72.874979,1704300,2.903704
1993-04-27,71.250003,72.124982,70.999983,71.12502,499800,2.833977
1993-04-26,70.375016,71.250003,70.375016,70.999983,1238700,2.828995
1993-04-23,70.249979,71.12502,70.249979,70.249979,1206000,2.799111
1993-04-22,71.12502,71.12502,70.000021,70.249979,1386800,2.799111
1993-04-21,72.00,72.124982,71.500022,71.624998,346000,2.853899
1993-04-20,72.499977,72.499977,72.00,72.00,811600,2.868841
1993-04-19,73.124998,73.124998,72.375001,72.625021,825800,2.893745
1993-04-16,73.000016,73.375018,72.874979,72.874979,908400,2.903704
1993-04-15,73.75002,73.875002,73.000016,73.000016,190800,2.908686
1993-04-14,74.125021,74.125021,73.50,73.624983,901300,2.933588
1993-04-13,75.000001,75.000001,73.624983,74.125021,1153300,2.953512
1993-04-12,73.999978,74.875018,73.999978,74.875018,976700,2.983396
1993-04-08,73.375018,74.500017,72.375001,73.50,1228700,2.928608
1993-04-07,75.87498,75.87498,73.249981,73.50,2518700,2.928608
1993-04-06,76.375019,76.500002,75.749998,75.749998,714700,3.018259
1993-04-05,76.375019,76.375019,76.125,76.125,122400,3.033201
1993-04-02,76.500002,76.500002,75.749998,76.249982,421400,3.038181
1993-04-01,79.375021,79.375021,76.375019,76.624977,1297100,3.053123
1993-03-31,79.125001,79.999981,79.125001,79.375021,948300,3.162698
1993-03-30,79.000019,79.125001,79.000019,79.000019,170900,3.147757
1993-03-29,79.499996,79.499996,79.125001,79.249984,353100,3.157716
1993-03-26,78.874982,80.125017,78.874982,79.375021,495500,3.162698
1993-03-25,76.624977,78.874982,76.624977,78.874982,640700,3.142774
1993-03-24,75.000001,76.624977,74.875018,76.624977,751800,3.053123
1993-03-23,74.875018,75.25002,74.749982,74.749982,472700,2.978414
1993-03-22,75.25002,75.25002,74.500017,74.749982,667800,2.978414
1993-03-19,75.625015,75.749998,75.000001,75.000001,588000,2.988376
1993-03-18,75.124983,75.375003,75.000001,75.375003,266300,3.003318
1993-03-17,75.124983,75.25002,75.124983,75.25002,126700,2.998338
1993-03-16,75.375003,75.499979,75.000001,75.124983,160900,2.993356
1993-03-15,76.000017,76.375019,75.124983,75.375003,186500,3.003318
1993-03-12,76.375019,76.500002,75.749998,76.249982,205000,3.038181
1993-03-11,75.25002,76.750021,75.000001,76.750021,635000,3.058105
1993-03-10,75.25002,75.25002,74.749982,75.25002,776000,2.998338
1993-03-09,74.624999,75.749998,74.500017,75.25002,1292800,2.998338
1993-03-08,74.249997,74.624999,74.249997,74.37498,1093500,2.963472
1993-03-05,74.624999,74.749982,73.875002,73.999978,741800,2.94853
1993-03-04,74.624999,75.000001,74.500017,74.875018,516800,2.983396
1993-03-03,75.375003,75.499979,74.749982,75.000001,536800,2.988376
1993-03-02,74.249997,75.499979,73.999978,75.25002,1408100,2.998338
1993-03-01,74.875018,74.875018,74.125021,74.249997,230700,2.958492
1993-02-26,75.000001,75.000001,74.500017,74.875018,346000,2.983396
1993-02-25,74.624999,75.000001,74.500017,74.749982,485500,2.978414
1993-02-24,74.249997,74.500017,74.125021,74.37498,696200,2.963472
1993-02-23,73.999978,74.125021,73.624983,73.999978,1654500,2.94853
1993-02-22,74.875018,74.875018,73.875002,73.999978,733300,2.94853
1993-02-19,74.875018,74.875018,74.749982,74.875018,985300,2.983396
1993-02-18,75.375003,75.625015,75.000001,75.000001,1198800,2.988376
1993-02-17,76.624977,76.624977,75.499979,75.499979,1039400,3.008297
1993-02-16,77.249999,77.500018,76.874997,76.999979,1100600,3.068065
1993-02-12,77.500018,77.625,76.999979,77.249999,518300,3.078027
1993-02-11,77.87502,78.000002,77.625,77.749983,350300,3.097949
1993-02-10,77.125016,78.000002,77.125016,77.749983,723300,3.097949
1993-02-09,78.124978,78.124978,76.999979,77.249999,945400,3.078027
1993-02-08,79.000019,79.624979,78.000002,78.250022,1465100,3.117873
1993-02-05,78.250022,79.000019,78.250022,78.874982,737500,3.142774
1993-02-04,77.749983,78.625017,77.249999,78.49998,1922100,3.127832
1993-02-03,79.249984,79.375021,78.250022,78.250022,477000,3.117873
1993-02-02,79.750016,79.874998,79.000019,79.249984,1154700,3.157716
1993-02-01,79.874998,79.999981,79.624979,79.999981,289000,3.1876
1993-01-29,79.624979,80.500019,79.499996,79.750016,1084900,3.17764
1993-01-28,78.000002,79.999981,77.87502,79.499996,1065000,3.167678
1993-01-27,78.49998,79.750016,77.500018,77.87502,1139000,3.102931
1993-01-26,78.374997,79.000019,78.250022,78.49998,555300,3.127832
1993-01-25,75.375003,78.374997,75.375003,78.374997,1940600,3.122853
1993-01-22,75.499979,75.499979,75.25002,75.25002,179400,2.998338
1993-01-21,75.499979,75.499979,74.624999,75.375003,1517800,3.003318
1993-01-20,76.000017,76.000017,75.25002,75.25002,2504500,2.998338
1993-01-19,76.624977,76.624977,75.749998,75.87498,1317000,3.023239
1993-01-18,77.125016,77.125016,76.500002,76.624977,848600,3.053123
1993-01-15,77.625,78.250022,77.125016,77.374981,515400,3.083007
1993-01-14,76.125,77.374981,75.87498,77.374981,243500,3.083007
1993-01-13,76.624977,76.624977,75.749998,76.249982,334600,3.038181
1993-01-12,76.125,76.874997,76.000017,76.874997,921200,3.063085
1993-01-11,75.000001,76.000017,74.875018,75.87498,504000,3.023239
1993-01-08,76.375019,76.375019,75.499979,75.499979,249200,3.008297
1993-01-07,76.999979,77.249999,76.624977,76.750021,407200,3.058105
1993-01-06,76.750021,77.249999,76.750021,77.249999,195100,3.078027
1993-01-05,76.874997,76.999979,76.500002,76.999979,286200,3.068065
1993-01-04,78.000002,78.000002,76.375019,76.624977,696200,3.053123
1992-12-31,78.000002,78.749999,78.000002,78.250022,889900,3.117873
1992-12-30,78.000002,78.749999,78.000002,78.250022,468400,3.117873
1992-12-29,78.124978,78.49998,77.625,77.625,455600,3.092969
1992-12-28,78.749999,79.000019,78.000002,78.374997,289000,3.122853
1992-12-24,78.49998,79.499996,78.49998,78.49998,247700,3.127832
1992-12-23,79.249984,79.874998,79.000019,79.000019,346000,3.147757
1992-12-22,78.49998,79.499996,78.374997,79.249984,955400,3.157716
1992-12-21,77.625,78.749999,77.625,78.749999,921200,3.137795
1992-12-18,77.625,77.749983,77.249999,77.625,848600,3.092969
1992-12-17,78.250022,78.49998,77.625,77.625,193600,3.092969
1992-12-16,79.125001,79.249984,78.000002,78.250022,385800,3.117873
1992-12-15,79.375021,79.499996,79.000019,79.125001,341700,3.152736
1992-12-14,79.499996,80.125017,79.249984,79.249984,377300,3.157716
1992-12-11,78.250022,79.375021,78.000002,79.375021,253400,3.162698
1992-12-10,79.499996,79.624979,77.87502,78.250022,733300,3.117873
1992-12-09,80.125017,80.125017,79.375021,79.999981,673500,3.1876
1992-12-08,78.625017,80.25,78.625017,80.125017,669200,3.192582
1992-12-07,76.874997,78.49998,76.750021,78.49998,428600,3.127832
1992-12-04,76.750021,77.125016,76.000017,76.874997,353100,3.063085
1992-12-03,77.249999,77.249999,76.500002,76.500002,311800,3.048143
1992-12-02,78.000002,78.000002,76.375019,77.125016,616500,3.073047
1992-12-01,78.625017,79.249984,78.000002,78.124978,1166100,3.112891
1992-11-30,78.874982,79.000019,77.749983,78.874982,378700,3.142774
1992-11-27,79.624979,79.874998,79.000019,79.125001,293300,3.152736
1992-11-25,76.874997,79.375021,76.874997,79.125001,1040800,3.152736
1992-11-24,74.875018,76.874997,74.875018,76.624977,1063600,3.053123
1992-11-23,74.875018,75.000001,74.749982,75.000001,425700,2.988376
1992-11-20,75.25002,75.25002,74.624999,75.000001,1100600,2.988376
1992-11-19,74.624999,75.25002,74.37498,75.000001,850000,2.988376
1992-11-18,73.999978,74.749982,73.999978,74.249997,317500,2.958492
1992-11-17,73.875002,74.249997,73.75002,73.999978,459900,2.94853
1992-11-16,74.875018,75.25002,74.125021,74.125021,825800,2.953512
1992-11-13,74.749982,75.375003,74.249997,74.500017,945400,2.968454
1992-11-12,74.749982,75.000001,74.249997,74.624999,508300,2.973434
1992-11-11,75.625015,75.749998,75.25002,75.25002,1190300,2.998338
1992-11-10,72.00,73.375018,72.00,73.375018,484100,2.923628
1992-11-09,70.875001,72.749997,70.624981,71.74998,709100,2.858879
1992-11-06,70.375016,70.875001,69.874978,70.750018,187900,2.819035
1992-11-05,70.000021,70.249979,70.000021,70.124997,395800,2.794131
1992-11-04,70.000021,70.499999,69.874978,70.249979,773100,2.799111
1992-11-03,69.250018,70.499999,69.124981,70.000021,1240100,2.789152
1992-11-02,68.749979,68.999998,68.374984,68.999998,1208800,2.749306
1992-10-30,70.624981,70.624981,69.625019,69.750002,650700,2.77919
1992-10-29,70.750018,70.999983,70.375016,70.375016,481200,2.804093
1992-10-28,69.499983,70.999983,69.499983,70.750018,694800,2.819035
1992-10-27,69.499983,69.750002,69.124981,69.750002,596600,2.77919
1992-10-26,66.499981,69.499983,65.999997,69.499983,1741300,2.769228
1992-10-23,66.250016,66.874983,66.250016,66.499981,326100,2.649692
1992-10-22,67.249978,67.249978,65.999997,66.250016,484100,2.639733
1992-10-21,67.249978,67.375022,67.00002,67.249978,116800,2.679576
1992-10-20,67.750017,67.750017,66.874983,67.00002,541000,2.669616
1992-10-19,68.125019,68.250001,67.499997,67.499997,724700,2.689538
1992-10-16,68.500021,68.500021,67.375022,68.250001,418600,2.719422
1992-10-15,66.874983,68.374984,66.874983,68.250001,320400,2.719422
1992-10-14,66.874983,66.874983,66.625018,66.750001,283300,2.659654
1992-10-13,67.375022,67.499997,66.499981,66.499981,344600,2.649692
1992-10-12,66.874983,67.249978,66.750001,67.249978,461300,2.679576
1992-10-09,66.750001,67.00002,66.374999,66.750001,139500,2.659654
1992-10-08,66.124979,66.625018,65.875021,66.499981,519700,2.649692
1992-10-07,66.625018,66.750001,66.250016,66.250016,393000,2.639733
1992-10-06,67.375022,67.62498,66.750001,66.874983,462700,2.664634
1992-10-05,66.499981,67.249978,65.999997,67.249978,748900,2.679576
1992-10-02,67.499997,67.62498,67.00002,67.00002,417200,2.669616
1992-10-01,68.624996,68.624996,67.499997,67.499997,1254400,2.689538
1992-09-30,67.874999,68.749979,67.874999,68.374984,310400,2.724402
1992-09-29,67.249978,67.999982,67.249978,67.999982,156600,2.70946
1992-09-28,69.250018,69.250018,67.750017,67.750017,939700,2.6995
1992-09-25,69.625019,69.750002,69.124981,69.499983,301800,2.769228
1992-09-24,68.875016,69.874978,68.875016,69.750002,727600,2.77919
1992-09-23,68.125019,69.124981,67.750017,68.875016,902700,2.744326
1992-09-22,68.624996,68.624996,67.999982,68.125019,404400,2.714442
1992-09-21,68.500021,68.749979,68.500021,68.500021,748900,2.729384
1992-09-18,68.624996,68.749979,68.500021,68.749979,452800,2.739344
1992-09-17,68.624996,68.875016,68.500021,68.500021,694800,2.729384
1992-09-16,67.750017,68.999998,67.62498,68.624996,637900,2.734364
1992-09-15,67.375022,67.999982,67.249978,67.62498,2738000,2.694518
1992-09-14,66.625018,67.499997,66.374999,67.375022,1217300,2.684558
1992-09-11,65.749977,65.875021,65.500019,65.875021,270500,2.624791
1992-09-10,65.25,65.999997,65.25,65.999997,501200,2.629771
1992-09-09,65.875021,65.875021,65.500019,65.500019,478400,2.609849
1992-09-08,65.875021,65.999997,65.875021,65.875021,173700,2.624791
1992-09-04,65.749977,65.999997,65.625002,65.875021,175100,2.624791
1992-09-03,67.00002,67.750017,65.999997,65.999997,360200,2.629771
1992-09-02,65.999997,67.00002,65.999997,66.874983,938300,2.664634
1992-09-01,64.37502,64.874998,64.125001,64.874998,236400,2.584945
1992-08-31,64.249983,64.249983,64.000018,64.125001,136700,2.555061
1992-08-28,64.624979,64.624979,63.749999,64.125001,447100,2.555061
1992-08-27,64.500003,64.750015,64.125001,64.500003,384400,2.570003
1992-08-26,64.624979,64.750015,64.500003,64.624979,206500,2.574983
1992-08-25,65.125017,65.125017,64.249983,64.624979,963900,2.574983
1992-08-24,64.99998,65.125017,64.99998,65.125017,242000,2.594907
1992-08-21,65.875021,65.999997,65.374982,65.500019,636400,2.609849
1992-08-20,64.624979,65.374982,64.624979,65.374982,318900,2.604867
1992-08-19,64.500003,65.500019,64.249983,64.750015,533900,2.579965
1992-08-18,63.49998,64.624979,63.49998,64.500003,176600,2.570003
1992-08-17,64.750015,64.750015,63.749999,63.749999,464200,2.540119
1992-08-14,64.000018,64.750015,64.000018,64.500003,971000,2.570003
1992-08-13,63.749999,63.749999,63.49998,63.749999,88300,2.540119
1992-08-12,63.49998,63.749999,63.124978,63.49998,71200,2.530157
1992-08-11,64.000018,64.000018,63.374997,63.749999,143800,2.540119
1992-08-10,64.125001,64.249983,63.874982,64.000018,455600,2.550081
1992-08-07,65.25,65.749977,64.37502,64.500003,916900,2.570003
1992-08-06,64.874998,65.125017,64.500003,65.125017,192200,2.594907
1992-08-05,64.750015,65.374982,64.500003,64.750015,679200,2.579965
1992-08-04,65.125017,65.374982,64.500003,64.750015,179400,2.579965
1992-08-03,65.125017,65.25,64.874998,65.25,465600,2.599887
1992-07-31,65.25,66.250016,65.25,65.625002,1325600,2.614829
1992-07-30,63.000002,64.99998,63.000002,64.99998,449900,2.589925
1992-07-29,59.749981,63.49998,59.749981,63.124978,1795400,2.515215
1992-07-28,59.875018,59.875018,58.875002,59.500016,1369700,2.370779
1992-07-27,59.249997,60.25002,58.750019,59.624999,1295700,2.375759
1992-07-24,59.125021,59.249997,58.999978,59.249997,455600,2.360817
1992-07-23,58.249981,59.249997,58.249981,59.125021,2232500,2.355837
1992-07-22,57.375001,58.124998,56.999999,58.000016,3639200,2.311011
1992-07-21,58.50,58.50,57.749996,57.749996,381600,2.301049
1992-07-20,59.624999,59.624999,58.249981,58.249981,357400,2.320971
1992-07-17,60.499978,60.499978,59.749981,59.875018,565200,2.385721
1992-07-16,60.87498,61.000017,60.375003,60.499978,608000,2.410622
1992-07-15,61.999979,61.999979,61.500001,61.500001,279100,2.450468
1992-07-14,62.374981,62.500018,61.999979,61.999979,570900,2.47039
1992-07-13,62.625,62.625,62.249998,62.374981,281900,2.485332
1992-07-10,62.249998,62.625,61.999979,62.500018,931200,2.490314
1992-07-09,60.124983,62.374981,60.124983,62.249998,357400,2.480352
1992-07-08,61.624977,61.624977,60.000001,60.25002,971000,2.400663
1992-07-07,61.375019,61.750021,61.375019,61.500001,720400,2.450468
1992-07-06,62.374981,62.374981,61.750021,61.999979,310400,2.47039
1992-07-02,62.500018,62.500018,61.874997,62.374981,451300,2.485332
1992-07-01,62.749983,63.749999,61.500001,61.999979,2454600,2.47039
1992-06-30,61.999979,62.749983,61.500001,62.749983,464200,2.500274
1992-06-29,61.624977,62.87502,61.624977,62.249998,756000,2.480352
1992-06-26,61.125,61.375019,61.125,61.375019,387300,2.445488
1992-06-25,62.500018,62.500018,61.125,61.125,982400,2.435526
1992-06-24,62.249998,62.249998,61.999979,61.999979,981000,2.47039
1992-06-23,62.749983,62.749983,62.249998,62.249998,941100,2.480352
1992-06-22,63.124978,63.124978,62.374981,62.500018,840000,2.490314
1992-06-19,64.000018,64.000018,63.250022,63.49998,835800,2.530157
1992-06-18,65.500019,65.500019,64.000018,64.000018,364500,2.550081
1992-06-17,65.999997,65.999997,65.625002,65.749977,674900,2.619809
1992-06-16,66.750001,66.750001,66.250016,66.250016,525400,2.639733
1992-06-15,66.250016,66.750001,66.250016,66.499981,193600,2.649692
1992-06-12,65.999997,66.750001,65.999997,66.250016,1250100,2.639733
1992-06-11,67.999982,67.999982,66.750001,67.00002,815800,2.669616
1992-06-10,68.250001,68.250001,67.750017,67.750017,894100,2.6995
1992-06-09,68.875016,68.999998,67.999982,67.999982,1096300,2.70946
1992-06-08,68.749979,68.875016,68.624996,68.624996,425700,2.734364
1992-06-05,68.999998,69.375,68.624996,68.999998,847200,2.749306
1992-06-04,69.874978,69.874978,69.499983,69.499983,646400,2.769228
1992-06-03,70.000021,70.000021,69.750002,69.750002,1345500,2.77919
1992-06-02,76.000017,76.999979,72.499977,72.499977,3528200,2.888762
1992-06-01,76.249982,76.249982,75.124983,76.000017,383000,3.028221
1992-05-29,76.500002,77.249999,76.125,76.125,1886500,3.033201
1992-05-28,75.124983,76.000017,75.124983,76.000017,168000,3.028221
1992-05-27,74.249997,75.000001,74.249997,75.000001,784500,2.988376
1992-05-26,76.000017,76.000017,74.249997,74.249997,320400,2.958492
1992-05-22,74.500017,76.249982,74.500017,76.000017,454200,3.028221
1992-05-21,74.249997,74.624999,74.249997,74.500017,1274300,2.968454
1992-05-20,73.249981,74.500017,73.124998,74.37498,694800,2.963472
1992-05-19,72.00,73.375018,71.74998,73.000016,629300,2.908686
1992-05-18,72.250019,72.250019,72.00,72.00,1046500,2.868841
1992-05-15,70.999983,72.250019,70.999983,72.250019,1102000,2.878803
1992-05-14,72.375001,72.375001,71.250003,71.250003,249200,2.838957
1992-05-13,71.500022,72.499977,71.250003,72.375001,761700,2.883783
1992-05-12,71.500022,71.875017,71.374978,71.74998,415700,2.858879
1992-05-11,70.999983,71.500022,70.999983,71.500022,1022300,2.848919
1992-05-08,70.499999,71.500022,70.499999,70.999983,249200,2.828995
1992-05-07,70.375016,70.624981,70.124997,70.624981,680600,2.814053
1992-05-06,68.999998,70.375016,68.875016,70.375016,1838100,2.804093
1992-05-05,68.624996,69.250018,68.500021,68.624996,1200300,2.734364
1992-05-04,68.500021,68.875016,68.500021,68.749979,499800,2.739344
1992-05-01,68.749979,68.749979,68.250001,68.624996,246300,2.734364
1992-04-30,68.374984,68.999998,68.125019,68.749979,746100,2.739344
1992-04-29,68.125019,68.250001,67.750017,68.125019,434300,2.714442
1992-04-28,67.750017,68.250001,67.499997,67.999982,207900,2.70946
1992-04-27,68.875016,68.875016,67.62498,67.750017,425700,2.6995
1992-04-24,68.250001,69.124981,68.125019,69.124981,1086400,2.754286
1992-04-23,68.125019,68.624996,68.125019,68.250001,767400,2.719422
1992-04-22,68.250001,69.250018,67.999982,67.999982,1080700,2.70946
1992-04-21,69.499983,70.000021,68.125019,68.374984,531100,2.724402
1992-04-20,70.249979,70.249979,69.375,69.499983,324600,2.769228
1992-04-16,68.250001,70.499999,68.250001,70.499999,637900,2.809073
1992-04-15,64.874998,68.500021,64.874998,68.125019,2266700,2.714442
1992-04-14,64.000018,65.25,64.000018,64.500003,1230200,2.570003
1992-04-13,63.625017,63.874982,62.749983,63.874982,636400,2.545099
1992-04-10,64.000018,64.249983,63.374997,63.625017,805900,2.535139
1992-04-09,64.99998,64.99998,63.874982,64.000018,1396700,2.550081
1992-04-08,66.374999,66.750001,64.99998,64.99998,2366400,2.589925
1992-04-07,65.999997,67.125002,65.999997,66.625018,899800,2.654675
1992-04-06,65.999997,66.499981,65.999997,65.999997,348800,2.629771
1992-04-03,65.999997,66.250016,65.749977,65.999997,969600,2.629771
1992-04-02,67.62498,67.750017,66.124979,66.124979,1344100,2.63475
1992-04-01,68.624996,68.624996,67.375022,67.874999,673500,2.70448
1992-03-31,68.250001,69.250018,68.250001,68.624996,2769300,2.734364
1992-03-30,68.125019,68.500021,68.125019,68.250001,541000,2.719422
1992-03-27,68.250001,68.250001,67.999982,67.999982,1896500,2.70946
1992-03-26,68.500021,68.500021,67.999982,68.250001,1186000,2.719422
1992-03-25,68.250001,68.374984,67.999982,67.999982,808700,2.70946
1992-03-24,68.250001,68.250001,67.499997,67.999982,1000900,2.70946
1992-03-23,68.999998,68.999998,67.750017,67.750017,1453700,2.6995
1992-03-20,71.250003,71.250003,69.250018,69.375,2705200,2.764248
1992-03-19,71.74998,72.749997,71.624998,71.624998,1512100,2.853899
1992-03-18,73.999978,73.999978,71.74998,71.74998,1866600,2.858879
1992-03-17,75.499979,75.499979,74.624999,75.000001,542500,2.988376
1992-03-16,75.375003,75.499979,74.249997,75.499979,346000,3.008297
1992-03-13,75.375003,75.625015,74.624999,75.000001,479800,2.988376
1992-03-12,75.499979,75.87498,74.749982,75.000001,885600,2.988376
1992-03-11,74.875018,75.625015,74.749982,75.499979,462700,3.008297
1992-03-10,74.125021,75.499979,74.125021,75.000001,1644500,2.988376
1992-03-09,73.75002,73.999978,73.375018,73.999978,1067900,2.94853
1992-03-06,73.624983,73.624983,72.499977,73.249981,2060200,2.918646
1992-03-05,75.25002,75.499979,73.50,73.50,1952000,2.928608
1992-03-04,78.000002,78.000002,75.499979,75.499979,1425200,3.008297
1992-03-03,76.750021,78.250022,76.750021,78.250022,3952500,3.117873
1992-03-02,76.000017,77.374981,75.749998,76.375019,7906400,3.043163
1992-02-28,83.749979,83.999998,82.249978,82.375022,414300,3.282234
1992-02-27,80.749978,82.999982,80.749978,82.999982,795900,3.307135
1992-02-26,81.250016,81.250016,80.25,80.25,415700,3.197562
1992-02-25,81.625018,81.625018,81.124979,81.250016,518300,3.237408
1992-02-24,82.249978,82.249978,81.750001,81.750001,686300,3.25733
1992-02-21,81.250016,81.499981,81.124979,81.499981,521100,3.247368
1992-02-20,79.499996,81.499981,79.499996,81.250016,682000,3.237408
1992-02-19,79.624979,79.874998,79.375021,79.375021,249200,3.162698
1992-02-18,79.999981,79.999981,79.499996,79.624979,773100,3.172658
1992-02-14,79.249984,80.500019,79.000019,80.25,1993300,3.197562
1992-02-13,80.749978,84.874978,79.375021,84.874978,407200,3.381844
1992-02-12,79.750016,80.999997,79.499996,80.749978,733300,3.217484
1992-02-11,79.624979,79.999981,79.624979,79.999981,646400,3.1876
1992-02-10,79.999981,79.999981,79.874998,79.874998,1197400,3.18262
1992-02-07,79.750016,79.999981,79.624979,79.750016,1260100,3.17764
1992-02-06,78.49998,79.750016,78.374997,79.750016,1950600,3.17764
1992-02-05,79.000019,79.249984,78.749999,79.000019,931200,3.147757
1992-02-04,79.000019,79.000019,78.749999,78.874982,996700,3.142774
1992-02-03,79.125001,79.375021,78.749999,78.749999,512600,3.137795
1992-01-31,79.125001,79.499996,78.49998,79.000019,260600,3.147757
1992-01-30,79.750016,79.999981,78.749999,79.375021,850000,3.162698
1992-01-29,79.999981,80.749978,79.874998,79.999981,774500,3.1876
1992-01-28,80.999997,81.250016,79.874998,80.25,401500,3.197562
1992-01-27,82.00002,82.00002,80.125017,80.749978,304700,3.217484
1992-01-24,82.00002,82.750017,82.00002,82.00002,182200,3.267292
1992-01-23,81.374999,82.499998,81.374999,82.249978,734700,3.277251
1992-01-22,79.750016,80.999997,79.750016,80.999997,692000,3.227446
1992-01-21,79.750016,79.999981,79.249984,79.999981,830100,3.1876
1992-01-20,80.625002,82.249978,79.499996,79.499996,1033700,3.167678
1992-01-17,80.749978,80.875021,80.125017,80.625002,821500,3.212504
1992-01-16,78.49998,81.499981,78.250022,80.25,1533400,3.197562
1992-01-15,78.374997,79.375021,78.374997,78.749999,973900,3.137795
1992-01-14,78.374997,78.749999,78.124978,78.625017,717600,3.132815
1992-01-13,78.749999,79.375021,78.49998,78.874982,821500,3.142774
1992-01-10,78.250022,79.000019,78.250022,79.000019,555300,3.147757
1992-01-09,78.749999,79.249984,78.000002,78.49998,684800,3.127832
1992-01-08,78.250022,79.249984,78.000002,78.749999,1144700,3.137795
1992-01-07,77.625,78.000002,77.374981,77.749983,1396700,3.097949
1992-01-06,77.374981,78.250022,76.999979,78.250022,1227300,3.117873
1992-01-03,78.625017,78.874982,76.249982,77.374981,2931600,3.083007
1992-01-02,80.625002,80.625002,78.49998,78.625017,2242500,3.132815
1991-12-31,79.000019,80.875021,79.000019,80.875021,1798300,3.222466
1991-12-30,79.000019,79.000019,78.625017,79.000019,1607500,3.147757
1991-12-27,76.500002,79.249984,76.500002,79.249984,825800,3.157716
1991-12-26,73.624983,76.500002,73.624983,76.375019,533900,3.043163
1991-12-24,72.124982,73.999978,72.124982,73.875002,561000,2.94355
1991-12-23,71.500022,72.124982,70.624981,71.875017,337400,2.863861
1991-12-20,69.874978,72.00,69.499983,71.500022,2152800,2.848919
1991-12-19,67.375022,67.999982,67.249978,67.999982,269100,2.70946
1991-12-18,67.375022,67.62498,66.625018,67.62498,488400,2.694518
1991-12-17,67.00002,68.250001,67.00002,67.999982,1049300,2.70946
1991-12-16,65.999997,67.750017,65.999997,67.249978,291900,2.679576
1991-12-13,64.750015,65.999997,64.37502,65.625002,869900,2.614829
1991-12-12,63.49998,64.874998,63.49998,64.500003,1087800,2.570003
1991-12-11,63.49998,63.749999,63.250022,63.749999,561000,2.540119
1991-12-10,63.250022,63.625017,63.000002,63.625017,939700,2.535139
1991-12-09,63.625017,63.749999,63.250022,63.374997,1224500,2.525177
1991-12-06,64.500003,64.500003,63.625017,63.625017,642100,2.535139
1991-12-05,64.99998,65.125017,64.750015,64.750015,291900,2.579965
1991-12-04,63.749999,65.25,63.749999,65.25,1896500,2.599887
1991-12-03,64.37502,64.500003,63.625017,63.749999,318900,2.540119
1991-12-02,64.37502,64.500003,63.749999,64.500003,1049300,2.570003
1991-11-29,64.249983,64.37502,64.249983,64.37502,169400,2.565023
1991-11-27,65.500019,65.500019,64.37502,64.500003,215000,2.570003
1991-11-26,64.99998,65.625002,64.624979,65.500019,316100,2.609849
1991-11-25,65.374982,65.374982,64.500003,64.750015,874200,2.579965
1991-11-22,66.499981,66.499981,65.125017,65.374982,907000,2.604867
1991-11-21,66.874983,66.874983,65.875021,66.250016,307500,2.639733
1991-11-20,65.999997,67.249978,65.999997,67.249978,981000,2.679576
1991-11-19,67.249978,67.249978,65.875021,65.875021,1335500,2.624791
1991-11-18,67.00002,67.249978,66.625018,67.249978,887000,2.679576
1991-11-15,68.125019,68.125019,66.499981,66.625018,690500,2.654675
1991-11-14,68.250001,68.500021,67.999982,68.500021,182200,2.729384
1991-11-13,68.875016,68.875016,68.500021,68.500021,522500,2.729384
1991-11-12,68.749979,69.124981,68.500021,69.124981,242000,2.754286
1991-11-11,69.625019,69.625019,68.749979,68.749979,152300,2.739344
1991-11-08,69.750002,70.999983,69.625019,69.750002,1469400,2.77919
1991-11-07,66.750001,69.750002,66.499981,69.499983,904100,2.769228
1991-11-06,65.500019,66.874983,65.374982,66.750001,1214500,2.659654
1991-11-05,66.124979,66.124979,65.25,65.374982,445600,2.604867
1991-11-04,66.625018,66.625018,65.999997,66.124979,323200,2.63475
1991-11-01,67.62498,67.750017,66.874983,66.874983,1826700,2.664634
1991-10-31,68.250001,68.624996,67.999982,67.999982,975300,2.70946
1991-10-30,67.375022,68.250001,67.249978,68.125019,1692900,2.714442
1991-10-29,67.874999,68.749979,67.499997,67.62498,2178400,2.694518
1991-10-28,67.00002,67.750017,66.874983,67.499997,1297100,2.689538
1991-10-25,66.750001,67.00002,66.625018,67.00002,247700,2.669616
1991-10-24,66.625018,68.125019,66.625018,66.750001,502600,2.659654
1991-10-23,65.875021,66.750001,65.749977,66.625018,153800,2.654675
1991-10-22,66.374999,66.750001,65.625002,66.124979,608000,2.63475
1991-10-21,67.249978,67.249978,65.749977,66.874983,190800,2.664634
1991-10-18,67.249978,67.499997,66.750001,67.249978,539600,2.679576
1991-10-17,67.750017,67.874999,67.499997,67.62498,169400,2.694518
1991-10-16,67.62498,68.624996,67.62498,67.999982,709100,2.70946
1991-10-15,65.500019,67.499997,65.374982,67.375022,424300,2.684558
1991-10-14,64.125001,65.875021,64.125001,65.625002,558100,2.614829
1991-10-11,64.125001,64.125001,63.49998,64.000018,270500,2.550081
1991-10-10,63.49998,64.125001,63.49998,64.125001,384400,2.555061
1991-10-09,64.249983,64.37502,63.49998,63.49998,559600,2.530157
1991-10-08,64.249983,64.37502,64.125001,64.37502,344600,2.565023
1991-10-07,64.99998,64.99998,64.125001,64.249983,351700,2.560041
1991-10-04,65.374982,65.374982,64.750015,64.750015,1775500,2.579965
1991-10-03,64.874998,66.250016,64.624979,65.875021,897000,2.624791
1991-10-02,64.99998,65.500019,64.624979,65.125017,934000,2.594907
1991-10-01,63.625017,64.99998,63.625017,64.99998,1107700,2.589925
1991-09-30,64.37502,64.37502,63.250022,63.749999,2333600,2.540119
1991-09-27,64.624979,64.874998,64.624979,64.750015,1201700,2.579965
1991-09-26,64.874998,64.874998,64.37502,64.624979,2696700,2.574983
1991-09-25,64.874998,65.500019,64.624979,64.624979,2411900,2.574983
1991-09-24,63.250022,64.750015,63.250022,64.750015,4297000,2.579965
1991-09-23,61.000017,63.250022,60.749998,62.125016,1751300,2.475372
1991-09-20,59.500016,60.25002,58.750019,59.624999,1529200,2.375759
1991-09-19,58.375018,58.999978,58.375018,58.875002,310400,2.345875
1991-09-18,58.375018,58.50,58.249981,58.50,215000,2.330933
1991-09-17,58.624983,59.125021,58.50,58.750019,310400,2.340895
1991-09-16,58.750019,58.750019,58.375018,58.624983,165200,2.335913
1991-09-13,58.750019,58.750019,58.249981,58.50,367300,2.330933
1991-09-12,58.750019,58.875002,58.375018,58.50,468400,2.330933
1991-09-11,57.749996,58.750019,57.749996,58.375018,838600,2.325953
1991-09-10,58.000016,58.249981,57.250019,57.250019,1170400,2.281128
1991-09-09,57.499984,58.124998,57.499984,58.000016,519700,2.311011
1991-09-06,57.749996,57.749996,57.124982,57.499984,693400,2.291087
1991-09-05,57.625021,58.124998,57.250019,57.499984,398700,2.291087
1991-09-04,58.50,58.624983,56.999999,58.000016,526800,2.311011
1991-09-03,59.249997,60.25002,58.50,58.50,1288500,2.330933
1991-08-30,59.249997,59.249997,58.999978,59.249997,1151900,2.360817
1991-08-29,58.624983,59.37498,58.000016,59.125021,381600,2.355837
1991-08-28,57.499984,58.750019,57.250019,58.50,844300,2.330933
1991-08-27,57.749996,58.249981,57.375001,57.499984,827200,2.291087
1991-08-26,57.250019,57.874979,57.124982,57.874979,321800,2.306029
1991-08-23,57.124982,57.874979,56.999999,57.250019,496900,2.281128
1991-08-22,56.999999,57.499984,56.87502,57.375001,538200,2.286108
1991-08-21,55.249979,56.500018,55.000018,56.500018,1758400,2.251244
1991-08-20,53.50002,54.625019,53.50002,54.625019,897000,2.176534
1991-08-19,53.50002,53.50002,52.249981,52.999982,1473600,2.111785
1991-08-16,54.375,54.499979,53.624999,54.000001,4691400,2.151631
1991-08-15,54.499979,55.000018,54.375,54.375,713300,2.166572
1991-08-14,54.12498,54.749998,54.12498,54.375,6499600,2.166572
1991-08-13,53.749982,54.250017,53.50002,53.749982,2907400,2.141669
1991-08-12,55.249979,55.249979,54.000001,54.625019,945400,2.176534
1991-08-09,54.000001,55.750018,54.000001,55.499999,5077300,2.211398
1991-08-08,53.37498,54.250017,52.999982,53.749982,2327900,2.141669
1991-08-07,55.249979,55.249979,52.999982,53.37498,4027900,2.126727
1991-08-06,54.000001,55.249979,54.000001,55.000018,3233400,2.191476
1991-08-05,56.12502,56.12502,53.50002,53.749982,1710000,2.141669
1991-08-02,56.87502,57.250019,56.500018,56.625001,1015200,2.256224
1991-08-01,56.74998,56.87502,56.500018,56.87502,664900,2.266186
1991-07-31,57.250019,57.375001,56.74998,56.74998,2023200,2.261204
1991-07-30,56.999999,57.625021,56.74998,56.999999,11538500,2.271166
1991-07-29,67.999982,68.624996,61.500001,61.500001,5344900,2.450468
1991-07-26,68.374984,68.374984,67.62498,68.125019,854300,2.714442
1991-07-25,68.624996,68.624996,67.750017,68.624996,1875100,2.734364
1991-07-24,68.374984,68.875016,68.125019,68.624996,488400,2.734364
1991-07-23,68.875016,68.875016,67.874999,68.125019,2164200,2.714442
1991-07-22,69.750002,69.750002,68.125019,68.999998,1559100,2.749306
1991-07-19,70.000021,70.249979,70.000021,70.249979,612200,2.799111
1991-07-18,70.124997,70.499999,69.874978,70.000021,707600,2.789152
1991-07-17,70.499999,70.999983,70.124997,70.124997,805900,2.794131
1991-07-16,72.00,72.00,70.249979,70.624981,805900,2.814053
1991-07-15,68.999998,72.00,68.999998,72.00,778800,2.868841
1991-07-12,68.749979,69.124981,67.999982,68.875016,845700,2.744326
1991-07-11,68.250001,69.499983,68.125019,69.124981,296200,2.754286
1991-07-10,68.125019,68.875016,67.999982,67.999982,579500,2.70946
1991-07-09,69.250018,69.625019,67.499997,67.499997,263400,2.689538
1991-07-08,69.750002,69.750002,68.500021,69.250018,605100,2.759268
1991-07-05,68.624996,70.000021,68.624996,69.625019,240600,2.77421
1991-07-03,69.499983,69.499983,68.624996,68.624996,223500,2.734364
1991-07-02,70.249979,70.249979,69.250018,69.750002,1267200,2.77919
1991-07-01,69.375,70.999983,69.375,70.499999,635000,2.809073
1991-06-28,69.375,69.375,67.999982,69.124981,562400,2.754286
1991-06-27,68.999998,69.750002,68.999998,69.375,608000,2.764248
1991-06-26,66.750001,68.500021,66.750001,68.250001,734700,2.719422
1991-06-25,66.874983,66.874983,65.749977,66.499981,561000,2.649692
1991-06-24,67.125002,67.125002,66.750001,66.874983,578100,2.664634
1991-06-21,66.750001,67.375022,66.750001,67.375022,758900,2.684558
1991-06-20,66.750001,66.750001,66.499981,66.750001,469900,2.659654
1991-06-19,67.00002,67.00002,66.124979,66.750001,301800,2.659654
1991-06-18,67.249978,67.750017,66.750001,67.00002,360200,2.669616
1991-06-17,68.500021,68.500021,67.249978,67.375022,165200,2.684558
1991-06-14,67.750017,68.999998,67.750017,68.250001,424300,2.719422
1991-06-13,66.625018,67.750017,66.625018,67.750017,383000,2.6995
1991-06-12,67.499997,67.499997,65.999997,66.374999,338900,2.644712
1991-06-11,66.625018,67.750017,66.625018,67.750017,1290000,2.6995
1991-06-10,65.875021,66.750001,65.625002,66.374999,256300,2.644712
1991-06-07,65.875021,65.999997,65.625002,65.749977,647800,2.619809
1991-06-06,65.25,65.999997,65.25,65.875021,370200,2.624791
1991-06-05,64.874998,65.500019,64.624979,65.125017,1245800,2.594907
1991-06-04,66.625018,67.375022,63.000002,64.624979,6390000,2.574983
1991-06-03,65.500019,66.625018,65.500019,66.499981,232100,2.649692
1991-05-31,64.874998,65.749977,64.624979,65.749977,647800,2.619809
1991-05-30,65.125017,65.25,64.624979,64.99998,616500,2.589925
1991-05-29,65.374982,65.374982,64.99998,65.374982,736100,2.604867
1991-05-28,67.375022,67.375022,64.99998,65.374982,3895500,2.604867
1991-05-24,67.375022,67.499997,67.00002,67.249978,317500,2.679576
1991-05-23,67.249978,67.874999,66.874983,67.499997,1257200,2.689538
1991-05-22,65.25,67.499997,65.25,66.874983,1059300,2.664634
1991-05-21,63.250022,64.99998,63.250022,64.99998,1530600,2.589925
1991-05-20,63.49998,63.749999,63.124978,63.124978,717600,2.515215
1991-05-17,63.49998,63.749999,63.250022,63.250022,664900,2.520198
1991-05-16,63.625017,64.249983,63.250022,63.874982,449900,2.545099
1991-05-15,65.25,65.374982,63.000002,63.874982,852900,2.545099
1991-05-14,65.749977,65.749977,64.750015,65.25,395800,2.599887
1991-05-13,67.62498,67.874999,66.499981,66.499981,186500,2.649692
1991-05-10,70.000021,70.249979,67.499997,67.499997,437100,2.689538
1991-05-09,69.124981,69.625019,68.875016,69.499983,566700,2.769228
1991-05-08,68.749979,69.124981,68.749979,68.875016,202200,2.744326
1991-05-07,69.375,69.375,68.749979,68.749979,180800,2.739344
1991-05-06,68.875016,69.124981,68.624996,68.749979,212100,2.739344
1991-05-03,67.499997,69.250018,67.249978,69.124981,1184600,2.754286
1991-05-02,66.124979,67.249978,66.124979,67.249978,855700,2.679576
1991-05-01,65.500019,65.999997,64.99998,65.999997,494100,2.629771
1991-04-30,66.250016,66.750001,64.99998,65.25,553900,2.599887
1991-04-29,67.499997,68.125019,65.999997,65.999997,495500,2.629771
1991-04-26,65.749977,67.499997,65.500019,67.249978,253400,2.679576
1991-04-25,65.500019,65.999997,64.000018,65.875021,2246800,2.624791
1991-04-24,66.750001,67.00002,65.999997,65.999997,1103400,2.629771
1991-04-23,68.374984,68.500021,66.499981,66.499981,495500,2.649692
1991-04-22,70.124997,70.249979,68.749979,68.749979,623600,2.739344
1991-04-19,71.250003,71.500022,70.499999,70.624981,788800,2.814053
1991-04-18,73.000016,73.000016,71.500022,71.500022,1473600,2.848919
1991-04-17,71.250003,73.249981,71.250003,73.249981,1234400,2.918646
1991-04-16,70.999983,71.500022,70.875001,71.250003,575200,2.838957
1991-04-15,70.249979,70.750018,68.749979,70.499999,663500,2.809073
1991-04-12,70.499999,70.750018,70.124997,70.499999,512600,2.809073
1991-04-11,67.750017,70.000021,67.750017,70.000021,931200,2.789152
1991-04-10,66.250016,68.125019,66.250016,67.750017,1124800,2.6995
1991-04-09,66.750001,66.874983,65.999997,66.499981,804400,2.649692
1991-04-08,66.499981,67.125002,65.999997,66.625018,821500,2.654675
1991-04-05,68.250001,68.250001,65.999997,66.250016,447100,2.639733
1991-04-04,68.125019,68.250001,67.499997,68.125019,710500,2.714442
1991-04-03,68.250001,68.999998,67.874999,68.374984,860000,2.724402
1991-04-02,66.250016,68.250001,66.250016,68.250001,721900,2.719422
1991-04-01,66.499981,66.750001,66.374999,66.499981,552400,2.649692
1991-03-28,64.624979,67.00002,64.500003,66.499981,1329800,2.649692
1991-03-27,63.000002,64.750015,63.000002,64.750015,1050800,2.579965
1991-03-26,61.249982,62.87502,61.000017,62.87502,417200,2.505256
1991-03-25,60.375003,61.000017,60.375003,61.000017,223500,2.430546
1991-03-22,60.87498,60.87498,59.500016,60.000001,486900,2.390701
1991-03-21,61.999979,61.999979,60.499978,60.499978,774500,2.410622
1991-03-20,61.000017,62.249998,61.000017,61.500001,1446600,2.450468
1991-03-19,61.125,61.125,60.499978,61.000017,1290000,2.430546
1991-03-18,61.375019,61.375019,60.87498,61.000017,723300,2.430546
1991-03-15,61.249982,61.624977,61.125,61.624977,998100,2.455448
1991-03-14,61.999979,62.249998,61.249982,61.500001,1151900,2.450468
1991-03-13,61.750021,61.999979,61.000017,61.999979,600800,2.47039
1991-03-12,63.000002,63.374997,61.750021,61.999979,1022300,2.47039
1991-03-11,63.749999,63.749999,62.749983,63.000002,583800,2.510236
1991-03-08,63.49998,63.749999,62.87502,63.625017,474100,2.535139
1991-03-07,62.625,64.000018,62.625,63.250022,731800,2.520198
1991-03-06,62.500018,63.000002,62.125016,62.625,982400,2.495294
1991-03-05,59.875018,61.874997,59.875018,61.874997,1671500,2.46541
1991-03-04,60.124983,60.25002,58.000016,59.875018,791600,2.385721
1991-03-01,59.749981,60.499978,58.875002,60.25002,1603200,2.400663
1991-02-28,60.87498,61.000017,60.25002,60.25002,365900,2.400663
1991-02-27,59.624999,60.499978,59.500016,60.25002,1321300,2.400663
1991-02-26,60.124983,60.499978,59.749981,59.875018,405800,2.385721
1991-02-25,59.37498,60.749998,58.750019,60.499978,546700,2.410622
1991-02-22,58.50,59.500016,58.249981,58.875002,559600,2.345875
1991-02-21,58.124998,58.624983,57.250019,58.624983,1164700,2.335913
1991-02-20,58.50,58.50,58.249981,58.375018,407200,2.325953
1991-02-19,58.875002,58.875002,58.624983,58.875002,502600,2.345875
1991-02-15,58.375018,58.875002,58.375018,58.875002,360200,2.345875
1991-02-14,58.750019,59.125021,58.124998,58.624983,1167500,2.335913
1991-02-13,57.250019,57.874979,57.250019,57.749996,674900,2.301049
1991-02-12,57.499984,57.749996,57.375001,57.499984,6573700,2.291087
1991-02-11,56.625001,58.875002,56.625001,58.875002,1681500,2.345875
1991-02-08,56.12502,56.74998,55.750018,56.74998,1983400,2.261204
1991-02-07,58.000016,58.249981,55.875001,56.500018,2216900,2.251244
1991-02-06,56.87502,58.000016,56.87502,57.499984,3408600,2.291087
1991-02-05,55.875001,57.499984,55.875001,56.999999,3360200,2.271166
1991-02-04,54.000001,56.249999,53.749982,55.750018,3390100,2.22136
1991-02-01,52.500001,53.749982,52.249981,53.50002,1153300,2.131709
1991-01-31,51.00,52.500001,51.00,52.500001,1712800,2.091863
1991-01-30,49.99998,50.749981,49.875001,50.624998,1553400,2.017154
1991-01-29,49.750019,49.99998,49.499999,49.875001,582300,1.98727
1991-01-28,49.624982,49.875001,49.499999,49.875001,887000,1.98727
1991-01-25,48.62502,49.750019,47.749979,49.37502,1576100,1.967348
1991-01-24,51.374998,51.374998,49.125001,49.125001,1939200,1.957386
1991-01-23,52.62498,53.250001,51.124979,51.250019,3317500,2.042058
1991-01-22,52.874999,53.250001,52.62498,52.75002,645000,2.101825
1991-01-21,52.75002,53.250001,52.75002,52.874999,360200,2.106805
1991-01-18,52.00002,52.999982,52.00002,52.999982,1016600,2.111785
1991-01-17,52.500001,52.75002,51.374998,52.249981,1665800,2.081901
1991-01-16,49.99998,51.75,49.750019,51.374998,1458000,2.047037
1991-01-15,49.624982,50.125017,49.624982,50.125017,925500,1.997232
1991-01-14,49.624982,49.624982,48.749999,49.37502,711900,1.967348
1991-01-11,49.24998,49.624982,49.125001,49.624982,553900,1.977308
1991-01-10,49.24998,49.37502,49.125001,49.24998,488400,1.962366
1991-01-09,49.24998,49.99998,48.874981,48.874981,726100,1.947424
1991-01-08,49.499999,49.499999,48.749999,48.749999,1502100,1.942444
1991-01-07,49.37502,49.750019,49.24998,49.37502,798800,1.967348
1991-01-04,49.24998,49.750019,49.000018,49.624982,869900,1.977308
1991-01-03,49.499999,49.875001,49.125001,49.24998,971000,1.962366
1991-01-02,49.125001,49.875001,48.874981,49.37502,823000,1.967348
1990-12-31,49.37502,49.37502,48.49998,48.874981,286200,1.947424
1990-12-28,49.24998,49.499999,49.24998,49.37502,152300,1.967348
1990-12-27,49.000018,49.624982,49.000018,49.499999,321800,1.972328
1990-12-26,48.49998,49.000018,48.250018,49.000018,395800,1.952406
1990-12-24,48.124981,48.375,47.875019,47.999999,131000,1.91256
1990-12-21,49.000018,49.000018,47.999999,47.999999,619400,1.91256
1990-12-20,48.749999,49.499999,48.49998,49.37502,995200,1.967348
1990-12-19,47.999999,49.750019,47.749979,48.874981,1591800,1.947424
1990-12-18,46.62498,47.999999,46.62498,47.999999,605100,1.91256
1990-12-17,46.999982,46.999982,46.500001,46.875,203600,1.867735
1990-12-14,46.875,46.999982,46.62498,46.999982,225000,1.872715
1990-12-13,46.875,46.999982,46.875,46.999982,296200,1.872715
1990-12-12,46.999982,47.125019,46.750017,46.999982,679200,1.872715
1990-12-11,47.999999,47.999999,46.249982,46.750017,622200,1.862755
1990-12-10,48.62502,48.62502,47.999999,47.999999,939700,1.91256
1990-12-07,48.749999,49.125001,48.62502,48.874981,645000,1.947424
1990-12-06,49.000018,49.24998,49.000018,49.000018,1681500,1.952406
1990-12-05,49.24998,49.24998,48.62502,49.000018,2231100,1.952406
1990-12-04,49.750019,49.750019,48.749999,49.37502,1224500,1.967348
1990-12-03,49.37502,50.125017,49.125001,49.750019,952500,1.98229
1990-11-30,47.625,49.000018,47.625,49.000018,1065000,1.952406
1990-11-29,47.999999,47.999999,47.749979,47.749979,966800,1.902598
1990-11-28,46.875,47.749979,46.875,47.500018,400100,1.892639
1990-11-27,46.375019,46.999982,46.375019,46.999982,1319900,1.872715
1990-11-26,46.124999,46.62498,46.124999,46.500001,757500,1.852793
1990-11-23,47.374981,47.500018,47.125019,47.125019,168000,1.877697
1990-11-21,46.750017,47.500018,46.62498,47.500018,788800,1.892639
1990-11-20,46.750017,46.875,46.750017,46.750017,489800,1.862755
1990-11-19,46.750017,46.999982,46.750017,46.750017,202200,1.862755
1990-11-16,46.124999,46.875,46.124999,46.750017,726100,1.862755
1990-11-15,45.750001,46.124999,45.499982,45.87498,548200,1.827889
1990-11-14,45.625018,46.00002,45.625018,45.87498,162300,1.827889
1990-11-13,45.25002,46.249982,45.25002,45.625018,615100,1.817929
1990-11-12,44.749981,45.25002,44.749981,45.25002,109600,1.802988
1990-11-09,44.125018,44.749981,44.125018,44.749981,583800,1.783063
1990-11-08,43.874998,44.25,43.874998,44.125018,750300,1.758162
1990-11-07,43.999981,43.999981,43.50,43.999981,1006600,1.75318
1990-11-06,43.874998,44.374979,43.750019,43.999981,673500,1.75318
1990-11-05,43.999981,43.999981,43.249981,43.750019,189400,1.74322
1990-11-02,42.49998,44.125018,42.49998,44.125018,598000,1.758162
1990-11-01,42.49998,42.75,42.375001,42.375001,190800,1.688432
1990-10-31,42.250019,43.125001,42.250019,42.62502,869900,1.698394
1990-10-30,40.999979,42.375001,40.999979,42.124982,2494500,1.67847
1990-10-29,40.499998,40.750018,40.249979,40.750018,301800,1.623685
1990-10-26,40.624981,40.624981,40.125,40.249979,276200,1.603761
1990-10-25,40.499998,40.999979,40.125,40.999979,346000,1.633645
1990-10-24,39.874981,40.499998,39.874981,40.499998,1614600,1.613723
1990-10-23,39.749998,40.000017,39.625019,39.749998,297600,1.583839
1990-10-22,39.874981,39.874981,39.749998,39.874981,346000,1.588819
1990-10-19,40.000017,40.000017,39.625019,39.874981,747500,1.588819
1990-10-18,38.50002,39.874981,38.50002,39.874981,1626000,1.588819
1990-10-17,39.000001,39.000001,38.250001,38.250001,202200,1.524072
1990-10-16,40.125,40.125,38.624999,39.000001,311800,1.553955
1990-10-15,40.000017,40.125,39.874981,40.000017,311800,1.593801
1990-10-12,40.249979,40.999979,40.000017,40.125,239200,1.598781
1990-10-11,40.375019,40.499998,40.000017,40.000017,1379700,1.593801
1990-10-10,40.999979,41.374981,40.375019,40.499998,222100,1.613723
1990-10-09,41.12502,41.12502,40.875,40.999979,586600,1.633645
1990-10-08,40.999979,41.374981,40.999979,41.249999,65500,1.643607
1990-10-05,40.375019,40.999979,40.000017,40.999979,605100,1.633645
1990-10-04,39.874981,41.12502,39.625019,40.750018,459900,1.623685
1990-10-03,40.750018,41.249999,40.125,40.125,226400,1.598781
1990-10-02,41.500018,41.87502,40.624981,40.624981,279100,1.618703
1990-10-01,38.37498,41.500018,38.37498,41.249999,533900,1.643607
1990-09-28,37.62498,38.250001,37.000019,38.250001,331700,1.524072
1990-09-27,38.250001,38.624999,37.62498,37.75002,444200,1.50415
1990-09-26,37.62498,38.250001,37.375018,37.75002,149500,1.50415
1990-09-25,37.000019,37.62498,36.75,37.50,555300,1.494188
1990-09-24,37.999981,37.999981,36.75,36.874979,932600,1.469284
1990-09-21,38.624999,38.624999,37.874999,38.125018,625000,1.519092
1990-09-20,38.37498,38.37498,37.75002,38.125018,199300,1.519092
1990-09-19,38.250001,38.50002,37.874999,37.874999,1334100,1.50913
1990-09-18,38.37498,38.37498,37.999981,38.37498,1012300,1.529051
1990-09-17,38.37498,39.250021,38.37498,38.624999,558100,1.539013
1990-09-14,39.499982,39.499982,37.999981,38.37498,348800,1.529051
1990-09-13,39.749998,39.749998,39.499982,39.499982,179400,1.573877
1990-09-12,40.000017,40.000017,39.749998,39.749998,327500,1.583839
1990-09-11,40.499998,40.499998,39.874981,39.874981,467000,1.588819
1990-09-10,40.750018,41.500018,40.249979,40.499998,368800,1.613723
1990-09-07,39.375,40.999979,39.375,40.750018,649300,1.623685
1990-09-06,40.000017,40.125,39.375,39.625019,185100,1.578859
1990-09-05,39.625019,40.249979,39.375,40.249979,213600,1.603761
1990-09-04,39.12498,39.625019,38.875019,39.499982,538200,1.573877
1990-08-31,39.499982,39.499982,38.875019,39.12498,138100,1.558935
1990-08-30,39.874981,40.000017,39.375,39.499982,223500,1.573877
1990-08-29,39.625019,40.125,39.625019,39.625019,112500,1.578859
1990-08-28,40.000017,40.125,39.12498,39.874981,602300,1.588819
1990-08-27,38.37498,40.249979,38.125018,40.125,1224500,1.598781
1990-08-24,38.50002,38.50002,37.249981,37.874999,606500,1.50913
1990-08-23,38.749982,38.875019,38.125018,38.250001,647800,1.524072
1990-08-22,39.250021,39.499982,39.000001,39.375,787400,1.568897
1990-08-21,40.000017,40.000017,39.12498,39.250021,545300,1.563917
1990-08-20,39.874981,40.624981,39.874981,40.000017,264800,1.593801
1990-08-17,40.000017,40.499998,39.625019,40.125,1167500,1.598781
1990-08-16,41.374981,41.500018,40.999979,40.999979,724700,1.633645
1990-08-15,41.500018,41.74998,41.374981,41.625001,200800,1.658549
1990-08-14,41.500018,41.500018,41.249999,41.500018,262000,1.653569
1990-08-13,41.625001,41.74998,41.374981,41.625001,679200,1.658549
1990-08-10,41.999999,42.250019,41.500018,41.625001,410100,1.658549
1990-08-09,41.87502,42.62502,41.625001,42.250019,284800,1.683452
1990-08-08,41.12502,41.87502,41.12502,41.625001,311800,1.658549
1990-08-07,41.500018,41.500018,41.249999,41.374981,256300,1.648587
1990-08-06,41.500018,41.500018,40.875,41.12502,364500,1.638627
1990-08-03,42.874982,42.874982,41.249999,41.87502,824400,1.668511
1990-08-02,42.75,43.000019,42.49998,43.000019,741800,1.713336
1990-08-01,43.874998,43.874998,43.000019,43.125001,726100,1.718316
1990-07-31,43.750019,43.999981,43.624979,43.874998,579500,1.7482
1990-07-30,44.125018,44.25,43.999981,44.125018,488400,1.758162
1990-07-27,43.999981,44.25,43.999981,44.25,673500,1.763142
1990-07-26,43.249981,44.875018,43.000019,43.999981,664900,1.75318
1990-07-25,43.000019,43.50,43.000019,43.50,1799700,1.733258
1990-07-24,43.50,43.624979,43.000019,43.125001,1059300,1.718316
1990-07-23,43.750019,43.874998,43.000019,43.50,653500,1.733258
1990-07-20,43.750019,44.125018,43.50,43.750019,465600,1.74322
1990-07-19,43.750019,44.125018,43.249981,44.125018,1586100,1.758162
1990-07-18,44.875018,44.875018,43.249981,43.999981,1603200,1.75318
1990-07-17,45.750001,45.750001,45.000001,45.25002,1789700,1.802988
1990-07-16,45.374999,45.750001,45.374999,45.750001,279100,1.822909
1990-07-13,44.875018,45.87498,44.749981,45.374999,1624600,1.807967
1990-07-12,44.749981,44.875018,44.50002,44.875018,878500,1.788046
1990-07-11,44.749981,45.000001,44.624999,44.749981,632200,1.783063
1990-07-10,45.000001,45.000001,44.50002,44.50002,764600,1.773104
1990-07-09,45.750001,45.750001,44.749981,45.000001,4480700,1.793025
1990-07-06,45.25002,45.750001,45.25002,45.750001,465600,1.822909
1990-07-05,45.87498,45.87498,45.499982,45.499982,381600,1.812947
1990-07-03,46.500001,46.500001,45.499982,45.750001,1110600,1.822909
1990-07-02,47.749979,47.999999,46.00002,46.375019,1100600,1.847813
1990-06-29,46.999982,47.625,46.999982,47.500018,428600,1.892639
1990-06-28,46.62498,47.249998,46.62498,46.999982,377300,1.872715
1990-06-27,45.625018,46.62498,45.499982,46.62498,176600,1.857773
1990-06-26,46.62498,46.62498,45.499982,45.750001,1254400,1.822909
1990-06-25,47.625,47.625,46.500001,46.500001,592300,1.852793
1990-06-22,47.500018,48.375,47.500018,47.625,999500,1.897619
1990-06-21,47.625,47.625,47.500018,47.625,390100,1.897619
1990-06-20,47.749979,47.875019,47.374981,47.625,234900,1.897619
1990-06-19,47.374981,47.999999,47.249998,47.749979,546700,1.902598
1990-06-18,47.625,47.625,47.249998,47.625,367300,1.897619
1990-06-15,47.749979,48.250018,47.749979,47.749979,1620300,1.902598
1990-06-14,47.374981,48.250018,47.374981,47.875019,388700,1.907581
1990-06-13,47.999999,47.999999,47.125019,47.374981,1731300,1.887657
1990-06-12,48.749999,48.749999,47.500018,47.999999,697700,1.91256
1990-06-11,48.749999,48.749999,48.375,48.749999,243500,1.942444
1990-06-08,48.749999,49.125001,48.749999,49.000018,981000,1.952406
1990-06-07,48.874981,49.000018,48.749999,49.000018,612200,1.952406
1990-06-06,49.000018,49.37502,48.62502,48.749999,1292800,1.942444
1990-06-05,49.499999,49.875001,49.24998,49.24998,1371100,1.962366
1990-06-04,49.499999,50.25,49.499999,49.624982,1062200,1.977308
1990-06-01,49.37502,49.624982,49.24998,49.499999,1660200,1.972328
1990-05-31,49.000018,49.37502,49.000018,49.125001,2941600,1.957386
1990-05-30,49.37502,49.499999,49.000018,49.24998,1378200,1.962366
1990-05-29,47.125019,49.24998,47.125019,49.24998,1438000,1.962366
1990-05-25,46.62498,47.500018,46.375019,47.125019,627900,1.877697
1990-05-24,45.750001,46.999982,45.750001,46.875,1047900,1.867735
1990-05-23,45.625018,45.750001,45.499982,45.750001,918400,1.822909
1990-05-22,45.499982,46.00002,45.374999,45.374999,1989000,1.807967
1990-05-21,45.625018,46.00002,45.25002,45.499982,526800,1.812947
1990-05-18,45.374999,45.87498,45.25002,45.87498,850000,1.827889
1990-05-17,45.25002,45.87498,45.12498,45.625018,1008100,1.817929
1990-05-16,45.000001,45.374999,44.25,45.25002,1692900,1.802988
1990-05-15,44.50002,45.374999,44.50002,45.374999,1391100,1.807967
1990-05-14,44.50002,45.25002,44.25,45.000001,1055000,1.793025
1990-05-11,44.50002,44.624999,44.25,44.25,1479300,1.763142
1990-05-10,44.749981,44.875018,44.374979,44.50002,1650200,1.773104
1990-05-09,45.374999,45.374999,44.50002,44.749981,461300,1.783063
1990-05-08,45.25002,45.374999,45.000001,45.374999,710500,1.807967
1990-05-07,45.12498,45.499982,45.12498,45.374999,569500,1.807967
1990-05-04,45.87498,45.87498,44.624999,45.25002,1336900,1.802988
1990-05-03,45.625018,45.87498,45.499982,45.625018,632200,1.817929
1990-05-02,45.000001,45.750001,45.000001,45.499982,1160400,1.812947
1990-05-01,44.50002,46.00002,44.50002,45.000001,2063100,1.793025
1990-04-30,43.125001,44.50002,43.000019,44.50002,414300,1.773104
1990-04-27,43.375017,43.750019,42.874982,43.249981,1072100,1.723296
1990-04-26,44.25,44.50002,43.000019,43.125001,3420000,1.718316
1990-04-25,42.250019,44.749981,42.250019,44.125018,1156100,1.758162
1990-04-24,42.250019,42.62502,41.999999,42.124982,467000,1.67847
1990-04-23,42.250019,42.49998,41.999999,42.49998,545300,1.693412
1990-04-20,41.87502,42.250019,41.87502,42.124982,425700,1.67847
1990-04-19,41.249999,41.87502,41.12502,41.74998,529700,1.663528
1990-04-18,41.249999,41.999999,41.249999,41.500018,1311300,1.653569
1990-04-17,41.249999,41.374981,40.999979,41.12502,962500,1.638627
1990-04-16,42.75,42.75,41.74998,41.74998,1230200,1.663528
1990-04-12,41.87502,42.375001,41.74998,42.250019,2122900,1.683452
1990-04-11,41.999999,42.250019,41.249999,41.87502,6700400,1.668511
1990-04-10,42.75,42.75,40.000017,40.499998,4191700,1.613723
1990-04-09,42.375001,43.375017,42.250019,42.874982,1527700,1.708354
1990-04-06,43.125001,43.125001,40.999979,42.49998,3224900,1.693412
1990-04-05,43.249981,43.874998,43.000019,43.50,1583300,1.733258
1990-04-04,44.25,44.50002,43.750019,43.750019,798800,1.74322
1990-04-03,43.999981,44.125018,43.750019,44.125018,652100,1.758162
1990-04-02,44.875018,44.875018,43.999981,43.999981,781700,1.75318
1990-03-30,45.87498,45.87498,45.12498,45.499982,440000,1.812947
1990-03-29,45.625018,46.249982,45.625018,45.625018,491200,1.817929
1990-03-28,45.625018,46.124999,45.499982,45.750001,552400,1.822909
1990-03-27,46.249982,46.375019,45.25002,45.499982,630700,1.812947
1990-03-26,46.875,46.875,46.375019,46.500001,988100,1.852793
1990-03-23,46.750017,46.999982,46.62498,46.62498,284800,1.857773
1990-03-22,47.374981,47.500018,46.62498,46.875,739000,1.867735
1990-03-21,48.49998,48.49998,47.500018,47.625,2251000,1.897619
1990-03-20,47.500018,50.25,47.500018,48.375,3109600,1.927502
1990-03-19,46.249982,47.875019,46.124999,47.749979,1053600,1.902598
1990-03-16,46.124999,47.249998,46.00002,46.750017,1782600,1.862755
1990-03-15,46.124999,46.375019,45.87498,46.375019,599400,1.847813
1990-03-14,45.12498,46.875,45.12498,46.00002,771700,1.832871
1990-03-13,43.874998,44.875018,43.874998,44.875018,805900,1.788046
1990-03-12,44.749981,44.749981,43.750019,43.750019,1186000,1.74322
1990-03-09,45.499982,45.625018,44.749981,45.000001,495500,1.793025
1990-03-08,45.374999,45.750001,45.25002,45.625018,971000,1.817929
1990-03-07,45.000001,45.25002,45.000001,45.12498,1345500,1.798005
1990-03-06,44.624999,45.499982,44.624999,45.000001,1946300,1.793025
1990-03-05,44.50002,44.749981,43.999981,44.374979,993800,1.768122
1990-03-02,44.25,44.25,43.999981,43.999981,850000,1.75318
1990-03-01,44.875018,44.875018,43.999981,43.999981,885600,1.75318
1990-02-28,44.749981,45.12498,44.50002,44.624999,1025100,1.778084
1990-02-27,44.50002,44.749981,44.50002,44.624999,877100,1.778084
1990-02-26,45.000001,45.000001,43.999981,44.50002,1234400,1.773104
1990-02-23,45.87498,45.87498,45.25002,45.25002,521100,1.802988
1990-02-22,47.500018,47.500018,46.124999,46.124999,633600,1.837851
1990-02-21,47.500018,47.749979,47.374981,47.500018,733300,1.892639
1990-02-20,48.749999,48.749999,47.999999,47.999999,293300,1.91256
1990-02-16,49.499999,49.499999,49.000018,49.000018,333200,1.952406
1990-02-15,49.24998,49.499999,49.125001,49.499999,793100,1.972328
1990-02-14,49.499999,49.624982,49.37502,49.37502,294700,1.967348
1990-02-13,49.24998,49.499999,49.24998,49.37502,499800,1.967348
1990-02-12,49.499999,49.499999,49.24998,49.37502,570900,1.967348
1990-02-09,49.875001,50.125017,49.24998,50.125017,435700,1.997232
1990-02-08,49.000018,50.25,49.000018,49.875001,1045100,1.98727
1990-02-07,47.625,49.499999,47.500018,49.125001,1186000,1.957386
1990-02-06,47.749979,47.749979,47.374981,47.749979,280500,1.902598
1990-02-05,47.749979,47.999999,47.500018,47.875019,1295700,1.907581
1990-02-02,46.999982,47.500018,46.500001,47.500018,1153300,1.892639
1990-02-01,47.749979,47.749979,46.62498,46.750017,736100,1.862755
1990-01-31,47.999999,48.49998,47.749979,47.749979,919800,1.902598
1990-01-30,48.49998,48.49998,47.125019,47.999999,944000,1.91256
1990-01-29,49.24998,49.24998,48.250018,48.375,586600,1.927502
1990-01-26,48.749999,49.750019,48.49998,49.000018,838600,1.952406
1990-01-25,51.499981,52.75002,48.49998,48.749999,5337800,1.942444
1990-01-24,51.499981,51.75,51.00,51.75,736100,2.061979
1990-01-23,52.75002,52.75002,51.499981,51.874979,590900,2.066959
1990-01-22,53.749982,54.000001,52.75002,52.75002,583800,2.101825
1990-01-19,53.624999,54.000001,53.624999,54.000001,398700,2.151631
1990-01-18,54.000001,54.12498,53.749982,53.875019,951100,2.146651
1990-01-17,53.50002,54.499979,53.37498,54.250017,1496400,2.161592
1990-01-16,52.874999,53.749982,52.500001,53.749982,639300,2.141669
1990-01-15,54.250017,54.250017,53.125018,53.125018,857100,2.116767
1990-01-12,57.499984,57.499984,54.250017,54.375,726100,2.166572
1990-01-11,58.000016,58.000016,57.625021,57.749996,318900,2.301049
1990-01-10,57.749996,57.874979,57.124982,57.749996,1301400,2.301049
1990-01-09,56.999999,57.874979,56.87502,57.375001,667800,2.286108
1990-01-08,55.750018,57.250019,55.750018,56.87502,286200,2.266186
1990-01-05,55.99998,55.99998,55.499999,55.99998,815800,2.23132
1990-01-04,57.250019,57.250019,56.12502,56.249999,867100,2.241282
1990-01-03,57.375001,57.499984,56.999999,57.250019,682000,2.281128
1990-01-02,57.749996,58.000016,57.625021,57.625021,244900,2.29607
1989-12-29,57.749996,58.000016,57.499984,57.749996,246300,2.301049
1989-12-28,57.749996,58.000016,57.625021,57.749996,444200,2.301049
1989-12-27,57.375001,58.000016,57.250019,58.000016,613700,2.311011
1989-12-26,57.250019,57.375001,57.250019,57.250019,135300,2.281128
1989-12-22,56.999999,57.375001,56.999999,57.250019,133800,2.281128
1989-12-21,56.74998,56.999999,55.499999,56.999999,630700,2.271166
1989-12-20,56.249999,56.500018,56.249999,56.374982,459900,2.246262
1989-12-19,56.249999,56.500018,55.99998,56.500018,526800,2.251244
1989-12-18,58.000016,58.249981,55.99998,56.12502,561000,2.236302
1989-12-15,58.000016,58.50,57.749996,58.000016,1764100,2.311011
1989-12-14,56.74998,56.999999,56.74998,56.999999,758900,2.271166
1989-12-13,56.500018,56.74998,56.374982,56.625001,680600,2.256224
1989-12-12,56.249999,56.500018,56.12502,56.374982,576600,2.246262
1989-12-11,55.750018,55.99998,55.624981,55.99998,511100,2.23132
1989-12-08,55.750018,55.750018,55.624981,55.750018,54100,2.22136
1989-12-07,55.499999,55.624981,55.249979,55.499999,484100,2.211398
1989-12-06,55.249979,55.499999,54.499979,55.249979,677700,2.201436
1989-12-05,55.624981,55.99998,55.499999,55.499999,592300,2.211398
1989-12-04,55.875001,56.12502,55.499999,55.875001,770300,2.22634
1989-12-01,56.249999,56.374982,55.624981,55.875001,489800,2.22634
1989-11-30,55.99998,55.99998,55.37502,55.99998,290500,2.23132
1989-11-29,55.99998,56.374982,55.99998,55.99998,1956300,2.23132
1989-11-28,55.99998,56.249999,55.99998,56.249999,620800,2.241282
1989-11-27,55.750018,56.12502,55.750018,56.12502,559600,2.236302
1989-11-24,55.624981,55.875001,55.624981,55.875001,101100,2.22634
1989-11-22,54.749998,55.99998,54.499979,55.499999,377300,2.211398
1989-11-21,55.99998,56.249999,55.000018,55.000018,991000,2.191476
1989-11-20,56.625001,56.74998,55.750018,55.750018,1076400,2.22136
1989-11-17,55.000018,57.375001,54.499979,57.375001,1312700,2.286108
1989-11-16,54.250017,55.125,54.000001,55.125,912700,2.196456
1989-11-15,52.75002,54.12498,52.500001,54.12498,1381100,2.15661
1989-11-14,52.500001,52.999982,52.249981,52.999982,1307000,2.111785
1989-11-13,52.249981,52.249981,52.00002,52.249981,395800,2.081901
1989-11-10,52.00002,52.249981,52.00002,52.249981,64100,2.081901
1989-11-09,51.75,52.249981,51.75,51.874979,1623100,2.066959
1989-11-08,51.374998,51.625018,51.250019,51.499981,848600,2.052017
1989-11-07,50.500019,51.499981,50.500019,51.250019,437100,2.042058
1989-11-06,51.374998,51.374998,50.749981,51.00,431400,2.032096
1989-11-03,51.75,51.874979,51.374998,51.499981,558100,2.052017
1989-11-02,52.249981,52.375018,51.874979,52.00002,448500,2.071941
1989-11-01,52.500001,52.500001,52.00002,52.00002,555300,2.071941
1989-10-31,51.75,52.375018,51.75,52.375018,785900,2.086883
1989-10-30,51.250019,51.374998,51.00,51.374998,556700,2.047037
1989-10-27,50.749981,51.499981,50.500019,51.250019,963900,2.042058
1989-10-26,49.99998,50.25,49.750019,50.25,1459400,2.002212
1989-10-25,50.374982,50.500019,49.99998,50.25,1043600,2.002212
1989-10-24,50.25,50.500019,48.749999,50.374982,797300,2.007192
1989-10-23,50.25,50.749981,49.99998,50.500019,1069300,2.012174
1989-10-20,49.99998,50.374982,49.499999,50.374982,1435200,2.007192
1989-10-19,49.37502,50.25,49.24998,49.875001,1472200,1.98727
1989-10-18,49.24998,49.37502,49.000018,49.37502,558100,1.967348
1989-10-17,49.24998,49.499999,48.749999,49.37502,1254400,1.967348
1989-10-16,49.000018,49.24998,48.375,49.24998,1762700,1.962366
1989-10-13,52.375018,52.500001,49.750019,50.25,341700,2.002212
1989-10-12,52.500001,52.500001,52.249981,52.375018,123900,2.086883
1989-10-11,52.62498,52.874999,52.375018,52.500001,283300,2.091863
1989-10-10,52.124999,52.874999,52.124999,52.874999,186500,2.106805
1989-10-09,52.75002,52.874999,52.124999,52.62498,172300,2.096843
1989-10-06,53.37498,53.624999,52.75002,52.75002,373000,2.101825
1989-10-05,52.500001,53.37498,52.375018,53.37498,566700,2.126727
1989-10-04,52.500001,52.62498,52.249981,52.500001,533900,2.091863
1989-10-03,52.75002,52.874999,52.500001,52.62498,464200,2.096843
1989-10-02,51.124979,52.500001,51.124979,52.375018,679200,2.086883
1989-09-29,50.374982,51.250019,50.374982,51.250019,609400,2.042058
1989-09-28,51.124979,51.124979,50.374982,50.500019,981000,2.012174
1989-09-27,51.250019,51.250019,51.00,51.00,318900,2.032096
1989-09-26,51.00,51.499981,51.00,51.250019,438500,2.042058
1989-09-25,51.374998,51.499981,51.124979,51.250019,585200,2.042058
1989-09-22,51.250019,51.499981,51.124979,51.499981,270500,2.052017
1989-09-21,51.499981,51.499981,51.00,51.00,532500,2.032096
1989-09-20,51.75,51.874979,51.250019,51.499981,358800,2.052017
1989-09-19,52.124999,52.124999,51.874979,52.00002,254900,2.071941
1989-09-18,52.249981,52.249981,52.00002,52.124999,411500,2.076921
1989-09-15,52.75002,52.999982,52.00002,52.500001,1356900,2.091863
1989-09-14,52.999982,52.999982,52.874999,52.999982,743200,2.111785
1989-09-13,53.125018,53.50002,53.125018,53.125018,299000,2.116767
1989-09-12,52.874999,53.250001,52.75002,53.250001,985300,2.121747
1989-09-11,52.999982,52.999982,52.75002,52.75002,165200,2.101825
1989-09-08,53.875019,53.875019,52.500001,53.250001,784500,2.121747
1989-09-07,55.000018,55.000018,54.000001,54.12498,1655900,2.15661
1989-09-06,54.000001,55.249979,53.250001,55.125,710500,2.196456
1989-09-05,53.624999,53.875019,53.50002,53.875019,753200,2.146651
1989-09-01,53.125018,53.250001,52.75002,53.125018,197900,2.116767
1989-08-31,52.999982,53.250001,52.75002,53.125018,119600,2.116767
1989-08-30,52.999982,53.50002,52.75002,53.250001,367300,2.121747
1989-08-29,52.75002,53.50002,52.75002,53.250001,336000,2.121747
1989-08-28,52.75002,52.999982,52.375018,52.999982,398700,2.111785
1989-08-25,52.249981,53.250001,52.249981,52.62498,881300,2.096843
1989-08-24,51.625018,52.500001,51.625018,52.249981,676300,2.081901
1989-08-23,51.124979,51.374998,51.00,51.374998,217800,2.047037
1989-08-22,51.00,51.124979,50.624998,51.124979,394400,2.037075
1989-08-21,51.374998,51.499981,51.00,51.00,536800,2.032096
1989-08-18,51.250019,51.250019,51.00,51.124979,485500,2.037075
1989-08-17,51.874979,51.874979,51.00,51.250019,1640200,2.042058
1989-08-16,51.874979,51.874979,51.499981,51.75,318900,2.061979
1989-08-15,51.625018,52.00002,51.625018,51.75,808700,2.061979
1989-08-14,52.00002,52.249981,51.499981,51.75,179400,2.061979
1989-08-11,52.999982,53.250001,51.75,52.00002,356000,2.071941
1989-08-10,52.75002,52.874999,52.500001,52.75002,496900,2.101825
1989-08-09,53.250001,53.624999,52.500001,52.62498,514000,2.096843
1989-08-08,52.999982,53.50002,52.75002,53.50002,1277100,2.131709
1989-08-07,52.500001,52.999982,52.249981,52.999982,1174600,2.111785
1989-08-04,51.499981,52.249981,51.499981,52.249981,662100,2.081901
1989-08-03,52.249981,52.375018,51.499981,51.75,321800,2.061979
1989-08-02,52.375018,52.75002,52.124999,52.249981,397200,2.081901
1989-08-01,52.874999,52.874999,52.00002,52.500001,672000,2.091863
1989-07-31,52.249981,52.999982,52.249981,52.874999,541000,2.106805
1989-07-28,53.50002,53.749982,52.500001,52.500001,1114800,2.091863
1989-07-27,54.499979,54.874981,53.50002,53.749982,580900,2.141669
1989-07-26,54.000001,54.375,53.250001,54.375,444200,2.166572
1989-07-25,54.499979,54.749998,53.749982,54.12498,240600,2.15661
1989-07-24,55.000018,55.000018,54.250017,54.499979,159500,2.171552
1989-07-21,54.12498,55.000018,54.12498,55.000018,328900,2.191476
1989-07-20,52.75002,54.499979,52.500001,54.375,563800,2.166572
1989-07-19,51.75,52.75002,51.75,52.500001,1610300,2.091863
1989-07-18,51.75,51.75,51.250019,51.374998,1186000,2.047037
1989-07-17,52.00002,52.00002,51.499981,51.75,545300,2.061979
1989-07-14,51.75,52.00002,50.749981,51.75,474100,2.061979
1989-07-13,52.249981,52.375018,51.499981,51.499981,216400,2.052017
1989-07-12,52.75002,52.75002,52.124999,52.375018,199300,2.086883
1989-07-11,52.500001,52.75002,52.249981,52.62498,358800,2.096843
1989-07-10,52.62498,52.999982,52.375018,52.62498,390100,2.096843
1989-07-07,52.249981,52.999982,52.249981,52.375018,707600,2.086883
1989-07-06,52.00002,52.249981,51.874979,52.249981,276200,2.081901
1989-07-05,52.00002,52.124999,51.625018,52.124999,404400,2.076921
1989-07-03,52.375018,52.375018,51.874979,52.124999,178000,2.076921
1989-06-30,52.500001,52.500001,51.499981,52.375018,417200,2.086883
1989-06-29,53.875019,53.875019,52.500001,52.500001,1470800,2.091863
1989-06-28,54.874981,54.874981,54.000001,54.000001,1553400,2.151631
1989-06-27,55.125,55.249979,54.499979,55.000018,417200,2.191476
1989-06-26,55.000018,55.499999,54.874981,54.874981,202200,2.186494
1989-06-23,53.624999,55.000018,53.50002,55.000018,767400,2.191476
1989-06-22,53.749982,53.749982,53.50002,53.624999,553900,2.136689
1989-06-21,54.12498,54.499979,54.000001,54.000001,163700,2.151631
1989-06-20,54.375,54.499979,54.12498,54.12498,383000,2.15661
1989-06-19,54.874981,55.000018,54.000001,54.12498,247700,2.15661
1989-06-16,54.000001,54.874981,54.000001,54.874981,744600,2.186494
1989-06-15,55.000018,55.000018,54.000001,54.000001,243500,2.151631
1989-06-14,54.499979,54.749998,54.375,54.749998,353100,2.181514
1989-06-13,55.000018,55.249979,54.625019,54.749998,400100,2.181514
1989-06-12,55.37502,55.499999,55.125,55.125,321800,2.196456
1989-06-09,55.249979,55.624981,55.249979,55.499999,356000,2.211398
1989-06-08,55.624981,55.875001,55.37502,55.37502,469900,2.206418
1989-06-07,55.750018,55.750018,55.499999,55.750018,132400,2.22136
1989-06-06,55.99998,55.99998,55.249979,55.750018,492600,2.22136
1989-06-05,55.37502,55.499999,55.37502,55.37502,1422400,2.206418
1989-06-02,54.250017,55.499999,54.250017,55.37502,1086400,2.206418
1989-06-01,53.37498,54.499979,53.37498,54.250017,612200,2.161592
1989-05-31,53.50002,54.000001,53.250001,53.875019,404400,2.146651
1989-05-30,54.000001,54.000001,53.50002,53.749982,150900,2.141669
1989-05-26,53.50002,54.000001,53.50002,54.000001,252000,2.151631
1989-05-25,53.37498,54.000001,53.37498,53.749982,118200,2.141669
1989-05-24,53.624999,53.624999,53.37498,53.50002,185100,2.131709
1989-05-23,54.000001,54.250017,53.50002,53.50002,230700,2.131709
1989-05-22,55.000018,55.000018,54.250017,54.250017,721900,2.161592
1989-05-19,54.000001,54.749998,53.749982,54.749998,1200300,2.181514
1989-05-18,52.75002,53.749982,52.75002,53.624999,803000,2.136689
1989-05-17,52.500001,52.874999,52.124999,52.75002,683400,2.101825
1989-05-16,51.874979,52.500001,51.874979,52.500001,303300,2.091863
1989-05-15,51.874979,52.500001,51.75,52.00002,461300,2.071941
1989-05-12,50.500019,51.874979,50.500019,51.874979,1401000,2.066959
1989-05-11,50.25,50.374982,50.125017,50.125017,414300,1.997232
1989-05-10,49.750019,50.25,49.750019,50.25,462700,2.002212
1989-05-09,50.125017,50.25,49.750019,49.99998,610800,1.99225
1989-05-08,50.125017,50.25,49.750019,49.99998,1459400,1.99225
1989-05-05,51.124979,51.250019,49.99998,49.99998,3515400,1.99225
1989-05-04,50.875017,51.124979,50.749981,51.00,1509200,2.032096
1989-05-03,52.375018,52.375018,50.749981,50.749981,3951000,2.022133
1989-05-02,52.500001,52.874999,52.375018,52.500001,1761200,2.091863
1989-05-01,52.999982,52.999982,52.249981,52.375018,210700,2.086883
1989-04-28,53.250001,53.624999,53.250001,53.250001,589500,2.121747
1989-04-27,52.75002,53.50002,52.75002,53.37498,1322700,2.126727
1989-04-26,52.375018,52.500001,52.375018,52.500001,128100,2.091863
1989-04-25,52.249981,52.999982,52.249981,52.62498,1119100,2.096843
1989-04-24,51.124979,52.00002,51.00,52.00002,297600,2.071941
1989-04-21,50.500019,51.499981,50.500019,51.374998,514000,2.047037
1989-04-20,50.875017,51.00,50.500019,50.500019,649300,2.012174
1989-04-19,50.749981,50.875017,50.624998,50.749981,398700,2.022133
1989-04-18,50.500019,50.749981,50.500019,50.749981,336000,2.022133
1989-04-17,50.749981,50.749981,50.25,50.500019,623600,2.012174
1989-04-14,50.25,51.00,50.25,50.749981,397200,2.022133
1989-04-13,50.374982,50.875017,50.125017,50.125017,656400,1.997232
1989-04-12,49.750019,50.749981,49.750019,50.500019,1082100,2.012174
1989-04-11,49.000018,49.750019,49.000018,49.624982,1046500,1.977308
1989-04-10,49.000018,49.125001,48.49998,49.125001,287600,1.957386
1989-04-07,48.49998,49.24998,48.49998,49.000018,776000,1.952406
1989-04-06,48.62502,48.749999,48.49998,48.749999,108200,1.942444
1989-04-05,48.62502,48.749999,48.49998,48.749999,96800,1.942444
1989-04-04,48.62502,48.749999,48.375,48.749999,673500,1.942444
1989-04-03,48.874981,49.000018,48.49998,48.874981,739000,1.947424
1989-03-31,48.62502,49.125001,48.62502,48.874981,442800,1.947424
1989-03-30,48.874981,49.000018,48.62502,48.62502,95400,1.937464
1989-03-29,49.000018,49.125001,48.874981,49.125001,227800,1.957386
1989-03-28,49.24998,49.24998,49.000018,49.125001,225000,1.957386
1989-03-27,48.49998,49.24998,48.49998,49.24998,270500,1.962366
1989-03-23,48.749999,49.000018,48.49998,48.49998,909800,1.932482
1989-03-22,49.24998,49.24998,48.49998,49.000018,606500,1.952406
1989-03-21,48.749999,49.24998,48.49998,49.24998,588000,1.962366
1989-03-20,48.62502,48.749999,48.250018,48.62502,884200,1.937464
1989-03-17,49.750019,49.750019,48.62502,48.749999,1084900,1.942444
1989-03-16,49.750019,50.25,49.750019,50.25,1727100,2.002212
1989-03-15,50.749981,50.749981,49.750019,49.750019,909800,1.98229
1989-03-14,51.374998,51.374998,50.500019,50.500019,579500,2.012174
1989-03-13,51.124979,51.250019,51.124979,51.124979,169400,2.037075
1989-03-10,51.874979,51.874979,50.875017,51.124979,740400,2.037075
1989-03-09,51.874979,52.00002,51.874979,52.00002,249200,2.071941
1989-03-08,51.625018,52.375018,51.499981,51.874979,492600,2.066959
1989-03-07,51.00,51.874979,51.00,51.874979,599400,2.066959
1989-03-06,50.374982,51.00,50.374982,51.00,123900,2.032096
1989-03-03,50.374982,50.374982,49.99998,50.25,179400,2.002212
1989-03-02,50.25,51.00,50.25,50.500019,469900,2.012174
1989-03-01,50.624998,50.749981,50.374982,50.374982,420000,2.007192
1989-02-28,49.99998,50.500019,49.99998,50.374982,350300,2.007192
1989-02-27,49.750019,50.125017,49.499999,49.99998,209300,1.99225
1989-02-24,49.875001,49.875001,49.499999,49.499999,297600,1.972328
1989-02-23,50.125017,50.25,49.499999,49.875001,393000,1.98727
1989-02-22,50.875017,50.875017,50.500019,50.624998,264800,2.017154
1989-02-21,51.374998,51.374998,50.749981,51.124979,266300,2.037075
1989-02-17,51.499981,52.00002,51.499981,51.75,192200,2.061979
1989-02-16,51.499981,52.00002,51.499981,51.625018,215000,2.056999
1989-02-15,51.75,51.75,51.250019,51.75,421400,2.061979
1989-02-14,51.75,52.00002,51.499981,51.499981,508300,2.052017
1989-02-13,52.00002,52.249981,51.124979,51.499981,321800,2.052017
1989-02-10,52.249981,52.62498,52.124999,52.124999,677700,2.076921
1989-02-09,52.874999,52.999982,52.62498,52.62498,469900,2.096843
1989-02-08,52.874999,53.37498,52.874999,53.125018,711900,2.116767
1989-02-07,52.62498,53.250001,52.62498,52.999982,486900,2.111785
1989-02-06,52.500001,52.874999,52.00002,52.874999,989500,2.106805
1989-02-03,53.749982,54.375,52.999982,52.999982,600800,2.111785
1989-02-02,52.375018,55.000018,52.375018,54.000001,1475100,2.151631
1989-02-01,50.749981,52.62498,50.749981,52.124999,1029400,2.076921
1989-01-31,50.875017,51.00,50.624998,50.875017,172300,2.027116
1989-01-30,50.500019,50.875017,50.25,50.875017,186500,2.027116
1989-01-27,51.00,51.499981,50.749981,50.749981,1348300,2.022133
1989-01-26,49.000018,50.875017,49.000018,50.875017,857100,2.027116
1989-01-25,49.24998,49.499999,48.874981,49.125001,1382500,1.957386
1989-01-24,49.000018,49.24998,48.874981,49.125001,801600,1.957386
1989-01-23,49.125001,49.750019,49.000018,49.000018,617900,1.952406
1989-01-20,50.374982,50.374982,49.24998,49.37502,1933500,1.967348
1989-01-19,51.00,51.00,50.374982,50.624998,1271500,2.017154
1989-01-18,49.125001,49.99998,49.125001,49.99998,1188900,1.99225
1989-01-17,49.24998,49.499999,49.000018,49.24998,1277100,1.962366
1989-01-16,47.749979,49.24998,47.749979,48.874981,817300,1.947424
1989-01-13,46.999982,48.124981,46.999982,47.625,982400,1.897619
1989-01-12,46.999982,47.125019,46.62498,46.999982,1040800,1.872715
1989-01-11,46.875,46.999982,46.500001,46.999982,293300,1.872715
1989-01-10,46.999982,47.125019,46.750017,46.875,105400,1.867735
1989-01-09,46.999982,46.999982,46.249982,46.999982,378700,1.872715
1989-01-06,47.500018,47.500018,46.999982,46.999982,908400,1.872715
1989-01-05,47.500018,47.749979,46.999982,47.500018,795900,1.892639
1989-01-04,46.999982,47.500018,46.750017,47.500018,496900,1.892639
1989-01-03,47.749979,47.749979,46.750017,46.999982,398700,1.872715
1988-12-30,47.500018,47.749979,47.500018,47.500018,553900,1.892639
1988-12-29,47.125019,47.500018,46.875,47.249998,529700,1.882677
1988-12-28,47.249998,47.249998,46.750017,47.125019,220700,1.877697
1988-12-27,47.625,47.749979,47.249998,47.249998,378700,1.882677
1988-12-23,47.625,47.875019,47.500018,47.875019,81200,1.907581
1988-12-22,47.500018,47.875019,47.249998,47.625,454200,1.897619
1988-12-21,47.625,47.875019,46.999982,47.500018,377300,1.892639
1988-12-20,47.875019,47.875019,47.500018,47.500018,737500,1.892639
1988-12-19,47.125019,47.374981,46.999982,47.374981,580900,1.887657
1988-12-16,46.500001,47.125019,46.500001,46.999982,515400,1.872715
1988-12-15,46.500001,46.750017,46.249982,46.500001,995200,1.852793
1988-12-14,46.750017,46.750017,46.124999,46.249982,341700,1.842831
1988-12-13,46.999982,46.999982,46.62498,46.875,217800,1.867735
1988-12-12,46.62498,47.374981,46.62498,46.999982,398700,1.872715
1988-12-09,46.999982,46.999982,46.750017,46.875,75500,1.867735
1988-12-08,47.500018,47.625,46.999982,47.125019,2226800,1.877697
1988-12-07,46.500001,47.625,46.500001,47.500018,309000,1.892639
1988-12-06,46.375019,47.500018,46.375019,46.750017,350300,1.862755
1988-12-05,46.249982,47.249998,46.249982,46.750017,657800,1.862755
1988-12-02,44.25,46.999982,44.25,46.375019,1675800,1.847813
1988-12-01,43.999981,44.50002,43.999981,44.374979,1533400,1.768122
1988-11-30,44.125018,44.50002,43.999981,44.25,573800,1.763142
1988-11-29,43.999981,44.25,43.874998,44.125018,314700,1.758162
1988-11-28,43.999981,44.25,43.624979,43.750019,421400,1.74322
1988-11-25,44.374979,44.374979,43.874998,44.125018,370200,1.758162
1988-11-23,44.50002,44.749981,44.25,44.374979,132400,1.768122
1988-11-22,43.999981,44.749981,43.999981,44.50002,215000,1.773104
1988-11-21,44.749981,44.749981,43.750019,44.125018,915500,1.758162
1988-11-18,45.000001,45.25002,44.749981,44.749981,629300,1.783063
1988-11-17,44.875018,45.000001,44.749981,45.000001,938300,1.793025
1988-11-16,45.374999,45.374999,44.624999,44.624999,341700,1.778084
1988-11-15,46.00002,46.00002,45.499982,45.499982,694800,1.812947
1988-11-14,45.374999,45.750001,45.12498,45.750001,206500,1.822909
1988-11-11,46.750017,46.750017,45.25002,45.25002,321800,1.802988
1988-11-10,46.750017,46.999982,46.750017,46.750017,210700,1.862755
1988-11-09,46.999982,46.999982,46.500001,46.875,212100,1.867735
1988-11-08,46.999982,47.249998,46.750017,46.999982,256300,1.872715
1988-11-07,46.750017,46.875,46.62498,46.750017,551000,1.862755
1988-11-04,46.62498,46.999982,46.62498,46.875,358800,1.867735
1988-11-03,46.750017,46.999982,46.750017,46.750017,1297100,1.862755
1988-11-02,46.999982,47.249998,46.750017,46.875,518300,1.867735
1988-11-01,46.999982,47.500018,46.999982,47.249998,1033700,1.882677
1988-10-31,47.249998,47.249998,46.750017,47.125019,1280000,1.877697
1988-10-28,47.500018,48.49998,47.500018,47.500018,701900,1.892639
1988-10-27,47.999999,47.999999,47.249998,47.749979,1080700,1.902598
1988-10-26,48.49998,48.62502,47.749979,47.999999,469900,1.91256
1988-10-25,48.49998,48.62502,48.250018,48.49998,380200,1.932482
1988-10-24,48.749999,49.000018,48.250018,48.375,872800,1.927502
1988-10-21,49.24998,49.24998,48.49998,49.000018,881300,1.952406
1988-10-20,49.000018,49.499999,48.749999,49.499999,488400,1.972328
1988-10-19,48.749999,48.749999,48.49998,48.749999,596600,1.942444
1988-10-18,48.749999,48.749999,48.49998,48.62502,437100,1.937464
1988-10-17,48.62502,49.000018,48.62502,48.749999,106800,1.942444
1988-10-14,49.125001,49.24998,48.749999,48.874981,869900,1.947424
1988-10-13,48.49998,49.24998,48.49998,48.874981,777400,1.947424
1988-10-12,48.874981,49.000018,48.49998,48.62502,373000,1.937464
1988-10-11,49.24998,49.499999,48.749999,49.125001,249200,1.957386
1988-10-10,49.37502,49.37502,48.749999,49.24998,274800,1.962366
1988-10-07,49.000018,49.37502,48.749999,49.24998,894100,1.962366
1988-10-06,48.49998,49.24998,48.49998,49.24998,959600,1.962366
1988-10-05,48.49998,49.000018,48.375,48.375,368800,1.927502
1988-10-04,48.49998,48.49998,48.250018,48.250018,475500,1.922522
1988-10-03,49.000018,49.000018,48.49998,48.749999,578100,1.942444
1988-09-30,49.37502,49.750019,49.000018,49.24998,645000,1.962366
1988-09-29,49.000018,49.875001,49.000018,49.499999,633600,1.972328
1988-09-28,49.499999,49.499999,48.749999,49.000018,262000,1.952406
1988-09-27,49.24998,50.25,49.24998,49.24998,353100,1.962366
1988-09-26,49.24998,49.37502,48.749999,49.37502,808700,1.967348
1988-09-23,49.24998,49.37502,49.000018,49.125001,511100,1.957386
1988-09-22,51.00,51.499981,49.000018,49.24998,2017500,1.962366
1988-09-21,46.999982,51.250019,46.999982,51.250019,3323100,2.042058
1988-09-20,45.499982,46.750017,45.499982,46.750017,1708600,1.862755
1988-09-19,46.249982,46.249982,45.374999,45.625018,401500,1.817929
1988-09-16,46.00002,46.500001,46.00002,46.500001,776000,1.852793
1988-09-15,46.875,46.999982,46.249982,46.249982,394400,1.842831
1988-09-14,46.750017,46.875,46.500001,46.750017,758900,1.862755
1988-09-13,46.500001,46.62498,46.249982,46.500001,414300,1.852793
1988-09-12,46.62498,46.875,46.500001,46.500001,361600,1.852793
1988-09-09,44.875018,46.999982,44.50002,46.62498,818700,1.857773
1988-09-08,45.000001,45.499982,45.000001,45.499982,524000,1.812947
1988-09-07,44.875018,45.25002,44.875018,45.25002,763200,1.802988
1988-09-06,45.12498,45.12498,44.624999,44.875018,133800,1.788046
1988-09-02,44.749981,45.374999,44.50002,45.12498,928300,1.798005
1988-09-01,45.12498,45.12498,43.50,44.749981,667800,1.783063
1988-08-31,45.87498,46.00002,45.374999,45.374999,739000,1.807967
1988-08-30,45.750001,46.00002,45.625018,45.625018,1442300,1.817929
1988-08-29,45.499982,45.625018,45.374999,45.374999,207900,1.807967
1988-08-26,45.374999,45.499982,45.12498,45.25002,159500,1.802988
1988-08-25,45.750001,45.87498,44.749981,45.25002,442800,1.802988
1988-08-24,45.750001,46.00002,45.499982,45.750001,739000,1.822909
1988-08-23,45.750001,45.750001,45.000001,45.750001,432800,1.822909
1988-08-22,46.375019,46.375019,46.00002,46.00002,1302800,1.832871
1988-08-19,46.999982,47.125019,46.124999,46.124999,1514900,1.837851
1988-08-18,47.500018,47.749979,47.125019,47.125019,555300,1.877697
1988-08-17,47.500018,47.625,47.125019,47.249998,841500,1.882677
1988-08-16,45.750001,47.500018,45.750001,47.125019,2943000,1.877697
1988-08-15,44.875018,45.87498,44.875018,45.87498,2421900,1.827889
1988-08-12,45.000001,45.499982,45.000001,45.12498,246300,1.798005
1988-08-11,45.499982,45.499982,44.624999,45.000001,649300,1.793025
1988-08-10,46.124999,46.124999,45.499982,45.750001,946800,1.822909
1988-08-09,47.625,47.625,45.87498,46.249982,2221100,1.842831
1988-08-08,47.875019,47.875019,47.625,47.749979,454200,1.902598
1988-08-05,47.999999,47.999999,47.500018,47.875019,625000,1.907581
1988-08-04,48.124981,48.375,47.625,48.124981,2775000,1.91754
1988-08-03,46.875,47.999999,46.875,47.875019,1466500,1.907581
1988-08-02,46.500001,46.999982,46.500001,46.750017,902700,1.862755
1988-08-01,46.375019,46.62498,46.124999,46.375019,603700,1.847813
1988-07-29,45.374999,46.375019,45.374999,46.375019,1077800,1.847813
1988-07-28,43.624979,45.499982,43.624979,45.12498,1089200,1.798005
1988-07-27,43.50,44.749981,43.50,43.624979,2141400,1.738238
1988-07-26,43.375017,43.50,42.75,43.000019,351700,1.713336
1988-07-25,42.75,43.249981,42.75,43.125001,879900,1.718316
1988-07-22,43.249981,43.50,42.75,42.75,630700,1.703374
1988-07-21,43.750019,43.999981,43.249981,43.50,1522000,1.733258
1988-07-20,43.249981,43.999981,43.125001,43.999981,686300,1.75318
1988-07-19,43.50,43.750019,43.000019,43.125001,570900,1.718316
1988-07-18,43.249981,43.249981,43.000019,43.249981,486900,1.723296
1988-07-15,42.874982,43.50,42.375001,43.50,791600,1.733258
1988-07-14,42.375001,42.75,42.124982,42.49998,1957700,1.693412
1988-07-13,41.999999,42.49998,41.74998,42.375001,311800,1.688432
1988-07-12,42.375001,42.874982,41.249999,41.87502,1664400,1.668511
1988-07-11,43.000019,43.000019,42.62502,42.62502,445600,1.698394
1988-07-08,43.125001,43.125001,42.874982,42.874982,462700,1.708354
1988-07-07,43.125001,43.375017,43.125001,43.375017,260600,1.728278
1988-07-06,43.375017,43.750019,42.75,43.375017,1717100,1.728278
1988-07-05,43.750019,43.750019,43.50,43.750019,680600,1.74322
1988-07-01,43.999981,44.25,43.874998,43.999981,928300,1.75318
1988-06-30,43.750019,44.25,43.50,43.999981,1002400,1.75318
1988-06-29,43.999981,44.50002,43.624979,43.624979,2101500,1.738238
1988-06-28,43.249981,44.125018,43.249981,43.874998,798800,1.7482
1988-06-27,44.374979,44.374979,43.249981,43.750019,1423800,1.74322
1988-06-24,44.50002,44.624999,43.999981,44.25,795900,1.763142
1988-06-23,43.874998,45.12498,43.874998,44.624999,2070200,1.778084
1988-06-22,43.000019,43.50,43.000019,43.249981,1878000,1.723296
1988-06-21,42.124982,42.49998,41.625001,42.124982,552400,1.67847
1988-06-20,41.999999,42.375001,41.999999,42.250019,692000,1.683452
1988-06-17,40.999979,42.250019,40.999979,42.250019,1539100,1.683452
1988-06-16,42.250019,42.375001,41.12502,41.374981,1449400,1.648587
1988-06-15,43.249981,43.50,42.49998,42.75,1510700,1.703374
1988-06-14,43.750019,44.25,43.249981,43.50,1402400,1.733258
1988-06-13,43.50,43.750019,43.000019,43.375017,459900,1.728278
1988-06-10,43.50,44.25,43.375017,43.750019,1271500,1.74322
1988-06-09,43.000019,43.750019,42.75,43.624979,1210200,1.738238
1988-06-08,40.875,42.75,40.750018,42.75,1727100,1.703374
1988-06-07,40.249979,41.500018,40.000017,40.999979,1916400,1.633645
1988-06-06,40.375019,40.624981,40.000017,40.499998,832900,1.613723
1988-06-03,40.249979,40.499998,40.000017,40.125,1544800,1.598781
1988-06-02,41.249999,41.374981,40.249979,40.499998,1131900,1.613723
1988-06-01,40.750018,41.500018,40.499998,41.500018,1378200,1.653569
1988-05-31,40.125,40.750018,40.000017,40.499998,1660200,1.613723
1988-05-27,40.249979,40.499998,40.000017,40.125,209300,1.598781
1988-05-26,40.750018,40.750018,40.000017,40.000017,1197400,1.593801
1988-05-25,40.375019,40.999979,40.249979,40.750018,1534900,1.623685
1988-05-24,40.249979,40.999979,40.125,40.249979,860000,1.603761
1988-05-23,40.499998,40.499998,40.000017,40.125,1100600,1.598781
1988-05-20,40.750018,40.999979,40.499998,40.750018,484100,1.623685
1988-05-19,40.000017,40.999979,39.625019,40.750018,1247200,1.623685
1988-05-18,40.750018,40.875,39.874981,39.874981,1969100,1.588819
1988-05-17,41.500018,41.500018,40.750018,40.750018,1428100,1.623685
1988-05-16,40.499998,40.999979,40.375019,40.999979,475500,1.633645
1988-05-13,39.375,40.249979,39.375,40.249979,975300,1.603761
1988-05-12,38.875019,39.000001,38.624999,38.875019,1344100,1.548976
1988-05-11,40.125,40.125,37.999981,38.875019,2888900,1.548976
1988-05-10,41.999999,42.250019,40.249979,40.375019,1419500,1.608743
1988-05-09,42.62502,42.874982,41.74998,41.999999,273400,1.67349
1988-05-06,42.375001,42.75,42.375001,42.375001,253400,1.688432
1988-05-05,42.874982,42.874982,42.375001,42.375001,538200,1.688432
1988-05-04,43.125001,43.375017,42.75,42.874982,1366800,1.708354
1988-05-03,42.62502,43.50,42.62502,43.375017,768900,1.728278
1988-05-02,43.375017,43.50,42.49998,42.62502,562400,1.698394
1988-04-29,43.125001,43.125001,42.75,43.125001,948300,1.718316
1988-04-28,43.50,43.624979,43.125001,43.249981,504000,1.723296
1988-04-27,43.249981,43.750019,43.249981,43.750019,522500,1.74322
1988-04-26,43.000019,43.750019,43.000019,43.249981,2056000,1.723296
1988-04-25,42.75,43.249981,42.75,43.000019,488400,1.713336
1988-04-22,42.874982,43.000019,42.49998,43.000019,1327000,1.713336
1988-04-21,42.75,43.50,42.75,42.874982,1633100,1.708354
1988-04-20,43.375017,43.50,41.999999,42.49998,2840500,1.693412
1988-04-19,43.624979,43.999981,43.000019,43.375017,5653900,1.728278
1988-04-18,43.999981,43.999981,43.375017,43.50,630700,1.733258
1988-04-15,44.749981,45.000001,43.750019,44.374979,1687200,1.768122
1988-04-14,45.374999,45.625018,45.000001,45.000001,1655900,1.793025
1988-04-13,45.374999,46.00002,45.374999,46.00002,1889400,1.832871
1988-04-12,46.249982,46.249982,45.000001,45.000001,2263800,1.793025
1988-04-11,46.249982,46.375019,45.87498,46.00002,1063600,1.832871
1988-04-08,44.749981,46.00002,44.50002,46.00002,5255200,1.832871
1988-04-07,46.500001,46.750017,44.624999,44.624999,6743100,1.778084
1988-04-06,46.124999,46.500001,45.87498,46.500001,2345000,1.852793
1988-04-05,46.249982,46.375019,46.00002,46.375019,760300,1.847813
1988-04-04,46.750017,46.999982,46.249982,46.375019,347400,1.847813
1988-03-31,47.125019,47.125019,46.62498,46.999982,467000,1.872715
1988-03-30,47.249998,47.625,46.999982,47.249998,300400,1.882677
1988-03-29,47.249998,47.875019,47.249998,47.374981,351700,1.887657
1988-03-28,46.999982,47.249998,46.750017,47.249998,468400,1.882677
1988-03-25,47.500018,47.999999,47.249998,47.374981,276200,1.887657
1988-03-24,48.49998,48.49998,47.999999,48.250018,452800,1.922522
1988-03-23,47.249998,48.749999,47.249998,48.62502,1392500,1.937464
1988-03-22,47.374981,47.749979,46.999982,47.249998,771700,1.882677
1988-03-21,47.500018,47.500018,46.999982,47.374981,996700,1.887657
1988-03-18,48.124981,48.124981,46.999982,46.999982,1168900,1.872715
1988-03-17,49.125001,49.24998,47.749979,48.250018,1650200,1.922522
1988-03-16,49.499999,49.499999,49.000018,49.000018,414300,1.952406
1988-03-15,49.875001,49.875001,49.24998,49.24998,385800,1.962366
1988-03-14,49.499999,49.99998,49.24998,49.875001,679200,1.98727
1988-03-11,49.875001,49.99998,49.24998,49.499999,1030800,1.972328
1988-03-10,50.500019,51.00,49.499999,49.624982,1795400,1.977308
1988-03-09,51.00,51.124979,50.624998,50.749981,670600,2.022133
1988-03-08,51.00,51.124979,50.875017,51.00,757500,2.032096
1988-03-07,50.749981,51.00,50.624998,51.00,149500,2.032096
1988-03-04,51.374998,51.499981,50.500019,51.00,495500,2.032096
1988-03-03,50.749981,51.499981,50.500019,51.374998,777400,2.047037
1988-03-02,51.499981,51.499981,50.749981,51.124979,430000,2.037075
1988-03-01,51.75,51.874979,51.499981,51.499981,3007100,2.052017
1988-02-29,52.500001,52.500001,51.499981,51.625018,635000,2.056999
1988-02-26,52.00002,52.999982,51.75,52.500001,1251500,2.091863
1988-02-25,52.249981,52.249981,52.00002,52.00002,1215900,2.071941
1988-02-24,52.00002,52.874999,52.00002,52.00002,1416700,2.071941
1988-02-23,50.25,52.00002,50.125017,51.75,1980500,2.061979
1988-02-22,49.875001,49.99998,49.499999,49.750019,704800,1.98229
1988-02-19,49.875001,49.875001,49.499999,49.875001,731800,1.98727
1988-02-18,50.25,50.374982,49.499999,49.750019,448500,1.98229
1988-02-17,50.749981,51.00,50.25,50.500019,326100,2.012174
1988-02-16,50.749981,50.749981,49.750019,49.99998,1453700,1.99225
1988-02-12,50.25,51.250019,50.25,50.749981,2599900,2.022133
1988-02-11,49.000018,50.749981,48.749999,49.750019,719000,1.98229
1988-02-10,47.249998,48.874981,47.249998,48.749999,827200,1.942444
1988-02-09,46.750017,47.125019,46.500001,47.125019,412900,1.877697
1988-02-08,46.249982,46.375019,46.00002,46.375019,72600,1.847813
1988-02-05,46.875,46.999982,46.500001,46.500001,405800,1.852793
1988-02-04,47.249998,47.249998,46.500001,46.875,113900,1.867735
1988-02-03,47.125019,47.749979,46.750017,46.999982,857100,1.872715
1988-02-02,47.500018,47.749979,47.125019,47.125019,717600,1.877697
1988-02-01,47.249998,47.749979,47.249998,47.500018,294700,1.892639
1988-01-29,46.500001,46.875,46.249982,46.875,173700,1.867735
1988-01-28,46.00002,46.750017,46.00002,46.249982,293300,1.842831
1988-01-27,46.875,46.999982,45.750001,45.750001,462700,1.822909
1988-01-26,47.125019,47.125019,46.500001,46.875,68300,1.867735
1988-01-25,46.249982,47.500018,46.00002,46.999982,727600,1.872715
1988-01-22,46.00002,46.750017,45.750001,45.750001,2918800,1.822909
1988-01-21,45.499982,46.00002,45.000001,46.00002,627900,1.832871
1988-01-20,46.999982,46.999982,45.750001,46.00002,1196000,1.832871
1988-01-19,47.249998,47.500018,46.500001,46.999982,706200,1.872715
1988-01-18,48.124981,48.375,47.749979,47.875019,78300,1.907581
1988-01-15,47.749979,48.749999,47.749979,47.875019,1952000,1.907581
1988-01-14,47.249998,47.249998,46.875,46.999982,455600,1.872715
1988-01-13,47.500018,47.749979,47.249998,47.500018,777400,1.892639
1988-01-12,47.625,47.749979,46.249982,47.749979,1030800,1.902598
1988-01-11,47.749979,48.250018,46.999982,47.625,1214500,1.897619
1988-01-08,51.374998,51.499981,47.500018,47.500018,1204500,1.892639
1988-01-07,51.625018,51.75,51.374998,51.499981,546700,2.052017
1988-01-06,51.75,52.00002,51.499981,51.625018,857100,2.056999
1988-01-05,53.50002,54.000001,51.625018,51.75,1393900,2.061979
1988-01-04,50.500019,52.375018,50.500019,52.249981,1408100,2.081901
1987-12-31,49.499999,50.500019,49.24998,50.500019,1228700,2.012174
1987-12-30,50.25,50.749981,49.750019,49.750019,2500200,1.98229
1987-12-29,51.874979,51.874979,50.25,50.500019,559600,2.012174
1987-12-28,53.37498,53.50002,51.874979,51.874979,390100,2.066959
1987-12-24,54.499979,54.499979,53.250001,53.250001,795900,2.121747
1987-12-23,55.750018,55.750018,54.12498,54.499979,1134800,2.171552
1987-12-22,55.000018,55.875001,54.749998,55.875001,274800,2.22634
1987-12-21,55.249979,55.249979,54.499979,55.000018,686300,2.191476
1987-12-18,54.250017,55.249979,54.000001,55.249979,1618900,2.201436
1987-12-17,55.99998,55.99998,54.000001,54.000001,1140500,2.151631
1987-12-16,51.75,54.499979,51.75,54.250017,952500,2.161592
1987-12-15,50.25,51.75,50.125017,51.75,834300,2.061979
1987-12-14,47.249998,49.99998,47.249998,49.99998,963900,1.99225
1987-12-11,47.749979,47.999999,47.125019,47.249998,418600,1.882677
1987-12-10,47.500018,49.000018,47.500018,47.999999,381600,1.91256
1987-12-09,46.249982,48.749999,46.249982,48.49998,488400,1.932482
1987-12-08,44.875018,46.999982,44.749981,46.249982,281900,1.842831
1987-12-07,43.000019,44.749981,42.874982,44.749981,612200,1.783063
1987-12-04,43.375017,43.375017,42.75,43.000019,643600,1.713336
1987-12-03,46.00002,46.500001,43.50,43.50,1006600,1.733258
1987-12-02,44.875018,45.750001,44.50002,45.750001,408600,1.822909
1987-12-01,45.499982,46.00002,43.999981,44.749981,753200,1.783063
1987-11-30,47.749979,47.749979,44.50002,45.25002,1000900,1.802988
1987-11-27,49.000018,49.000018,47.999999,47.999999,330300,1.91256
1987-11-25,49.000018,49.24998,48.49998,49.000018,192200,1.952406
1987-11-24,47.875019,49.24998,47.500018,49.24998,1076400,1.962366
1987-11-23,46.249982,47.500018,46.00002,47.500018,1358300,1.892639
1987-11-20,45.000001,46.500001,44.50002,46.249982,1127600,1.842831
1987-11-19,47.500018,47.999999,46.00002,46.00002,1788300,1.832871
1987-11-18,48.49998,48.49998,46.999982,47.999999,1421000,1.91256
1987-11-17,48.874981,48.874981,48.250018,48.375,149500,1.927502
1987-11-16,49.750019,49.99998,49.000018,49.125001,518300,1.957386
1987-11-13,49.24998,50.500019,49.24998,49.499999,1339800,1.972328
1987-11-12,50.500019,50.749981,49.24998,49.499999,1123400,1.972328
1987-11-11,47.999999,49.24998,47.999999,49.24998,244900,1.962366
1987-11-10,48.62502,48.62502,47.500018,47.500018,397200,1.892639
1987-11-09,50.25,50.25,47.999999,48.874981,662100,1.947424
1987-11-06,51.00,51.75,50.500019,50.500019,649300,2.012174
1987-11-05,47.999999,49.99998,47.749979,49.99998,1224500,1.99225
1987-11-04,47.875019,49.000018,47.500018,47.749979,928300,1.902598
1987-11-03,49.750019,49.750019,47.999999,47.999999,1210200,1.91256
1987-11-02,49.000018,49.99998,49.000018,49.99998,919800,1.99225
1987-10-30,51.499981,52.124999,49.000018,49.000018,2564300,1.952406
1987-10-29,43.000019,46.750017,43.000019,46.750017,1487900,1.862755
1987-10-28,42.124982,43.000019,41.500018,43.000019,596600,1.713336
1987-10-27,43.50,44.50002,41.999999,41.999999,599400,1.67349
1987-10-26,46.249982,46.375019,43.000019,43.999981,801600,1.75318
1987-10-23,47.500018,48.49998,47.249998,47.999999,1180300,1.91256
1987-10-22,47.249998,49.499999,46.00002,48.49998,1261500,1.932482
1987-10-21,46.500001,49.99998,46.500001,49.24998,2655400,1.962366
1987-10-20,46.500001,48.49998,41.500018,45.25002,2681000,1.802988
1987-10-19,59.500016,59.500016,46.00002,46.750017,2104400,1.862755
1987-10-16,63.250022,63.374997,60.000001,60.375003,1597500,2.405643
1987-10-15,63.000002,64.000018,61.500001,63.49998,1906500,2.530157
1987-10-14,65.999997,65.999997,63.000002,63.250022,844300,2.520198
1987-10-13,65.999997,66.499981,65.999997,66.250016,649300,2.639733
1987-10-12,67.00002,67.00002,64.99998,65.625002,511100,2.614829
1987-10-09,68.250001,68.500021,66.499981,66.499981,676300,2.649692
1987-10-08,68.999998,68.999998,67.999982,68.250001,935400,2.719422
1987-10-07,70.499999,70.499999,68.749979,68.875016,1396700,2.744326
1987-10-06,72.499977,73.000016,70.249979,70.249979,3082500,2.799111
1987-10-05,70.624981,71.374978,70.624981,71.250003,1140500,2.838957
1987-10-02,70.249979,71.374978,70.249979,70.499999,605100,2.809073
1987-10-01,68.749979,70.000021,68.500021,70.000021,815800,2.789152
1987-09-30,68.250001,68.749979,67.499997,68.500021,499800,2.729384
1987-09-29,68.250001,68.624996,67.999982,67.999982,777400,2.70946
1987-09-28,67.499997,68.749979,67.499997,67.999982,1466500,2.70946
1987-09-25,67.999982,68.250001,67.499997,67.499997,2639700,2.689538
1987-09-24,64.750015,67.999982,64.500003,67.499997,3162300,2.689538
1987-09-23,62.249998,64.99998,62.249998,64.874998,2692400,2.584945
1987-09-22,58.999978,61.874997,58.750019,61.624977,1245800,2.455448
1987-09-21,59.125021,59.749981,58.999978,59.125021,566700,2.355837
1987-09-18,58.750019,60.000001,58.750019,58.999978,771700,2.350855
1987-09-17,58.624983,58.875002,58.000016,58.249981,219300,2.320971
1987-09-16,59.249997,59.749981,58.375018,58.375018,398700,2.325953
1987-09-15,58.999978,58.999978,58.624983,58.999978,199300,2.350855
1987-09-14,59.875018,59.875018,58.999978,59.249997,183700,2.360817
1987-09-11,58.875002,59.749981,58.875002,59.500016,250600,2.370779
1987-09-10,59.249997,59.500016,58.000016,58.624983,441400,2.335913
1987-09-09,59.749981,59.749981,58.750019,58.750019,338900,2.340895
1987-09-08,60.499978,60.499978,58.50,59.500016,860000,2.370779
1987-09-04,60.87498,61.375019,60.499978,60.749998,179400,2.420584
1987-09-03,61.500001,61.999979,60.499978,60.749998,496900,2.420584
1987-09-02,62.249998,62.249998,60.749998,61.249982,449900,2.440506
1987-09-01,63.749999,64.000018,61.750021,61.750021,608000,2.46043
1987-08-31,63.374997,63.49998,62.625,63.49998,901300,2.530157
1987-08-28,64.249983,64.249983,63.625017,63.625017,266300,2.535139
1987-08-27,64.000018,64.500003,63.49998,64.500003,657800,2.570003
1987-08-26,64.500003,65.749977,64.000018,64.37502,2836200,2.565023
1987-08-25,62.500018,64.750015,61.999979,64.750015,2589900,2.579965
1987-08-24,61.000017,63.250022,60.625022,62.749983,1349800,2.500274
1987-08-21,60.25002,61.500001,60.000001,60.375003,1221600,2.405643
1987-08-20,58.999978,59.749981,58.999978,59.624999,701900,2.375759
1987-08-19,58.875002,58.875002,58.249981,58.750019,180800,2.340895
1987-08-18,58.875002,59.37498,58.375018,58.624983,314700,2.335913
1987-08-17,57.499984,59.249997,57.499984,59.125021,608000,2.355837
1987-08-14,58.624983,58.750019,58.000016,58.249981,418600,2.320971
1987-08-13,58.50,59.37498,58.50,58.875002,706200,2.345875
1987-08-12,59.249997,59.500016,58.249981,58.375018,962500,2.325953
1987-08-11,57.375001,59.500016,57.375001,59.500016,2464600,2.370779
1987-08-10,55.249979,56.999999,55.249979,56.999999,1009500,2.271166
1987-08-07,54.499979,55.750018,54.499979,55.499999,1682900,2.211398
1987-08-06,54.000001,54.499979,52.999982,54.499979,690500,2.171552
1987-08-05,54.000001,54.375,53.749982,54.000001,693400,2.151631
1987-08-04,54.250017,54.499979,52.75002,53.749982,1112000,2.141669
1987-08-03,55.000018,55.000018,54.12498,54.250017,754600,2.161592
1987-07-31,55.37502,55.750018,54.749998,55.249979,827200,2.201436
1987-07-30,55.499999,55.499999,54.499979,55.125,902700,2.196456
1987-07-29,54.000001,55.750018,53.624999,55.750018,2258100,2.22136
1987-07-28,51.75,52.375018,51.75,52.249981,1771200,2.081901
1987-07-27,52.00002,52.249981,51.250019,51.499981,613700,2.052017
1987-07-24,51.625018,52.874999,51.499981,52.249981,689100,2.081901
1987-07-23,51.625018,52.00002,51.250019,52.00002,391500,2.071941
1987-07-22,52.75002,52.75002,51.250019,51.874979,573800,2.066959
1987-07-21,53.50002,54.000001,52.500001,52.500001,588000,2.091863
1987-07-20,54.250017,54.250017,53.749982,53.749982,357400,2.141669
1987-07-17,55.249979,55.499999,54.000001,54.749998,1055000,2.181514
1987-07-16,55.499999,55.499999,54.749998,55.000018,1193100,2.191476
1987-07-15,55.000018,55.750018,55.000018,55.249979,380200,2.201436
1987-07-14,53.250001,55.499999,53.125018,55.249979,1228700,2.201436
1987-07-13,53.250001,53.250001,52.00002,52.999982,764600,2.111785
1987-07-10,54.250017,54.250017,53.125018,53.50002,857100,2.131709
1987-07-09,55.125,55.125,54.250017,54.250017,430000,2.161592
1987-07-08,55.125,55.499999,54.250017,55.125,1180300,2.196456
1987-07-07,56.374982,56.500018,54.499979,54.749998,3647800,2.181514
1987-07-06,56.374982,56.500018,56.12502,56.249999,402900,2.241282
1987-07-02,56.625001,56.74998,56.249999,56.500018,444200,2.251244
1987-07-01,56.500018,56.500018,56.249999,56.374982,457000,2.246262
1987-06-30,56.625001,56.74998,56.249999,56.374982,444200,2.246262
1987-06-29,56.625001,57.124982,56.625001,56.999999,148100,2.271166
1987-06-26,57.124982,57.124982,56.625001,56.625001,283300,2.256224
1987-06-25,57.749996,58.000016,57.375001,57.625021,580900,2.29607
1987-06-24,58.000016,58.000016,57.499984,57.499984,229200,2.291087
1987-06-23,58.249981,58.249981,56.625001,57.749996,924000,2.301049
1987-06-22,57.250019,58.50,57.250019,58.50,701900,2.330933
1987-06-19,56.999999,57.499984,56.74998,57.499984,1267200,2.291087
1987-06-18,57.124982,57.499984,57.124982,57.250019,232100,2.281128
1987-06-17,57.124982,57.499984,56.999999,57.124982,219300,2.276145
1987-06-16,57.124982,57.375001,56.999999,56.999999,217800,2.271166
1987-06-15,56.74998,57.749996,56.74998,56.999999,437100,2.271166
1987-06-12,56.999999,57.250019,56.625001,56.999999,787400,2.271166
1987-06-11,55.750018,56.500018,55.750018,56.500018,776000,2.251244
1987-06-10,55.499999,55.750018,55.125,55.499999,531100,2.211398
1987-06-09,55.000018,55.249979,54.874981,55.249979,385800,2.201436
1987-06-08,54.499979,55.000018,54.12498,54.749998,310400,2.181514
1987-06-05,55.125,55.125,54.625019,54.749998,129600,2.181514
1987-06-04,54.874981,55.249979,54.250017,55.125,973900,2.196456
1987-06-03,54.499979,55.499999,54.499979,54.874981,709100,2.186494
1987-06-02,53.50002,54.499979,52.75002,54.250017,486900,2.161592
1987-06-01,53.37498,54.250017,53.37498,53.749982,1069300,2.141669
1987-05-29,51.499981,53.125018,51.499981,53.125018,915500,2.116767
1987-05-28,50.749981,51.250019,50.25,51.250019,704800,2.042058
1987-05-27,51.00,51.374998,51.00,51.250019,891300,2.042058
1987-05-26,51.00,51.374998,51.00,51.250019,1718500,2.042058
1987-05-22,50.749981,51.250019,50.25,50.624998,709100,2.017154
1987-05-21,50.25,50.749981,49.24998,50.500019,3261900,2.012174
1987-05-20,50.749981,51.250019,49.875001,49.875001,771700,1.98727
1987-05-19,52.124999,52.124999,50.500019,51.00,841500,2.032096
1987-05-18,52.999982,52.999982,52.124999,52.249981,1252900,2.081901
1987-05-15,53.624999,54.250017,53.250001,53.250001,599400,2.121747
1987-05-14,53.250001,54.000001,53.125018,54.000001,1627400,2.151631
1987-05-13,53.50002,53.50002,52.999982,53.250001,922600,2.121747
1987-05-12,54.12498,54.499979,53.50002,54.250017,680600,2.161592
1987-05-11,54.250017,55.249979,53.749982,53.749982,1485000,2.141669
1987-05-08,54.874981,55.000018,53.50002,54.12498,676300,2.15661
1987-05-07,55.37502,55.37502,53.749982,54.625019,2243900,2.176534
1987-05-06,56.249999,56.74998,55.624981,55.624981,692000,2.216378
1987-05-05,56.500018,56.500018,56.249999,56.500018,2293700,2.251244
1987-05-04,56.374982,56.625001,56.249999,56.500018,205000,2.251244
1987-05-01,56.87502,56.87502,56.249999,56.625001,518300,2.256224
1987-04-30,56.249999,56.999999,56.249999,56.74998,1899300,2.261204
1987-04-29,57.625021,57.749996,55.249979,56.249999,6129500,2.241282
1987-04-28,57.124982,57.874979,56.999999,57.375001,767400,2.286108
1987-04-27,57.250019,57.499984,56.74998,57.375001,1725600,2.286108
1987-04-24,57.250019,57.499984,57.124982,57.499984,810100,2.291087
1987-04-23,57.874979,57.874979,57.250019,57.499984,186500,2.291087
1987-04-22,58.50,58.750019,57.749996,57.749996,348800,2.301049
1987-04-21,57.250019,58.249981,56.999999,58.249981,1317000,2.320971
1987-04-20,58.624983,58.624983,56.74998,57.499984,2308000,2.291087
1987-04-16,58.000016,58.999978,58.000016,58.50,1718500,2.330933
1987-04-15,56.999999,57.749996,56.999999,57.749996,1425200,2.301049
1987-04-14,57.250019,57.749996,56.249999,56.500018,3129500,2.251244
1987-04-13,57.499984,57.625021,56.999999,56.999999,1638800,2.271166
1987-04-10,56.500018,57.874979,56.249999,57.749996,1369700,2.301049
1987-04-09,56.74998,57.250019,56.249999,56.500018,1060700,2.251244
1987-04-08,57.749996,58.000016,56.999999,56.999999,532500,2.271166
1987-04-07,58.875002,58.999978,57.499984,57.499984,334600,2.291087
1987-04-06,59.249997,59.249997,58.750019,58.750019,636400,2.340895
1987-04-03,59.37498,59.37498,58.750019,59.249997,704800,2.360817
1987-04-02,58.999978,60.25002,58.999978,59.624999,897000,2.375759
1987-04-01,56.500018,58.750019,56.500018,58.750019,459900,2.340895
1987-03-31,56.74998,57.250019,56.500018,56.74998,586600,2.261204
1987-03-30,55.99998,56.999999,54.499979,56.999999,1025100,2.271166
1987-03-27,58.249981,58.375018,57.250019,57.499984,225000,2.291087
1987-03-26,58.999978,59.500016,58.50,58.50,892700,2.330933
1987-03-25,59.500016,59.624999,58.624983,58.999978,1288500,2.350855
1987-03-24,61.000017,61.000017,59.125021,59.749981,1828200,2.380739
1987-03-23,58.249981,60.000001,57.250019,58.000016,1215900,2.311011
1987-03-20,54.499979,58.750019,54.499979,58.750019,2564300,2.340895
1987-03-19,52.500001,54.250017,52.500001,54.000001,535300,2.151631
1987-03-18,52.999982,53.50002,52.500001,52.500001,756000,2.091863
1987-03-17,52.249981,52.999982,52.00002,52.999982,1523500,2.111785
1987-03-16,52.124999,52.249981,51.874979,52.00002,1252900,2.071941
1987-03-13,51.75,52.249981,51.75,52.124999,518300,2.076921
1987-03-12,51.75,51.75,51.374998,51.499981,2115800,2.052017
1987-03-11,51.75,52.500001,51.75,51.874979,2530100,2.066959
1987-03-10,51.00,51.75,51.00,51.75,697700,2.061979
1987-03-09,51.250019,51.250019,50.749981,51.250019,753200,2.042058
1987-03-06,51.00,51.874979,50.25,51.625018,562400,2.056999
1987-03-05,52.75002,52.75002,51.00,51.250019,1235900,2.042058
1987-03-04,50.374982,52.500001,50.25,52.500001,1430900,2.091863
1987-03-03,50.125017,50.125017,49.750019,50.125017,559600,1.997232
1987-03-02,50.374982,50.500019,49.99998,50.374982,633600,2.007192
1987-02-27,49.624982,50.125017,49.37502,50.125017,1012300,1.997232
1987-02-26,49.750019,50.25,49.000018,49.624982,626500,1.977308
1987-02-25,48.749999,49.99998,48.749999,49.750019,815800,1.98229
1987-02-24,49.875001,49.99998,48.749999,48.749999,706200,1.942444
1987-02-23,50.500019,50.500019,49.000018,49.499999,931200,1.972328
1987-02-20,51.250019,51.250019,50.500019,50.875017,569500,2.027116
1987-02-19,52.00002,52.500001,51.499981,51.625018,469900,2.056999
1987-02-18,52.999982,54.000001,52.249981,52.249981,1933500,2.081901
1987-02-17,51.250019,52.999982,51.250019,52.999982,952500,2.111785
1987-02-13,49.99998,51.499981,49.99998,51.250019,2474600,2.042058
1987-02-12,51.00,51.00,49.499999,49.99998,590900,1.99225
1987-02-11,49.499999,50.749981,49.125001,50.749981,2041700,2.022133
1987-02-10,50.125017,50.125017,49.000018,49.37502,1063600,1.967348
1987-02-09,50.875017,50.875017,50.25,50.624998,458500,2.017154
1987-02-06,51.499981,51.625018,51.00,51.124979,254900,2.037075
1987-02-05,51.625018,52.00002,51.499981,51.75,496900,2.061979
1987-02-04,50.749981,51.250019,50.500019,51.250019,529700,2.042058
1987-02-03,50.500019,51.00,50.25,50.749981,296200,2.022133
1987-02-02,49.750019,50.374982,49.499999,50.374982,432800,2.007192
1987-01-30,49.99998,49.99998,48.749999,49.750019,945400,1.98229
1987-01-29,50.25,50.25,49.000018,49.750019,454200,1.98229
1987-01-28,50.25,50.25,49.000018,49.99998,1664400,1.99225
1987-01-27,49.624982,50.25,49.499999,49.99998,2112900,1.99225
1987-01-26,49.99998,49.99998,47.999999,49.37502,1156100,1.967348
1987-01-23,51.00,52.75002,49.99998,50.374982,3431400,2.007192
1987-01-22,50.25,50.749981,49.499999,50.749981,939700,2.022133
1987-01-21,51.499981,51.499981,50.500019,50.500019,1694300,2.012174
1987-01-20,51.00,52.00002,50.25,51.75,2404800,2.061979
1987-01-19,50.500019,52.00002,49.875001,51.00,1959100,2.032096
1987-01-16,50.749981,51.499981,49.000018,51.250019,1759800,2.042058
1987-01-15,49.000018,52.249981,49.000018,51.499981,3548100,2.052017
1987-01-14,48.749999,49.24998,48.124981,48.749999,2218300,1.942444
1987-01-13,49.000018,49.99998,49.000018,49.000018,2466000,1.952406
1987-01-12,46.750017,48.874981,46.62498,48.874981,2216900,1.947424
1987-01-09,46.00002,46.750017,45.499982,46.750017,1364000,1.862755
1987-01-08,45.25002,46.249982,45.000001,46.00002,1551900,1.832871
1987-01-07,44.125018,45.25002,44.125018,45.000001,1393900,1.793025
1987-01-06,45.000001,45.750001,44.50002,44.50002,1549100,1.773104
1987-01-05,44.25,45.499982,44.25,45.499982,942600,1.812947
1987-01-02,42.49998,43.999981,42.49998,43.999981,351700,1.75318
1986-12-31,43.000019,43.249981,41.999999,42.250019,1183200,1.683452
1986-12-30,42.250019,43.000019,42.250019,42.874982,1003800,1.708354
1986-12-29,43.000019,43.000019,42.49998,42.49998,636400,1.693412
1986-12-26,42.75,43.125001,42.49998,43.000019,121000,1.713336
1986-12-24,42.375001,43.000019,42.375001,42.75,333200,1.703374
1986-12-23,42.75,43.249981,42.250019,42.62502,1124800,1.698394
1986-12-22,42.49998,42.75,42.124982,42.75,1315600,1.703374
1986-12-19,41.999999,42.62502,41.87502,42.62502,1272900,1.698394
1986-12-18,41.74998,42.250019,41.74998,41.999999,897000,1.67349
1986-12-17,41.999999,41.999999,41.74998,41.999999,1168900,1.67349
1986-12-16,41.374981,42.250019,41.12502,42.250019,494100,1.683452
1986-12-15,40.999979,41.500018,40.000017,40.999979,485500,1.633645
1986-12-12,41.74998,41.999999,40.999979,40.999979,481200,1.633645
1986-12-11,43.375017,43.375017,41.74998,41.999999,649300,1.67349
1986-12-10,43.750019,43.874998,43.000019,43.50,818700,1.733258
1986-12-09,44.624999,44.875018,43.874998,43.874998,590900,1.7482
1986-12-08,43.624979,44.374979,43.50,44.374979,576600,1.768122
1986-12-05,44.125018,44.25,43.624979,43.999981,1234400,1.75318
1986-12-04,43.624979,43.750019,43.249981,43.624979,979600,1.738238
1986-12-03,43.249981,44.125018,43.125001,43.750019,2037500,1.74322
1986-12-02,41.74998,43.125001,41.74998,42.874982,1600400,1.708354
1986-12-01,41.249999,41.625001,40.249979,41.625001,787400,1.658549
1986-11-28,41.74998,41.74998,41.249999,41.74998,475500,1.663528
1986-11-26,40.750018,41.74998,40.750018,41.74998,1581800,1.663528
1986-11-25,39.874981,40.999979,39.749998,40.999979,1818200,1.633645
1986-11-24,39.499982,40.750018,39.499982,39.625019,1245800,1.578859
1986-11-21,38.37498,39.499982,38.37498,39.250021,1129100,1.563917
1986-11-20,37.375018,38.749982,37.375018,37.999981,733300,1.51411
1986-11-19,37.999981,37.999981,37.249981,37.249981,309000,1.484226
1986-11-18,38.624999,38.749982,37.75002,37.75002,1143300,1.50415
1986-11-17,39.000001,39.000001,38.50002,38.749982,411500,1.543993
1986-11-14,38.250001,39.250021,38.250001,39.250021,1139000,1.563917
1986-11-13,39.499982,39.749998,38.250001,38.37498,467000,1.529051
1986-11-12,39.12498,40.249979,39.12498,39.749998,5094400,1.583839
1986-11-11,38.250001,38.250001,37.874999,37.999981,159500,1.51411
1986-11-10,37.75002,38.125018,37.375018,37.999981,640700,1.51411
1986-11-07,38.125018,38.250001,37.62498,37.874999,276200,1.50913
1986-11-06,37.62498,38.125018,37.375018,38.125018,468400,1.519092
1986-11-05,38.125018,38.250001,37.62498,37.62498,1164700,1.499168
1986-11-04,37.999981,38.50002,37.999981,38.37498,814400,1.529051
1986-11-03,37.874999,37.999981,37.50,37.999981,1502100,1.51411
1986-10-31,37.75002,37.999981,37.50,37.62498,647800,1.499168
1986-10-30,37.50,37.874999,37.50,37.874999,739000,1.50913
1986-10-29,37.124999,37.375018,36.874979,37.249981,461300,1.484226
1986-10-28,37.75002,38.37498,37.50,37.50,1092100,1.494188
1986-10-27,37.000019,37.999981,36.625018,37.999981,1385400,1.51411
1986-10-24,36.374998,37.249981,36.00,37.000019,1907900,1.474266
1986-10-23,35.500019,36.75,35.500019,36.250019,2562800,1.444382
1986-10-22,33.874981,35.374982,33.874981,35.249999,1999000,1.404537
1986-10-21,32.875019,34.000018,32.875019,33.375,965300,1.329827
1986-10-20,33.375,33.375,32.500017,32.625,274800,1.299943
1986-10-17,34.24998,34.24998,33.499979,33.62502,136700,1.339789
1986-10-16,33.62502,34.24998,33.375,34.24998,804400,1.364691
1986-10-15,31.999982,33.749999,31.999982,33.749999,2033200,1.344769
1986-10-14,31.500001,32.500017,31.375019,32.250001,921200,1.285002
1986-10-13,31.124999,31.500001,31.124999,31.249982,217800,1.245156
1986-10-10,30.499981,31.500001,30.499981,31.124999,1664400,1.240176
1986-10-09,31.249982,31.249982,30.499981,30.750001,239200,1.225234
1986-10-08,31.75002,31.75002,31.00002,31.00002,445600,1.235196
1986-10-07,32.250001,32.500017,31.75002,31.875,808700,1.27006
1986-10-06,32.500017,32.500017,31.875,31.875,410100,1.27006
1986-10-03,32.749982,32.999998,32.250001,32.500017,353100,1.294964
1986-10-02,31.500001,32.500017,31.500001,32.250001,771700,1.285002
1986-10-01,30.750001,31.75002,30.750001,31.249982,795900,1.245156
1986-09-30,30.25002,30.750001,30.25002,30.25002,3103900,1.205312
1986-09-29,30.374999,30.499981,29.749981,30.00,825800,1.19535
1986-09-26,30.25002,30.750001,29.500019,30.750001,1849500,1.225234
1986-09-25,31.124999,31.875,30.625018,30.87498,1217300,1.230214
1986-09-24,30.750001,31.249982,30.750001,31.124999,1972000,1.240176
1986-09-23,31.500001,31.500001,30.499981,30.499981,521100,1.215272
1986-09-22,31.62498,31.75002,30.374999,31.75002,1033700,1.26508
1986-09-19,31.999982,31.999982,31.75002,31.75002,313200,1.26508
1986-09-18,32.374981,32.374981,31.999982,32.125019,266300,1.280022
1986-09-17,32.250001,32.625,32.125019,32.125019,518300,1.280022
1986-09-16,32.500017,32.500017,31.999982,32.500017,608000,1.294964
1986-09-15,33.499979,33.499979,31.62498,32.749982,1523500,1.304923
1986-09-12,34.24998,34.24998,32.999998,33.499979,1458000,1.334807
1986-09-11,35.875017,35.875017,34.37502,34.499999,807300,1.374653
1986-09-10,35.74998,36.250019,35.249999,36.124982,515400,1.4394
1986-09-09,36.874979,36.874979,35.875017,35.875017,178000,1.42944
1986-09-08,37.50,37.75002,36.499981,36.75,442800,1.464304
1986-09-05,37.999981,37.999981,37.50,37.50,606500,1.494188
1986-09-04,36.499981,37.75002,36.250019,37.50,828700,1.494188
1986-09-03,36.499981,36.499981,35.74998,36.499981,532500,1.454342
1986-09-02,37.50,37.50,36.250019,36.499981,1295700,1.454342
1986-08-29,37.124999,37.999981,37.124999,37.50,1015200,1.494188
1986-08-28,37.000019,37.375018,36.75,36.874979,291900,1.469284
1986-08-27,36.874979,37.50,36.874979,37.249981,222100,1.484226
1986-08-26,36.124982,37.000019,36.124982,37.000019,347400,1.474266
1986-08-25,37.124999,37.124999,36.00,36.124982,464200,1.4394
1986-08-22,37.50,37.50,36.874979,36.874979,477000,1.469284
1986-08-21,37.50,37.50,37.124999,37.249981,185100,1.484226
1986-08-20,37.75002,37.874999,37.50,37.75002,200800,1.50415
1986-08-19,37.124999,38.250001,37.124999,37.75002,598000,1.50415
1986-08-18,36.874979,37.249981,36.75,37.249981,206500,1.484226
1986-08-15,37.124999,37.75002,37.000019,37.249981,748900,1.484226
1986-08-14,36.250019,37.50,36.00,37.124999,733300,1.479246
1986-08-13,35.249999,36.00,35.249999,36.00,616500,1.43442
1986-08-12,34.499999,34.99998,34.499999,34.99998,482700,1.394575
1986-08-11,33.749999,34.499999,33.749999,34.499999,377300,1.374653
1986-08-08,34.624982,34.624982,34.000018,34.000018,143800,1.354731
1986-08-07,34.499999,34.624982,34.37502,34.37502,173700,1.369673
1986-08-06,34.24998,34.499999,34.24998,34.37502,249200,1.369673
1986-08-05,33.749999,34.37502,33.749999,34.000018,304700,1.354731
1986-08-04,34.000018,34.24998,33.62502,34.000018,495500,1.354731
1986-08-01,33.874981,34.24998,33.749999,34.000018,1964800,1.354731
1986-07-31,33.375,34.000018,33.375,33.874981,955400,1.349749
1986-07-30,32.749982,33.250018,31.75002,33.124981,3037000,1.319865
1986-07-29,34.000018,34.24998,32.749982,32.999998,1963400,1.314885
1986-07-28,34.750018,34.750018,34.000018,34.37502,401500,1.369673
1986-07-25,34.499999,35.12502,34.37502,34.99998,323200,1.394575
1986-07-24,33.874981,34.24998,33.749999,34.24998,230700,1.364691
1986-07-23,35.12502,35.12502,34.000018,34.000018,200800,1.354731
1986-07-22,35.374982,35.500019,34.99998,34.99998,599400,1.394575
1986-07-21,35.625001,35.625001,35.249999,35.249999,246300,1.404537
1986-07-18,35.625001,35.875017,34.99998,35.875017,814400,1.42944
1986-07-17,33.499979,35.500019,33.499979,35.500019,770300,1.414499
1986-07-16,33.874981,34.000018,33.62502,33.749999,674900,1.344769
1986-07-15,34.000018,34.125001,33.499979,33.62502,605100,1.339789
1986-07-14,36.00,36.00,34.24998,34.24998,281900,1.364691
1986-07-11,36.124982,36.124982,35.74998,35.875017,205000,1.42944
1986-07-10,36.124982,36.250019,35.625001,36.124982,586600,1.4394
1986-07-09,35.249999,35.74998,35.249999,35.625001,321800,1.419479
1986-07-08,37.249981,37.249981,35.500019,35.500019,1560500,1.414499
1986-07-07,39.250021,39.250021,38.125018,38.125018,861400,1.519092
1986-07-03,39.375,39.375,38.749982,39.250021,477000,1.563917
1986-07-02,39.250021,39.499982,39.250021,39.375,1421000,1.568897
1986-07-01,39.12498,39.499982,38.875019,39.375,817300,1.568897
1986-06-30,39.000001,39.499982,39.000001,39.375,291900,1.568897
1986-06-27,39.12498,39.12498,38.624999,39.000001,482700,1.553955
1986-06-26,39.12498,39.375,39.000001,39.375,1120500,1.568897
1986-06-25,39.499982,39.749998,39.12498,39.12498,237800,1.558935
1986-06-24,38.37498,39.250021,38.37498,39.250021,616500,1.563917
1986-06-23,38.624999,38.875019,37.75002,38.125018,697700,1.519092
1986-06-20,38.50002,38.875019,38.50002,38.875019,431400,1.548976
1986-06-19,39.000001,39.12498,38.50002,38.50002,263400,1.534034
1986-06-18,39.12498,39.12498,38.749982,39.000001,481200,1.553955
1986-06-17,39.12498,39.375,39.000001,39.12498,605100,1.558935
1986-06-16,39.499982,39.625019,39.12498,39.12498,457000,1.558935
1986-06-13,38.749982,39.499982,38.749982,39.499982,1055000,1.573877
1986-06-12,38.250001,38.875019,38.125018,38.875019,269100,1.548976
1986-06-11,37.999981,38.749982,37.50,38.50002,1083500,1.534034
1986-06-10,37.000019,37.375018,36.75,37.375018,488400,1.489208
1986-06-09,37.999981,37.999981,36.874979,36.874979,774500,1.469284
1986-06-06,38.250001,38.250001,37.75002,37.999981,898400,1.51411
1986-06-05,36.874979,38.50002,36.874979,38.50002,689100,1.534034
1986-06-04,37.249981,37.249981,36.00,36.874979,243500,1.469284
1986-06-03,37.375018,37.50,37.124999,37.124999,146700,1.479246
1986-06-02,38.50002,38.749982,37.249981,37.62498,363100,1.499168
1986-05-30,38.50002,39.499982,37.999981,38.875019,861400,1.548976
1986-05-29,37.50,38.624999,37.249981,38.50002,2342200,1.534034
1986-05-28,36.499981,37.50,36.00,37.50,2477400,1.494188
1986-05-27,36.625018,36.75,36.124982,36.499981,1305600,1.454342
1986-05-23,36.00,37.000019,36.00,36.499981,3045500,1.454342
1986-05-22,34.624982,36.00,34.624982,36.00,1039400,1.43442
1986-05-21,34.499999,34.750018,34.37502,34.624982,125300,1.379633
1986-05-20,34.125001,34.750018,34.125001,34.750018,358800,1.384615
1986-05-19,34.000018,34.37502,33.874981,34.37502,94000,1.369673
1986-05-16,34.000018,34.24998,33.749999,34.000018,1821000,1.354731
1986-05-15,35.249999,35.249999,34.125001,34.624982,274800,1.379633
1986-05-14,34.750018,35.12502,34.624982,35.12502,531100,1.399557
1986-05-13,34.99998,35.500019,34.875001,35.12502,818700,1.399557
1986-05-12,35.500019,35.74998,34.99998,35.12502,381600,1.399557
1986-05-09,35.249999,36.00,34.99998,35.74998,642100,1.424458
1986-05-08,34.499999,35.625001,34.37502,35.500019,1379700,1.414499
1986-05-07,34.125001,34.24998,33.499979,34.24998,274800,1.364691
1986-05-06,34.000018,34.24998,33.499979,34.125001,840000,1.359711
1986-05-05,33.499979,34.24998,33.499979,34.125001,407200,1.359711
1986-05-02,34.24998,34.37502,33.749999,33.749999,388700,1.344769
1986-05-01,35.249999,35.249999,34.000018,34.125001,340300,1.359711
1986-04-30,36.499981,36.499981,34.99998,34.99998,543900,1.394575
1986-04-29,36.874979,37.249981,36.00,36.374998,1198800,1.449362
1986-04-28,36.374998,37.249981,36.250019,36.874979,914100,1.469284
1986-04-25,36.00,36.374998,35.12502,36.374998,1213100,1.449362
1986-04-24,34.499999,36.499981,34.499999,36.00,3145200,1.43442
1986-04-23,33.124981,34.37502,33.124981,34.125001,1077800,1.359711
1986-04-22,33.250018,33.499979,32.500017,32.875019,1576100,1.309905
1986-04-21,32.875019,33.499979,32.625,33.499979,834300,1.334807
1986-04-18,33.749999,33.749999,32.500017,32.999998,311800,1.314885
1986-04-17,33.375,33.749999,33.250018,33.499979,501200,1.334807
1986-04-16,33.250018,33.749999,32.999998,32.999998,2296600,1.314885
1986-04-15,31.999982,33.250018,31.75002,32.999998,1744200,1.314885
1986-04-14,31.375019,32.500017,31.00002,32.500017,1684400,1.294964
1986-04-11,31.75002,31.75002,31.249982,31.375019,1284300,1.250138
1986-04-10,31.500001,31.75002,31.500001,31.62498,717600,1.260098
1986-04-09,31.875,31.875,31.500001,31.62498,1258600,1.260098
1986-04-08,31.249982,31.999982,31.249982,31.875,1520600,1.27006
1986-04-07,31.375019,31.375019,30.374999,31.249982,1304200,1.245156
1986-04-04,31.500001,31.875,31.249982,31.500001,3428500,1.255118
1986-04-03,32.500017,32.500017,31.375019,31.375019,2030300,1.250138
1986-04-02,32.999998,32.999998,31.999982,32.500017,1245800,1.294964
1986-04-01,33.874981,34.000018,33.124981,33.124981,724700,1.319865
1986-03-31,34.37502,34.499999,32.749982,33.375,855700,1.329827
1986-03-27,34.875001,34.99998,34.624982,34.750018,397200,1.384615
1986-03-26,34.499999,34.875001,34.499999,34.750018,279100,1.384615
1986-03-25,34.99998,35.12502,34.000018,34.624982,555300,1.379633
1986-03-24,35.249999,35.374982,34.99998,35.12502,365900,1.399557
1986-03-21,35.249999,35.374982,34.99998,35.374982,532500,1.409517
1986-03-20,34.750018,35.500019,34.750018,35.500019,338900,1.414499
1986-03-19,34.99998,35.249999,34.99998,34.99998,155200,1.394575
1986-03-18,34.875001,35.12502,34.750018,35.12502,548200,1.399557
1986-03-17,36.00,36.00,34.750018,34.750018,714700,1.384615
1986-03-14,36.374998,36.374998,35.500019,35.74998,458500,1.424458
1986-03-13,36.00,36.499981,36.00,36.499981,384400,1.454342
1986-03-12,36.00,36.625018,35.74998,36.250019,959600,1.444382
1986-03-11,34.99998,35.875017,34.875001,35.74998,1243000,1.424458
1986-03-10,35.12502,35.249999,34.99998,34.99998,341700,1.394575
1986-03-07,35.12502,35.374982,34.99998,35.12502,223500,1.399557
1986-03-06,35.249999,35.500019,34.99998,35.12502,442800,1.399557
1986-03-05,35.249999,35.249999,34.499999,34.99998,795900,1.394575
1986-03-04,36.250019,36.499981,35.249999,35.500019,692000,1.414499
1986-03-03,36.499981,37.249981,36.124982,36.374998,1238700,1.449362
1986-02-28,36.00,36.374998,35.74998,36.250019,1757000,1.444382
1986-02-27,36.374998,36.374998,35.74998,36.124982,847200,1.4394
1986-02-26,33.375,36.124982,33.124981,35.875017,2373500,1.42944
1986-02-25,33.250018,33.499979,33.124981,33.375,394400,1.329827
1986-02-24,33.250018,33.499979,33.124981,33.250018,583800,1.324847
1986-02-21,33.250018,33.375,32.999998,33.375,1984800,1.329827
1986-02-20,32.374981,33.499979,32.125019,33.375,1240100,1.329827
1986-02-19,33.124981,33.124981,32.250001,32.250001,1201700,1.285002
1986-02-18,33.62502,33.62502,33.250018,33.375,888500,1.329827
1986-02-14,33.749999,33.749999,33.499979,33.62502,637900,1.339789
1986-02-13,32.875019,33.375,31.999982,33.375,449900,1.329827
1986-02-12,33.375,33.499979,32.625,32.875019,421400,1.309905
1986-02-11,33.62502,33.62502,33.250018,33.250018,338900,1.324847
1986-02-10,33.874981,34.000018,33.250018,33.499979,1336900,1.334807
1986-02-07,33.749999,33.874981,33.499979,33.62502,148100,1.339789
1986-02-06,33.749999,34.000018,33.749999,34.000018,330300,1.354731
1986-02-05,34.499999,34.499999,33.749999,33.749999,1271500,1.344769
1986-02-04,34.875001,34.875001,34.24998,34.499999,1408100,1.374653
1986-02-03,34.000018,34.99998,34.000018,34.99998,1079200,1.394575
1986-01-31,32.625,34.000018,32.625,34.000018,750300,1.354731
1986-01-30,32.749982,33.375,32.749982,32.875019,380200,1.309905
1986-01-29,33.124981,33.375,32.749982,32.749982,395800,1.304923
1986-01-28,31.875,32.999998,31.500001,32.999998,1574700,1.314885
1986-01-27,31.124999,31.75002,30.750001,31.75002,344600,1.26508
1986-01-24,30.87498,30.87498,30.750001,30.87498,273400,1.230214
1986-01-23,30.499981,30.87498,30.374999,30.750001,1252900,1.225234
1986-01-22,31.62498,31.62498,29.875018,30.499981,1288500,1.215272
1986-01-21,31.999982,32.250001,31.500001,31.62498,222100,1.260098
1986-01-20,31.999982,31.999982,31.375019,31.75002,253400,1.26508
1986-01-17,33.250018,33.375,32.250001,32.250001,2283800,1.285002
1986-01-16,33.250018,33.499979,32.749982,33.250018,932600,1.324847
1986-01-15,33.124981,33.874981,33.124981,33.250018,656400,1.324847
1986-01-14,32.875019,34.000018,32.625,32.999998,435700,1.314885
1986-01-13,31.875,32.875019,31.62498,32.875019,1112000,1.309905
1986-01-10,31.75002,32.250001,31.75002,31.999982,2095800,1.27504
1986-01-09,31.500001,31.999982,31.124999,31.62498,1866600,1.260098
1986-01-08,33.124981,33.499979,31.875,31.875,662100,1.27006
1986-01-07,32.625,33.749999,32.625,33.375,2148500,1.329827
1986-01-06,32.625,32.875019,32.500017,32.500017,424300,1.294964
1986-01-03,32.625,32.625,32.374981,32.374981,230700,1.289981
1986-01-02,33.499979,33.499979,32.500017,32.749982,307500,1.304923
1985-12-31,33.124981,33.499979,32.999998,33.499979,531100,1.334807
1985-12-30,33.375,33.375,32.999998,33.124981,341700,1.319865
1985-12-27,33.124981,33.375,32.999998,32.999998,371600,1.314885
1985-12-26,33.499979,33.499979,32.999998,33.250018,468400,1.324847
1985-12-24,33.375,33.62502,33.375,33.499979,1062200,1.334807
1985-12-23,33.375,33.62502,33.375,33.499979,1364000,1.334807
1985-12-20,33.62502,33.874981,33.124981,33.499979,834300,1.334807
1985-12-19,31.75002,34.000018,31.75002,33.749999,2709500,1.344769
1985-12-18,32.125019,32.125019,31.62498,31.75002,936900,1.26508
1985-12-17,30.625018,32.374981,30.625018,31.999982,1668700,1.27504
1985-12-16,28.999981,30.750001,28.999981,30.499981,2095800,1.215272
1985-12-13,28.750019,28.999981,28.624982,28.999981,430000,1.155505
1985-12-12,28.999981,28.999981,28.624982,28.624982,286200,1.140563
1985-12-11,28.50,29.125018,28.24998,28.999981,983800,1.155505
1985-12-10,28.874998,28.999981,28.50,28.999981,253400,1.155505
1985-12-09,28.624982,28.999981,28.624982,28.999981,314700,1.155505
1985-12-06,29.25,29.25,28.750019,28.750019,968200,1.145545
1985-12-05,29.25,29.500019,29.125018,29.25,603700,1.165467
1985-12-04,28.624982,29.125018,28.624982,29.125018,1005200,1.160487
1985-12-03,28.750019,28.999981,28.624982,28.750019,441400,1.145545
1985-12-02,28.750019,28.999981,28.750019,28.999981,299000,1.155505
1985-11-29,28.50,28.874998,28.50,28.874998,138100,1.150525
1985-11-27,29.125018,29.374979,28.50,28.50,983800,1.135583
1985-11-26,28.874998,29.25,28.750019,28.999981,454200,1.155505
1985-11-25,28.874998,28.874998,28.50,28.750019,281900,1.145545
1985-11-22,28.999981,29.374979,28.750019,28.874998,1459400,1.150525
1985-11-21,28.000019,28.999981,28.000019,28.999981,2023200,1.155505
1985-11-20,28.624982,28.624982,27.749999,28.000019,488400,1.115661
1985-11-19,28.624982,28.999981,28.50,28.50,588000,1.135583
1985-11-18,28.999981,28.999981,28.624982,28.624982,306100,1.140563
1985-11-15,28.750019,29.25,28.624982,28.750019,780200,1.145545
1985-11-14,28.874998,28.999981,28.50,28.874998,842900,1.150525
1985-11-13,29.749981,29.749981,28.874998,28.874998,825800,1.150525
1985-11-12,29.624999,29.749981,29.500019,29.749981,1728500,1.185388
1985-11-11,29.25,29.500019,29.125018,29.500019,926900,1.175429
1985-11-08,28.999981,29.125018,28.750019,29.125018,1657300,1.160487
1985-11-07,29.125018,29.125018,28.999981,28.999981,358800,1.155505
1985-11-06,29.374979,29.374979,28.874998,28.999981,3052600,1.155505
1985-11-05,28.000019,29.500019,28.000019,29.500019,2745100,1.175429
1985-11-04,27.749999,28.24998,27.49998,28.000019,3350200,1.115661
1985-11-01,27.124982,27.749999,27.000001,27.625019,1311300,1.100719
1985-10-31,26.875018,27.000001,26.749981,27.000001,840000,1.075815
1985-10-30,26.625001,27.000001,26.50002,27.000001,736100,1.075815
1985-10-29,25.624981,26.625001,25.624981,26.50002,1550500,1.055894
1985-10-28,26.12502,26.12502,25.50,25.750019,1341200,1.02601
1985-10-25,26.50002,26.50002,25.875,25.875,664900,1.03099
1985-10-24,25.999981,26.374981,25.875,25.999981,895600,1.03597
1985-10-23,25.750019,25.999981,25.750019,25.999981,368800,1.03597
1985-10-22,25.249981,25.999981,25.249981,25.999981,458500,1.03597
1985-10-21,25.375019,26.25,25.375019,25.375019,148100,1.011068
1985-10-18,25.249981,25.750019,25.000019,25.624981,1426600,1.021028
1985-10-17,25.624981,25.624981,25.125,25.249981,264800,1.006086
1985-10-16,25.999981,25.999981,25.624981,25.750019,679200,1.02601
1985-10-15,25.999981,26.25,25.750019,25.999981,1010900,1.03597
1985-10-14,25.000019,25.875,23.87502,25.624981,999500,1.021028
1985-10-11,24.75,25.000019,24.75,25.000019,690500,0.996126
1985-10-10,24.12498,24.75,23.999999,24.49998,888500,0.976202
1985-10-09,23.250001,23.999999,23.250001,23.87502,2298000,0.9513
1985-10-08,23.250001,23.250001,22.99998,23.12502,558100,0.921417
1985-10-07,23.50002,23.50002,23.12502,23.250001,249200,0.926397
1985-10-04,24.250019,24.250019,23.624999,23.87502,474100,0.9513
1985-10-03,24.49998,24.49998,24.374999,24.49998,141000,0.976202
1985-10-02,24.250019,24.625019,24.250019,24.374999,1529200,0.971222
1985-10-01,23.74998,24.250019,23.74998,24.250019,1238700,0.966242
1985-09-30,23.74998,23.87502,23.624999,23.87502,1049300,0.9513
1985-09-26,23.50002,23.624999,23.37498,23.50002,790200,0.936359
1985-09-25,23.74998,23.87502,23.50002,23.74998,3345900,0.946318
1985-09-24,23.87502,23.87502,23.624999,23.74998,346000,0.946318
1985-09-23,23.50002,23.74998,23.37498,23.74998,1030800,0.946318
1985-09-20,23.250001,23.74998,22.99998,23.50002,1421000,0.936359
1985-09-19,22.249979,22.99998,22.249979,22.99998,1314200,0.916434
1985-09-18,22.125,22.50,21.874979,22.249979,1731300,0.886551
1985-09-17,22.75002,22.99998,21.499979,22.000021,1724200,0.876591
1985-09-16,22.99998,22.99998,22.75002,22.875,575200,0.911455
1985-09-13,23.250001,23.74998,22.249979,22.99998,1374000,0.916434
1985-09-12,23.50002,23.50002,23.37498,23.50002,670600,0.936359
1985-09-11,23.74998,23.87502,23.624999,23.624999,649300,0.941338
1985-09-10,23.999999,23.999999,23.50002,23.624999,776000,0.941338
1985-09-09,23.74998,23.999999,23.624999,23.999999,417200,0.95628
1985-09-06,23.999999,24.12498,23.74998,23.87502,5799100,0.9513
1985-09-05,23.74998,24.250019,23.50002,23.999999,1131900,0.95628
1985-09-04,23.50002,23.624999,23.37498,23.50002,494100,0.936359
1985-09-03,23.87502,23.999999,23.37498,23.624999,495500,0.941338
1985-08-30,23.74998,23.999999,23.74998,23.999999,1267200,0.95628
1985-08-29,23.74998,23.87502,23.74998,23.87502,860000,0.9513
1985-08-28,23.50002,23.87502,23.37498,23.87502,921200,0.9513
1985-08-27,23.250001,23.74998,23.250001,23.50002,505400,0.936359
1985-08-26,23.50002,23.50002,23.250001,23.250001,442800,0.926397
1985-08-23,23.74998,23.74998,23.37498,23.37498,825800,0.931376
1985-08-22,23.74998,24.374999,23.624999,23.74998,3139500,0.946318
1985-08-21,22.99998,24.49998,22.75002,23.50002,4850900,0.936359
1985-08-20,22.75002,22.875,22.624979,22.75002,724700,0.906475
1985-08-19,22.50,23.50002,22.249979,22.75002,3432800,0.906475
1985-08-16,22.99998,22.99998,22.000021,22.249979,4127600,0.886551
1985-08-15,20.37498,23.250001,20.249999,23.250001,2908800,0.926397
1985-08-14,20.37498,20.624999,20.249999,20.37498,363100,0.811841
1985-08-13,20.12502,20.37498,19.99998,20.12502,565200,0.801882
1985-08-12,20.249999,20.249999,19.62498,20.12502,1280000,0.801882
1985-08-09,20.87502,20.87502,20.249999,20.37498,961100,0.811841
1985-08-08,20.749979,20.87502,20.624999,20.749979,1692900,0.826783
1985-08-07,19.99998,20.87502,19.874999,20.87502,1882300,0.831765
1985-08-06,21.00,21.00,19.99998,19.99998,1735600,0.796899
1985-08-05,21.375,21.375,20.749979,21.00,1036500,0.836745
1985-08-02,21.75,21.75,21.499979,21.499979,1617400,0.856667
1985-08-01,21.00,21.874979,20.624999,21.625021,4658700,0.861649
1985-07-31,19.99998,21.00,19.874999,20.749979,2286600,0.826783
1985-07-30,19.874999,19.874999,19.500001,19.62498,468400,0.781958
1985-07-29,20.50002,20.50002,19.37502,19.874999,1157500,0.79192
1985-07-26,20.12502,20.749979,20.12502,20.50002,1035100,0.816824
1985-07-25,19.62498,20.249999,19.62498,20.12502,2720900,0.801882
1985-07-24,19.500001,19.62498,19.37502,19.62498,761700,0.781958
1985-07-23,19.99998,20.12502,19.500001,19.500001,1976200,0.776978
1985-07-22,19.874999,19.874999,19.62498,19.874999,411500,0.79192
1985-07-19,19.62498,20.37498,19.24998,19.99998,1028000,0.796899
1985-07-18,19.874999,19.99998,19.500001,19.62498,721900,0.781958
1985-07-17,19.874999,19.99998,19.75002,19.99998,1805400,0.796899
1985-07-16,19.24998,19.37502,19.24998,19.37502,412900,0.771998
1985-07-15,19.500001,19.500001,19.24998,19.24998,986700,0.767016
1985-07-12,19.00002,19.99998,18.874979,19.500001,3298900,0.776978
1985-07-11,18.499979,18.75,18.250021,18.625021,626500,0.742114
1985-07-10,18.499979,18.75,18.375,18.499979,1107700,0.737132
1985-07-09,18.250021,18.499979,18.00,18.375,921200,0.732152
1985-07-08,17.875021,18.00,17.749979,18.00,854300,0.71721
1985-07-05,18.00,18.375,18.00,18.00,485500,0.71721
1985-07-03,17.749979,18.375,17.749979,18.00,1603200,0.71721
1985-07-02,17.500021,18.00,17.500021,17.625,723300,0.702268
1985-07-01,17.25,17.500021,17.12502,17.500021,481200,0.697288
1985-06-28,17.12502,17.374979,16.99998,17.374979,468400,0.692306
1985-06-27,16.99998,17.25,16.99998,17.12502,437100,0.682347
1985-06-26,16.75002,17.500021,16.75002,17.500021,662100,0.697288
1985-06-25,16.75002,16.99998,16.75002,16.75002,323200,0.667405
1985-06-24,16.75002,16.99998,16.62498,16.75002,267700,0.667405
1985-06-21,16.62498,16.99998,16.499999,16.99998,747500,0.677364
1985-06-20,16.499999,16.99998,16.499999,16.75002,1103400,0.667405
1985-06-19,16.37502,16.75002,16.37502,16.62498,603700,0.662422
1985-06-18,16.499999,16.62498,16.37502,16.499999,505400,0.657443
1985-06-17,16.125001,16.62498,16.125001,16.499999,425700,0.657443
1985-06-14,16.24998,16.499999,16.125001,16.24998,635000,0.647481
1985-06-13,16.125001,16.37502,16.00002,16.24998,679200,0.647481
1985-06-12,16.00002,16.499999,16.00002,16.24998,1129100,0.647481
1985-06-11,15.750001,16.00002,15.750001,15.87498,384400,0.632539
1985-06-10,15.750001,15.750001,15.62502,15.750001,363100,0.627559
1985-06-07,16.24998,16.24998,15.750001,15.87498,232100,0.632539
1985-06-06,15.750001,16.499999,15.750001,16.37502,286200,0.652463
1985-06-05,16.499999,16.62498,15.750001,15.750001,536800,0.627559
1985-06-04,16.24998,16.499999,15.87498,16.499999,1002400,0.657443
1985-06-03,16.37502,16.37502,16.125001,16.37502,1265800,0.652463
1985-05-31,15.375,16.125001,15.250021,16.125001,1868000,0.642501
1985-05-30,15.499979,15.62502,15.250021,15.62502,306100,0.622579
1985-05-29,15.750001,15.750001,15.375,15.499979,387300,0.617597
1985-05-28,15.87498,16.00002,15.62502,15.62502,414300,0.622579
1985-05-24,15.250021,15.62502,15.250021,15.62502,219300,0.622579
1985-05-23,15.250021,15.375,15.124979,15.124979,367300,0.602655
1985-05-22,15.250021,15.250021,15.124979,15.124979,561000,0.602655
1985-05-21,15.250021,15.375,15.124979,15.124979,414300,0.602655
1985-05-20,14.749979,15.250021,14.749979,15.250021,612200,0.607637
1985-05-17,15.124979,15.124979,14.875021,14.875021,365900,0.592695
1985-05-16,15.250021,15.250021,14.749979,15.124979,2800600,0.602655
1985-05-15,15.124979,15.375,15.124979,15.250021,153800,0.607637
1985-05-14,15.00,15.375,15.00,15.00,623600,0.597675
1985-05-13,15.499979,15.750001,15.375,15.375,506900,0.612617
1985-05-10,14.875021,15.62502,14.875021,15.499979,1187400,0.617597
1985-05-09,13.624979,14.875021,13.624979,14.749979,1032300,0.587713
1985-05-08,14.125021,14.125021,13.00002,13.37502,519700,0.532928
1985-05-07,14.500021,14.625,14.125021,14.125021,1183200,0.562812
1985-05-06,15.00,15.00,14.500021,14.500021,200800,0.577753
1985-05-03,15.00,15.250021,15.00,15.00,143800,0.597675
1985-05-02,14.875021,15.00,14.749979,14.875021,52700,0.592695
1985-05-01,14.625,14.875021,14.625,14.875021,314700,0.592695
1985-04-30,14.875021,15.00,14.500021,14.500021,135300,0.577753
1985-04-29,14.875021,15.00,14.749979,15.00,437100,0.597675
1985-04-26,15.250021,15.375,15.00,15.00,448500,0.597675
1985-04-25,14.875021,15.375,14.625,15.250021,798800,0.607637
1985-04-24,14.875021,14.875021,14.625,14.625,152300,0.582733
1985-04-23,14.749979,14.749979,14.625,14.625,271900,0.582733
1985-04-22,14.875021,14.875021,14.749979,14.749979,111100,0.587713
1985-04-19,14.749979,14.875021,14.625,14.749979,1694300,0.587713
1985-04-18,14.749979,14.875021,14.749979,14.749979,281900,0.587713
1985-04-17,14.749979,15.00,14.500021,14.749979,542500,0.587713
1985-04-16,14.749979,14.749979,14.500021,14.749979,768900,0.587713
1985-04-15,15.124979,15.124979,14.749979,14.749979,112500,0.587713
1985-04-12,15.00,15.124979,15.00,15.00,150900,0.597675
1985-04-11,15.124979,15.250021,15.00,15.00,82600,0.597675
1985-04-10,15.00,15.250021,15.00,15.250021,200800,0.607637
1985-04-09,14.875021,15.00,14.749979,15.00,95400,0.597675
1985-04-08,15.250021,15.375,15.00,15.00,1151900,0.597675
1985-04-04,15.250021,15.375,15.250021,15.250021,79700,0.607637
1985-04-03,15.499979,15.62502,15.250021,15.250021,142400,0.607637
1985-04-02,15.62502,15.62502,15.375,15.375,141000,0.612617
1985-04-01,15.124979,15.62502,15.124979,15.62502,216400,0.622579
1985-03-29,14.875021,15.375,14.875021,15.00,239200,0.597675
1985-03-28,15.124979,15.124979,14.875021,15.00,215000,0.597675
1985-03-27,14.875021,14.875021,14.749979,14.875021,212100,0.592695
1985-03-26,14.749979,14.875021,14.500021,14.625,588000,0.582733
1985-03-25,14.749979,14.749979,14.25,14.749979,404400,0.587713
1985-03-22,15.250021,15.375,14.749979,14.875021,358800,0.592695
1985-03-21,15.124979,15.375,15.124979,15.375,219300,0.612617
1985-03-20,15.62502,15.62502,15.00,15.124979,365900,0.602655
1985-03-19,15.124979,15.375,15.124979,15.250021,158000,0.607637
1985-03-18,15.00,15.250021,15.00,15.250021,398700,0.607637
1985-03-15,15.375,15.375,15.00,15.124979,684800,0.602655
1985-03-14,15.375,15.375,15.124979,15.375,210700,0.612617
1985-03-13,15.87498,15.87498,15.499979,15.62502,499800,0.622579
1985-03-12,15.499979,15.750001,15.499979,15.750001,572400,0.627559
1985-03-11,15.62502,15.62502,15.499979,15.499979,113900,0.617597
1985-03-08,15.375,15.750001,15.375,15.499979,518300,0.617597
1985-03-07,15.62502,15.750001,15.250021,15.375,771700,0.612617
1985-03-06,15.87498,15.87498,15.62502,15.62502,276200,0.622579
1985-03-05,15.124979,15.87498,15.124979,15.750001,1868000,0.627559
1985-03-04,15.750001,15.750001,15.00,15.250021,300400,0.607637
1985-03-01,15.87498,15.87498,15.499979,15.62502,417200,0.622579
1985-02-28,15.750001,15.87498,15.62502,15.750001,220700,0.627559
1985-02-27,15.87498,15.87498,15.750001,15.750001,192200,0.627559
1985-02-26,15.87498,16.00002,15.87498,16.00002,384400,0.637521
1985-02-25,16.125001,16.125001,15.87498,16.00002,395800,0.637521
1985-02-22,16.00002,16.125001,15.87498,16.00002,187900,0.637521
1985-02-21,16.24998,16.37502,16.00002,16.00002,558100,0.637521
1985-02-20,16.00002,16.37502,15.87498,16.125001,371600,0.642501
1985-02-19,16.00002,16.24998,15.87498,16.00002,623600,0.637521
1985-02-15,16.37502,16.37502,16.125001,16.125001,553900,0.642501
1985-02-14,16.874999,16.874999,16.24998,16.37502,630700,0.652463
1985-02-13,16.499999,16.99998,16.499999,16.75002,561000,0.667405
1985-02-12,16.499999,16.75002,16.499999,16.499999,757500,0.657443
1985-02-11,16.62498,16.75002,16.499999,16.75002,1419500,0.667405
1985-02-08,16.874999,17.25,16.75002,16.874999,2263800,0.672385
1985-02-07,16.00002,16.874999,16.00002,16.75002,3216400,0.667405
1985-02-06,15.62502,16.00002,15.62502,15.87498,1072100,0.632539
1985-02-05,15.750001,15.750001,15.62502,15.62502,256300,0.622579
1985-02-04,15.87498,16.125001,15.62502,15.62502,899800,0.622579
1985-02-01,15.250021,16.125001,15.250021,15.87498,936900,0.632539
1985-01-31,15.499979,15.87498,15.499979,15.62502,1127600,0.622579
1985-01-30,15.87498,15.87498,15.62502,15.750001,1050800,0.627559
1985-01-29,15.375,15.87498,15.250021,15.87498,1406700,0.632539
1985-01-28,14.25,15.499979,14.25,15.375,5176900,0.612617
1985-01-25,14.625,14.875021,14.374979,14.374979,1401000,0.572771
1985-01-24,15.499979,15.62502,14.374979,14.625,2245300,0.582733
1985-01-23,15.499979,15.62502,15.00,15.250021,3676300,0.607637
1985-01-22,16.00002,16.125001,15.375,15.375,2081600,0.612617
1985-01-21,16.24998,16.499999,15.87498,15.87498,1005200,0.632539
1985-01-18,15.750001,16.62498,15.750001,16.37502,1019400,0.652463
1985-01-17,15.750001,15.87498,15.62502,15.87498,313200,0.632539
1985-01-16,15.750001,15.87498,15.62502,15.62502,418600,0.622579
1985-01-15,15.62502,15.87498,15.62502,15.62502,468400,0.622579
1985-01-14,15.124979,15.87498,15.00,15.750001,539600,0.627559
1985-01-11,15.00,15.499979,15.00,15.250021,683400,0.607637
1985-01-10,13.875,14.875021,13.875,14.875021,852900,0.592695
1985-01-09,13.624979,13.875,13.624979,13.875,267700,0.55285
1985-01-08,13.750021,13.750021,13.624979,13.624979,166600,0.542887
1985-01-07,13.624979,13.750021,13.624979,13.624979,277600,0.542887
1985-01-04,13.750021,13.750021,13.624979,13.750021,69800,0.54787
1985-01-03,13.750021,13.875,13.750021,13.875,105400,0.55285
1985-01-02,13.99998,13.99998,13.624979,13.875,242000,0.55285
1984-12-31,13.50,13.99998,13.50,13.99998,595100,0.557829
1984-12-28,13.50,13.750021,13.37502,13.37502,690500,0.532928
1984-12-27,13.875,13.875,13.50,13.50,442800,0.537908
1984-12-26,14.25,14.25,13.875,13.875,108200,0.55285
1984-12-24,14.374979,14.374979,14.125021,14.374979,125300,0.572771
1984-12-21,14.500021,14.625,14.374979,14.500021,384400,0.577753
1984-12-20,14.500021,14.625,14.374979,14.625,256300,0.582733
1984-12-19,14.875021,15.00,14.625,14.625,606500,0.582733
1984-12-18,14.875021,14.875021,14.125021,14.749979,599400,0.587713
1984-12-17,15.00,15.00,14.625,14.875021,244900,0.592695
1984-12-14,15.250021,15.250021,15.124979,15.124979,1251500,0.602655
1984-12-13,15.375,15.499979,15.250021,15.250021,907000,0.607637
1984-12-12,15.250021,15.62502,15.250021,15.375,216400,0.612617
1984-12-11,15.375,15.750001,15.375,15.499979,561000,0.617597
1984-12-10,15.375,15.62502,15.250021,15.499979,226400,0.617597
1984-12-07,15.750001,15.87498,15.375,15.375,377300,0.612617
1984-12-06,15.375,15.750001,15.375,15.62502,341700,0.622579
1984-12-05,15.62502,15.62502,15.250021,15.250021,972500,0.607637
1984-12-04,15.250021,15.750001,15.250021,15.499979,360200,0.617597
1984-12-03,15.499979,15.499979,14.749979,15.250021,666300,0.607637
1984-11-30,15.62502,15.750001,15.250021,15.375,1127600,0.612617
1984-11-29,14.374979,15.62502,14.374979,15.62502,1526300,0.622579
1984-11-28,14.374979,14.374979,14.25,14.374979,219300,0.572771
1984-11-27,14.25,14.374979,14.125021,14.374979,307500,0.572771
1984-11-26,14.125021,14.25,13.875,14.25,773100,0.567791
1984-11-23,14.25,14.625,14.125021,14.25,657800,0.567791
1984-11-21,14.25,14.374979,14.125021,14.25,242000,0.567791
1984-11-20,13.875,14.25,13.875,14.125021,294700,0.562812
1984-11-19,13.99998,14.125021,13.875,13.875,505400,0.55285
1984-11-16,14.125021,14.25,13.99998,14.125021,300400,0.562812
1984-11-15,13.99998,14.25,13.875,14.125021,216400,0.562812
1984-11-14,13.875,13.99998,13.624979,13.875,243500,0.55285
1984-11-13,13.875,13.99998,13.875,13.875,234900,0.55285
1984-11-12,14.25,14.25,13.875,13.99998,216400,0.557829
1984-11-09,13.875,14.374979,13.875,14.374979,383000,0.572771
1984-11-08,13.624979,14.374979,13.624979,13.875,233500,0.55285
1984-11-07,13.125,13.50,13.00002,13.50,331700,0.537908
1984-11-06,13.125,13.37502,13.00002,13.125,182200,0.522966
1984-11-05,12.874979,13.00002,12.75,13.00002,75500,0.517986
1984-11-02,13.00002,13.00002,12.75,12.874979,206500,0.513004
1984-11-01,12.49998,12.874979,12.49998,12.75,128100,0.508024
1984-10-31,12.75,13.00002,12.62502,12.62502,186500,0.503044
1984-10-30,12.75,13.249979,12.75,13.00002,72600,0.517986
1984-10-29,12.874979,13.00002,12.75,12.75,118200,0.508024
1984-10-26,13.00002,13.00002,12.62502,12.75,145200,0.508024
1984-10-25,13.37502,13.50,13.125,13.125,307500,0.522966
1984-10-24,13.37502,13.624979,13.125,13.37502,956800,0.532928
1984-10-23,13.50,13.750021,13.50,13.50,481200,0.537908
1984-10-22,13.249979,13.624979,13.125,13.37502,606500,0.532928
1984-10-19,13.249979,13.50,13.249979,13.37502,385800,0.532928
1984-10-18,13.00002,13.00002,12.874979,13.00002,432800,0.517986
1984-10-17,12.75,13.00002,12.75,12.874979,290500,0.513004
1984-10-16,12.874979,13.125,12.75,12.75,378700,0.508024
1984-10-15,13.00002,13.125,12.874979,12.874979,202200,0.513004
1984-10-12,13.249979,13.249979,13.00002,13.00002,163700,0.517986
1984-10-11,12.874979,13.249979,12.874979,13.249979,105400,0.527946
1984-10-10,12.62502,12.874979,12.62502,12.874979,368800,0.513004
1984-10-09,13.249979,13.249979,12.49998,12.62502,1046500,0.503044
1984-10-08,14.25,14.25,13.249979,13.249979,1157500,0.527946
1984-10-05,14.25,14.500021,14.125021,14.500021,250600,0.577753
1984-10-04,13.99998,14.625,13.99998,14.374979,387300,0.572771
1984-10-03,13.624979,13.875,13.50,13.875,126700,0.55285
1984-10-02,13.624979,13.875,13.624979,13.750021,145200,0.54787
1984-10-01,13.50,13.875,13.50,13.750021,169400,0.54787
1984-09-28,14.125021,14.125021,13.750021,13.750021,112500,0.54787
1984-09-27,14.125021,14.25,13.750021,13.99998,128100,0.557829
1984-09-26,13.750021,14.25,13.750021,14.125021,306100,0.562812
1984-09-25,13.624979,13.875,13.50,13.875,119600,0.55285
1984-09-24,13.750021,13.99998,13.50,13.750021,395800,0.54787
1984-09-21,14.125021,14.125021,13.875,13.99998,233500,0.557829
1984-09-20,14.374979,14.500021,13.99998,13.99998,541000,0.557829
1984-09-19,14.374979,14.625,14.374979,14.374979,317500,0.572771
1984-09-18,14.500021,14.625,14.374979,14.500021,180800,0.577753
1984-09-17,14.500021,14.749979,14.500021,14.625,197900,0.582733
1984-09-14,15.124979,15.124979,14.625,14.625,499800,0.582733
1984-09-13,14.374979,15.124979,14.374979,15.00,384400,0.597675
1984-09-12,14.374979,14.625,14.25,14.374979,182200,0.572771
1984-09-11,14.374979,14.625,14.374979,14.500021,182200,0.577753
1984-09-10,14.374979,14.500021,14.125021,14.25,222100,0.567791
1984-09-07,14.875021,15.124979,14.500021,14.500021,541000,0.577753
1984-09-06,14.25,14.749979,14.25,14.749979,536800,0.587713
1984-09-05,13.99998,14.25,13.99998,14.125021,411500,0.562812
1984-09-04,14.25,14.374979,13.875,13.99998,240600,0.557829
1984-08-31,14.125021,14.625,13.99998,14.25,1036500,0.567791
1984-08-30,13.99998,14.125021,13.875,14.125021,459900,0.562812
1984-08-29,13.624979,14.125021,13.37502,13.875,2498800,0.55285
1984-08-28,13.624979,13.624979,13.37502,13.624979,1409600,0.542887
1984-08-27,13.37502,13.37502,13.00002,13.37502,2393400,0.532928
1984-08-24,13.125,13.37502,13.00002,13.37502,361600,0.532928
1984-08-23,13.249979,13.249979,12.75,13.00002,1342600,0.517986
1984-08-22,13.37502,13.624979,13.00002,13.00002,1537700,0.517986
1984-08-21,12.62502,13.249979,12.375,13.249979,3377300,0.527946
1984-08-20,13.00002,13.00002,12.62502,12.62502,316100,0.503044
1984-08-17,13.249979,13.37502,13.125,13.249979,175100,0.527946
1984-08-16,13.50,13.50,13.249979,13.50,328900,0.537908
1984-08-15,13.99998,13.99998,13.50,13.624979,875600,0.542887
1984-08-14,14.125021,14.25,13.99998,13.99998,240600,0.557829
1984-08-13,14.125021,14.374979,13.99998,14.25,267700,0.567791
1984-08-10,14.625,15.00,14.374979,14.500021,878500,0.577753
1984-08-09,13.99998,14.374979,13.624979,14.374979,518300,0.572771
1984-08-08,14.374979,14.500021,14.125021,14.125021,314700,0.562812
1984-08-07,13.99998,14.25,13.99998,14.25,770300,0.567791
1984-08-06,14.374979,14.875021,13.99998,14.25,855700,0.567791
1984-08-03,13.750021,14.500021,13.750021,14.25,2434700,0.567791
1984-08-02,12.375,13.750021,12.375,13.750021,915500,0.54787
1984-08-01,11.500019,12.375,11.500019,12.375,1436600,0.493082
1984-07-31,11.37498,11.500019,11.25,11.500019,216400,0.458218
1984-07-30,11.87502,11.87502,11.37498,11.37498,813000,0.453236
1984-07-27,11.37498,12.00,11.37498,11.74998,1601800,0.468178
1984-07-26,11.625,11.625,10.99998,11.37498,2992800,0.453236
1984-07-25,10.99998,11.500019,10.99998,11.500019,645000,0.458218
1984-07-24,11.500019,11.625,10.99998,10.99998,2084400,0.438294
1984-07-23,11.625,11.74998,11.500019,11.625,246300,0.463198
1984-07-20,11.74998,11.87502,11.500019,11.87502,185100,0.47316
1984-07-19,11.74998,11.87502,11.625,11.74998,488400,0.468178
1984-07-18,12.12498,12.12498,11.625,11.74998,367300,0.468178
1984-07-17,12.375,12.375,12.00,12.00,720400,0.47814
1984-07-16,12.49998,12.49998,12.250021,12.375,230700,0.493082
1984-07-13,12.375,12.62502,12.375,12.375,827200,0.493082
1984-07-12,12.375,12.375,12.250021,12.250021,155200,0.488102
1984-07-11,12.49998,12.62502,12.250021,12.250021,410100,0.488102
1984-07-10,12.62502,12.62502,12.49998,12.62502,373000,0.503044
1984-07-09,12.75,12.75,12.49998,12.62502,239200,0.503044
1984-07-06,12.49998,12.874979,12.49998,12.62502,316100,0.503044
1984-07-05,12.49998,12.62502,12.375,12.49998,479800,0.498062
1984-07-03,12.49998,12.49998,12.375,12.49998,1038000,0.498062
1984-07-02,12.874979,12.874979,12.49998,12.49998,112500,0.498062
1984-06-29,12.75,13.624979,12.75,13.00002,1892200,0.517986
1984-06-28,12.00,12.75,12.00,12.75,1522000,0.508024
1984-06-27,12.00,12.12498,11.87502,12.00,1888000,0.47814
1984-06-26,12.375,12.375,12.00,12.00,707600,0.47814
1984-06-25,12.49998,12.49998,12.250021,12.49998,1234400,0.498062
1984-06-22,12.00,12.75,12.00,12.49998,1039400,0.498062
1984-06-21,12.250021,12.49998,12.250021,12.250021,310400,0.488102
1984-06-20,11.625,12.250021,11.625,12.250021,981000,0.488102
1984-06-19,12.00,12.12498,11.74998,11.74998,421400,0.468178
1984-06-18,11.37498,11.74998,11.25,11.74998,1154700,0.468178
1984-06-15,12.12498,12.250021,11.25,11.25,223500,0.448256
1984-06-14,12.62502,12.62502,12.250021,12.250021,159500,0.488102
1984-06-13,12.375,12.49998,12.250021,12.49998,212100,0.498062
1984-06-12,12.375,12.49998,12.375,12.375,99700,0.493082
1984-06-11,12.375,12.49998,12.250021,12.375,99700,0.493082
1984-06-08,12.250021,12.375,12.00,12.375,307500,0.493082
1984-06-07,12.49998,12.49998,12.12498,12.375,343100,0.493082
1984-06-06,12.375,12.49998,12.375,12.49998,384400,0.498062
1984-06-05,12.49998,12.49998,12.375,12.49998,341700,0.498062
1984-06-04,12.375,12.62502,12.250021,12.62502,505400,0.503044
1984-06-01,12.00,12.49998,12.00,12.375,283300,0.493082
1984-05-31,12.00,12.00,11.87502,12.00,146700,0.47814
1984-05-30,12.375,12.375,11.87502,12.00,494100,0.47814
1984-05-29,12.49998,12.62502,12.375,12.375,197900,0.493082
1984-05-25,13.00002,13.125,12.62502,12.62502,133800,0.503044
1984-05-24,13.37502,13.37502,12.874979,13.00002,471300,0.517986
1984-05-23,13.37502,13.50,13.249979,13.37502,135300,0.532928
1984-05-22,13.249979,13.50,13.00002,13.37502,388700,0.532928
1984-05-21,13.99998,13.99998,13.50,13.624979,160900,0.542887
1984-05-18,14.125021,14.125021,13.750021,14.125021,686300,0.562812
1984-05-17,14.374979,14.374979,13.99998,13.99998,284800,0.557829
1984-05-16,14.625,14.625,14.25,14.25,751800,0.567791
1984-05-15,14.500021,14.500021,14.500021,14.500021,89700,0.577753
1984-05-14,14.374979,14.625,14.374979,14.500021,385800,0.577753
1984-05-11,14.374979,14.625,14.25,14.625,264800,0.582733
1984-05-10,14.625,14.625,14.374979,14.374979,92500,0.572771
1984-05-09,14.625,14.749979,14.625,14.625,467000,0.582733
1984-05-08,14.749979,14.749979,14.625,14.749979,69800,0.587713
1984-05-07,15.62502,15.62502,14.875021,15.00,911200,0.597675
1984-05-04,15.750001,15.87498,15.750001,15.750001,442800,0.627559
1984-05-03,15.750001,16.00002,15.62502,15.87498,1331300,0.632539
1984-05-02,14.749979,15.750001,14.500021,15.750001,808700,0.627559
1984-05-01,14.374979,14.749979,14.374979,14.749979,223500,0.587713
1984-04-30,14.500021,14.625,14.25,14.25,95400,0.567791
1984-04-27,14.125021,14.374979,13.99998,14.374979,135300,0.572771
1984-04-26,14.125021,14.25,14.125021,14.125021,139500,0.562812
1984-04-25,14.125021,14.374979,14.125021,14.25,408600,0.567791
1984-04-24,14.25,14.25,13.99998,14.125021,206500,0.562812
1984-04-23,14.500021,14.625,14.500021,14.500021,78300,0.577753
1984-04-19,14.500021,14.625,14.500021,14.625,94000,0.582733
1984-04-18,14.749979,14.749979,14.625,14.625,162300,0.582733
1984-04-17,14.749979,14.875021,14.749979,14.749979,136700,0.587713
1984-04-16,14.625,14.875021,14.500021,14.875021,111100,0.592695
1984-04-13,14.875021,14.875021,14.625,14.625,170900,0.582733
1984-04-12,14.749979,14.875021,14.625,14.875021,108200,0.592695
1984-04-11,14.749979,14.875021,14.625,14.749979,485500,0.587713
1984-04-10,14.625,14.749979,14.500021,14.749979,116800,0.587713
1984-04-09,14.625,14.749979,14.625,14.625,75500,0.582733
1984-04-06,14.749979,14.875021,14.374979,14.749979,256300,0.587713
1984-04-05,14.875021,15.00,14.625,15.00,273400,0.597675
1984-04-04,15.00,15.00,14.875021,15.00,2027500,0.597675
1984-04-03,15.00,15.124979,14.749979,15.00,142400,0.597675
1984-04-02,14.749979,15.124979,14.749979,15.00,247700,0.597675
1984-03-30,15.00,15.00,14.749979,14.749979,89700,0.587713
1984-03-29,15.375,15.375,15.124979,15.124979,781700,0.602655
1984-03-28,14.749979,15.00,14.625,15.00,647800,0.597675
1984-03-27,14.625,14.749979,14.500021,14.625,166600,0.582733
1984-03-26,14.749979,14.875021,14.625,14.625,88300,0.582733
1984-03-23,14.374979,14.625,13.99998,14.625,212100,0.582733
1984-03-22,14.875021,14.875021,14.374979,14.374979,135300,0.572771
1984-03-21,14.25,15.00,14.25,14.875021,608000,0.592695
1984-03-20,13.750021,14.25,13.750021,14.125021,778800,0.562812
1984-03-19,13.624979,13.750021,13.50,13.750021,220700,0.54787
1984-03-16,13.624979,13.875,13.624979,13.750021,637900,0.54787
1984-03-15,13.875,13.99998,13.50,13.624979,998100,0.542887
1984-03-14,13.99998,13.99998,13.875,13.99998,128100,0.557829
1984-03-13,13.750021,13.99998,13.624979,13.99998,623600,0.557829
1984-03-12,13.50,13.875,13.37502,13.750021,356000,0.54787
1984-03-09,13.37502,13.50,13.249979,13.50,210700,0.537908
1984-03-08,13.875,13.875,13.50,13.50,437100,0.537908
1984-03-07,14.749979,14.749979,13.750021,13.875,709100,0.55285
1984-03-06,14.875021,14.875021,14.749979,14.749979,94000,0.587713
1984-03-05,15.375,15.375,14.875021,14.875021,200800,0.592695
1984-03-02,15.250021,15.375,15.250021,15.375,99700,0.612617
1984-03-01,15.250021,15.375,15.124979,15.375,99700,0.612617
1984-02-29,15.375,15.375,15.00,15.375,294700,0.612617
1984-02-28,15.499979,15.750001,15.375,15.375,175100,0.612617
1984-02-27,15.87498,15.87498,15.375,15.499979,543900,0.617597
1984-02-24,15.375,16.37502,15.375,15.87498,1509200,0.632539
1984-02-23,15.124979,15.250021,15.00,15.124979,462700,0.602655
1984-02-22,15.250021,15.250021,15.00,15.250021,660600,0.607637
1984-02-21,15.87498,15.87498,15.250021,15.499979,589500,0.617597
1984-02-17,16.00002,16.125001,16.00002,16.125001,79700,0.642501
1984-02-16,15.87498,16.125001,15.87498,16.00002,1261500,0.637521
1984-02-15,15.750001,16.125001,15.750001,16.00002,1045100,0.637521
1984-02-14,16.24998,16.24998,14.875021,15.62502,1359700,0.622579
1984-02-13,16.62498,16.62498,16.37502,16.37502,165200,0.652463
1984-02-10,16.75002,16.75002,16.499999,16.499999,281900,0.657443
1984-02-09,17.374979,17.374979,16.37502,16.499999,2514400,0.657443
1984-02-08,17.875021,18.00,17.374979,17.500021,739000,0.697288
1984-02-07,18.00,18.375,17.875021,17.875021,1832400,0.71223
1984-02-06,18.375,18.499979,18.375,18.375,304700,0.732152
1984-02-03,18.625021,18.75,18.499979,18.499979,270500,0.737132
1984-02-02,18.625021,18.75,18.375,18.625021,111100,0.742114
1984-02-01,18.625021,18.75,18.499979,18.499979,687700,0.737132
1984-01-31,18.250021,18.75,18.250021,18.625021,126700,0.742114
1984-01-30,19.24998,19.24998,18.250021,18.499979,760300,0.737132
1984-01-27,19.874999,19.874999,18.874979,19.125,649300,0.762036
1984-01-26,20.249999,20.249999,19.75002,19.874999,387300,0.79192
1984-01-25,20.37498,20.37498,19.99998,19.99998,267700,0.796899
1984-01-24,20.624999,20.749979,20.37498,20.37498,592300,0.811841
1984-01-23,20.87502,21.124979,20.749979,20.749979,400100,0.826783
1984-01-20,21.00,21.124979,20.749979,21.124979,1929200,0.841725
1984-01-19,20.87502,21.375,20.749979,21.00,657800,0.836745
1984-01-18,21.00,21.124979,20.87502,21.00,321800,0.836745
1984-01-17,21.00,21.124979,20.749979,21.00,417200,0.836745
1984-01-16,20.749979,21.00,20.50002,20.87502,561000,0.831765
1984-01-13,20.749979,20.749979,20.50002,20.50002,226400,0.816824
1984-01-12,21.00,21.00,20.624999,20.749979,440000,0.826783
1984-01-11,20.87502,20.87502,20.249999,20.50002,585200,0.816824
1984-01-10,21.00,21.124979,20.87502,20.87502,1130500,0.831765
1984-01-09,21.00,21.00,20.624999,20.87502,955400,0.831765
1984-01-06,19.99998,20.87502,19.874999,20.87502,949700,0.831765
1984-01-05,20.12502,20.249999,19.874999,19.99998,479800,0.796899
1984-01-04,19.62498,20.37498,19.62498,19.874999,1406700,0.79192
1984-01-03,19.37502,19.75002,19.37502,19.75002,239200,0.78694
1983-12-30,19.37502,19.62498,19.24998,19.37502,230700,0.771998
1983-12-29,19.500001,19.500001,19.24998,19.37502,202200,0.771998
1983-12-28,19.62498,19.75002,19.24998,19.37502,1470800,0.771998
1983-12-27,19.125,19.62498,19.125,19.62498,431400,0.781958
1983-12-23,19.125,19.24998,19.125,19.125,141000,0.762036
1983-12-22,19.37502,19.500001,19.125,19.24998,424300,0.767016
1983-12-21,19.125,19.500001,19.125,19.37502,277600,0.771998
1983-12-20,19.24998,19.500001,19.125,19.37502,515400,0.771998
1983-12-19,19.125,19.62498,19.125,19.24998,274800,0.767016
1983-12-16,19.00002,19.24998,19.00002,19.24998,185100,0.767016
1983-12-15,19.00002,19.00002,18.75,18.874979,579500,0.752074
1983-12-14,19.500001,19.62498,19.125,19.24998,331700,0.767016
1983-12-13,19.37502,19.874999,19.37502,19.62498,501200,0.781958
1983-12-12,19.24998,19.37502,19.125,19.37502,121000,0.771998
1983-12-09,19.24998,19.37502,19.00002,19.00002,180800,0.757056
1983-12-08,19.874999,19.874999,19.37502,19.37502,249200,0.771998
1983-12-07,19.62498,19.874999,19.62498,19.874999,512600,0.79192
1983-12-06,18.625021,19.874999,18.499979,19.500001,2535800,0.776978
1983-12-05,19.00002,19.00002,18.625021,18.625021,428600,0.742114
1983-12-02,19.125,19.37502,18.874979,19.00002,138100,0.757056
1983-12-01,18.874979,19.37502,18.75,19.37502,266300,0.771998
1983-11-30,19.125,19.24998,19.00002,19.00002,561000,0.757056
1983-11-29,19.00002,19.00002,18.874979,18.874979,206500,0.752074
1983-11-28,19.500001,19.500001,18.874979,19.125,528200,0.762036
1983-11-25,19.00002,19.75002,19.00002,19.62498,761700,0.781958
1983-11-23,19.00002,19.00002,18.75,19.00002,630700,0.757056
1983-11-22,18.499979,19.24998,18.00,18.00,1119100,0.71721
1983-11-21,18.00,18.75,18.00,18.375,582300,0.732152
1983-11-18,17.374979,18.00,17.374979,18.00,588000,0.71721
1983-11-17,17.12502,17.374979,16.99998,17.374979,158000,0.692306
1983-11-16,16.99998,17.500021,16.75002,17.25,568100,0.687326
1983-11-15,16.99998,17.12502,16.75002,16.99998,92500,0.677364
1983-11-14,17.374979,17.374979,16.99998,16.99998,207900,0.677364
1983-11-11,16.499999,17.500021,16.499999,17.374979,6066800,0.692306
1983-11-10,16.37502,16.62498,16.37502,16.499999,777400,0.657443
1983-11-09,16.499999,16.75002,16.37502,16.37502,131000,0.652463
1983-11-08,16.499999,16.75002,16.24998,16.24998,172300,0.647481
1983-11-07,16.874999,16.874999,16.499999,16.499999,150900,0.657443
1983-11-04,17.25,17.25,16.75002,16.75002,3118100,0.667405
1983-11-03,16.37502,17.374979,16.24998,17.25,411500,0.687326
1983-11-02,16.99998,16.99998,16.00002,16.499999,731800,0.657443
1983-11-01,16.99998,16.99998,16.62498,16.874999,243500,0.672385
1983-10-31,17.25,17.25,16.62498,16.99998,196500,0.677364
1983-10-28,17.500021,17.875021,17.374979,17.374979,249200,0.692306
1983-10-27,17.374979,17.749979,17.374979,17.749979,156600,0.707248
1983-10-26,17.500021,17.749979,17.374979,17.374979,172300,0.692306
1983-10-25,17.875021,17.875021,17.500021,17.500021,65500,0.697288
1983-10-24,18.00,18.00,17.749979,17.749979,387300,0.707248
1983-10-21,18.250021,18.375,18.00,18.124979,158000,0.72219
1983-10-20,17.625,18.499979,17.625,18.250021,697700,0.727172
1983-10-19,18.250021,18.250021,17.625,17.625,229200,0.702268
1983-10-18,18.75,18.75,18.375,18.375,650700,0.732152
1983-10-17,18.874979,18.874979,18.625021,18.625021,237800,0.742114
1983-10-14,18.250021,18.499979,18.00,18.499979,575200,0.737132
1983-10-13,18.124979,18.250021,18.00,18.124979,317500,0.72219
1983-10-12,18.124979,18.250021,18.00,18.124979,169400,0.72219
1983-10-11,18.250021,18.375,18.124979,18.124979,768900,0.72219
1983-10-10,18.124979,18.625021,18.124979,18.375,205000,0.732152
1983-10-07,18.250021,18.499979,18.00,18.00,374500,0.71721
1983-10-06,17.875021,18.250021,17.625,18.00,800200,0.71721
1983-10-05,17.12502,17.625,16.874999,17.625,165200,0.702268
1983-10-04,17.25,17.374979,16.75002,16.874999,109600,0.672385
1983-10-03,17.749979,17.749979,16.99998,16.99998,179400,0.677364
1983-09-30,18.00,18.00,17.625,17.625,506900,0.702268
1983-09-29,17.875021,18.00,17.500021,17.749979,330300,0.707248
1983-09-28,17.12502,18.250021,16.99998,18.00,378700,0.71721
1983-09-27,16.62498,17.25,16.499999,17.25,291900,0.687326
1983-09-26,17.12502,17.12502,16.499999,16.874999,414300,0.672385
1983-09-23,17.25,17.25,16.874999,16.874999,219300,0.672385
1983-09-22,16.75002,16.874999,16.37502,16.874999,190800,0.672385
1983-09-21,16.99998,17.25,16.874999,16.874999,435700,0.672385
1983-09-20,17.25,17.625,17.25,17.25,504000,0.687326
1983-09-19,17.374979,17.500021,17.25,17.25,186500,0.687326
1983-09-16,17.374979,17.625,17.25,17.374979,259100,0.692306
1983-09-15,17.500021,17.749979,17.374979,17.500021,222100,0.697288
1983-09-14,17.374979,17.749979,17.374979,17.749979,650700,0.707248
1983-09-13,17.25,18.00,17.25,17.374979,273400,0.692306
1983-09-12,18.00,18.124979,17.374979,17.500021,609400,0.697288
1983-09-09,17.749979,17.875021,17.374979,17.625,172300,0.702268
1983-09-08,17.625,17.875021,17.500021,17.875021,101100,0.71223
1983-09-07,18.00,18.00,17.625,17.625,546700,0.702268
1983-09-06,17.500021,18.250021,17.500021,17.749979,1002400,0.707248
1983-09-02,17.25,17.374979,17.25,17.374979,186500,0.692306
1983-09-01,16.874999,17.749979,16.75002,17.374979,701900,0.692306
1983-08-31,16.499999,16.874999,16.37502,16.874999,203600,0.672385
1983-08-30,16.499999,16.75002,16.125001,16.499999,356000,0.657443
1983-08-29,17.12502,17.12502,16.62498,16.75002,126700,0.667405
1983-08-26,16.499999,17.374979,16.37502,17.374979,293300,0.692306
1983-08-25,17.374979,17.374979,16.125001,16.62498,640700,0.662422
1983-08-24,16.24998,17.749979,15.499979,17.25,2866100,0.687326
1983-08-23,17.25,17.374979,16.37502,16.874999,1564800,0.672385
1983-08-22,17.25,17.625,17.12502,17.374979,4463600,0.692306
1983-08-19,16.99998,17.374979,16.99998,17.12502,101100,0.682347
1983-08-18,17.25,17.500021,16.874999,16.99998,605100,0.677364
1983-08-17,17.500021,17.500021,17.25,17.25,334600,0.687326
1983-08-16,17.500021,17.625,17.12502,17.25,225000,0.687326
1983-08-15,17.500021,17.875021,17.500021,17.625,277600,0.702268
1983-08-12,17.625,17.625,17.500021,17.500021,326100,0.697288
1983-08-11,18.00,18.124979,17.875021,17.875021,321800,0.71223
1983-08-10,17.749979,18.00,17.625,18.00,193600,0.71721
1983-08-09,17.625,17.749979,17.12502,17.749979,340300,0.707248
1983-08-08,17.25,17.374979,16.99998,17.25,324600,0.687326
1983-08-05,17.25,17.500021,17.25,17.25,377300,0.687326
1983-08-04,18.250021,18.375,17.12502,17.25,447100,0.687326
1983-08-03,17.625,18.250021,17.625,18.00,736100,0.71721
1983-08-02,17.749979,17.749979,17.500021,17.625,828700,0.702268
1983-08-01,18.00,18.00,17.500021,17.500021,237800,0.697288
1983-07-29,18.499979,18.625021,18.00,18.250021,448500,0.727172
1983-07-28,18.75,18.75,18.499979,18.499979,310400,0.737132
1983-07-27,18.874979,19.24998,18.75,18.75,1523500,0.747094
1983-07-26,19.500001,19.500001,18.874979,19.00002,1092100,0.757056
1983-07-25,19.125,19.500001,18.75,19.24998,229200,0.767016
1983-07-22,19.437479,19.75002,19.125,19.37502,740400,0.771998
1983-07-21,19.00002,19.75002,19.00002,19.500001,543900,0.776978
1983-07-20,18.75,19.00002,18.75,19.00002,716200,0.757056
1983-07-19,18.375,18.499979,18.124979,18.499979,291900,0.737132
1983-07-18,18.499979,18.499979,18.00,18.00,539600,0.71721
1983-07-15,19.24998,19.24998,18.75,18.75,172300,0.747094
1983-07-14,19.24998,19.37502,19.125,19.125,196500,0.762036
1983-07-13,19.125,19.24998,19.00002,19.24998,175100,0.767016
1983-07-12,19.500001,19.500001,19.37502,19.37502,830100,0.771998
1983-07-11,19.874999,19.99998,19.125,19.24998,2393400,0.767016
1983-07-08,19.75002,19.874999,19.62498,19.62498,304700,0.781958
1983-07-07,19.75002,19.99998,19.62498,19.62498,518300,0.781958
1983-07-06,19.500001,19.75002,19.37502,19.75002,767400,0.78694
1983-07-05,19.62498,19.99998,18.874979,19.500001,2844800,0.776978
1983-07-01,19.75002,19.99998,19.75002,19.99998,123900,0.796899
1983-06-30,19.75002,19.99998,19.62498,19.75002,153800,0.78694
1983-06-29,19.500001,19.874999,19.500001,19.874999,383000,0.79192
1983-06-28,20.249999,20.37498,19.500001,19.500001,616500,0.776978
1983-06-27,20.50002,20.50002,20.12502,20.249999,637900,0.806861
1983-06-24,21.00,21.00,20.249999,20.249999,2421900,0.806861
1983-06-23,20.749979,21.250021,20.624999,21.00,2483100,0.836745
1983-06-22,20.50002,21.00,19.99998,20.624999,1722800,0.821803
1983-06-21,19.75002,20.12502,19.75002,19.99998,418600,0.796899
1983-06-20,19.75002,20.249999,19.62498,19.874999,2265300,0.79192
1983-06-17,19.62498,19.75002,19.37502,19.62498,995200,0.781958
1983-06-16,19.62498,19.75002,19.500001,19.62498,694800,0.781958
1983-06-15,19.75002,19.75002,19.37502,19.500001,1112000,0.776978
1983-06-14,19.75002,19.75002,19.500001,19.75002,417200,0.78694
1983-06-13,19.75002,19.75002,19.37502,19.62498,242000,0.781958
1983-06-10,19.500001,19.75002,19.500001,19.62498,367300,0.781958
1983-06-09,19.500001,19.62498,19.500001,19.500001,346000,0.776978
1983-06-08,19.62498,19.75002,19.37502,19.62498,2622600,0.781958
1983-06-07,19.99998,20.249999,19.75002,19.874999,2773600,0.79192
1983-06-06,18.625021,19.62498,18.625021,19.62498,5931600,0.781958
1983-06-03,16.99998,18.625021,16.99998,18.499979,2162800,0.737132
1983-06-02,16.99998,17.12502,16.874999,16.99998,364500,0.677364
1983-06-01,16.99998,17.12502,16.37502,16.99998,270500,0.677364
1983-05-31,17.25,17.500021,16.99998,17.12502,509700,0.682347
1983-05-27,17.625,17.749979,17.25,17.25,620800,0.687326
1983-05-26,17.749979,17.875021,17.500021,17.625,1247200,0.702268
1983-05-25,18.00,18.00,17.625,17.749979,568100,0.707248
1983-05-24,18.00,18.00,17.749979,18.00,704800,0.71721
1983-05-23,17.749979,18.00,17.500021,17.875021,756000,0.71223
1983-05-20,18.00,18.124979,17.749979,18.00,158000,0.71721
1983-05-19,18.625021,18.625021,18.00,18.00,542500,0.71721
1983-05-18,18.625021,18.75,18.250021,18.499979,367300,0.737132
1983-05-17,18.499979,18.75,18.250021,18.375,240600,0.732152
1983-05-16,18.499979,18.75,18.499979,18.625021,491200,0.742114
1983-05-13,19.00002,19.37502,18.75,18.75,704800,0.747094
1983-05-12,19.24998,19.37502,18.625021,18.75,595100,0.747094
1983-05-11,19.874999,19.874999,19.125,19.500001,582300,0.776978
1983-05-10,19.24998,19.75002,19.24998,19.75002,5307900,0.78694
1983-05-09,18.75,19.37502,18.625021,19.24998,1302800,0.767016
1983-05-06,17.875021,18.375,17.749979,18.375,1194600,0.732152
1983-05-05,17.749979,17.875021,17.500021,17.749979,710500,0.707248
1983-05-04,17.374979,17.625,16.99998,17.500021,1315600,0.697288
1983-05-03,16.62498,17.12502,16.62498,16.75002,613700,0.667405
1983-05-02,16.99998,17.25,16.62498,16.874999,595100,0.672385
1983-04-29,17.25,17.374979,16.99998,17.12502,879900,0.682347
1983-04-28,17.374979,17.749979,16.874999,17.374979,1131900,0.692306
1983-04-27,18.250021,18.625021,17.749979,17.875021,360200,0.71223
1983-04-26,18.124979,18.499979,17.749979,18.499979,321800,0.737132
1983-04-25,17.875021,18.124979,17.625,18.00,451300,0.71721
1983-04-22,17.749979,18.00,17.625,17.875021,623600,0.71223
1983-04-21,17.875021,18.124979,17.875021,17.875021,461300,0.71223
1983-04-20,18.00,18.124979,17.749979,18.00,448500,0.71721
1983-04-19,18.00,18.250021,17.875021,18.00,1087800,0.71721
1983-04-18,18.499979,18.499979,18.00,18.375,858600,0.732152
1983-04-15,18.250021,18.499979,18.00,18.499979,654900,0.737132
1983-04-14,18.250021,18.375,17.875021,18.250021,632200,0.727172
1983-04-13,17.625,18.250021,17.374979,18.250021,2238200,0.727172
1983-04-12,18.250021,18.250021,17.500021,17.749979,807300,0.707248
1983-04-11,19.00002,19.00002,17.875021,18.250021,1879400,0.727172
1983-04-08,19.24998,19.24998,18.75,19.00002,401500,0.757056
1983-04-07,19.500001,19.500001,19.125,19.24998,2400500,0.767016
1983-04-06,19.500001,19.500001,19.24998,19.37502,337400,0.771998
1983-04-05,19.62498,19.75002,19.500001,19.500001,246300,0.776978
1983-04-04,19.75002,19.874999,19.62498,19.75002,199300,0.78694
1983-03-31,19.99998,19.99998,19.874999,19.99998,333200,0.796899
1983-03-30,19.874999,19.874999,19.62498,19.75002,347400,0.78694
1983-03-29,19.874999,19.874999,19.62498,19.874999,247700,0.79192
1983-03-28,19.75002,19.874999,19.62498,19.874999,447100,0.79192
1983-03-25,19.99998,19.99998,19.62498,19.75002,475500,0.78694
1983-03-24,19.99998,19.99998,19.874999,19.99998,916900,0.796899
1983-03-23,19.62498,19.99998,19.500001,19.874999,417200,0.79192
1983-03-22,19.37502,19.500001,19.125,19.500001,563800,0.776978
1983-03-21,19.62498,19.75002,19.500001,19.62498,405800,0.781958
1983-03-18,19.62498,19.75002,19.500001,19.75002,844300,0.78694
1983-03-17,19.75002,19.874999,19.500001,19.874999,383000,0.79192
1983-03-16,19.75002,19.99998,19.500001,19.874999,1087800,0.79192
1983-03-15,19.874999,20.12502,19.62498,20.12502,647800,0.801882
1983-03-14,20.37498,20.624999,19.99998,19.99998,422900,0.796899
1983-03-11,20.749979,20.87502,20.50002,20.749979,478400,0.826783
1983-03-10,21.124979,21.499979,20.749979,20.87502,257700,0.831765
1983-03-09,21.00,21.375,20.50002,21.375,535300,0.851687
1983-03-08,21.375,21.75,21.00,21.124979,899800,0.841725
1983-03-07,21.625021,21.75,21.375,21.625021,420000,0.861649
1983-03-04,21.75,22.000021,21.499979,21.874979,605100,0.871609
1983-03-03,22.125,22.249979,21.874979,22.000021,488400,0.876591
1983-03-02,21.75,21.874979,21.499979,21.75,475500,0.866629
1983-03-01,22.000021,22.249979,21.75,21.874979,667800,0.871609
1983-02-28,22.125,22.375021,21.874979,22.125,430000,0.881571
1983-02-25,22.75002,22.99998,22.375021,22.375021,1126200,0.891533
1983-02-24,22.50,22.875,22.000021,22.875,2104400,0.911455
1983-02-23,21.124979,21.499979,20.624999,21.499979,596600,0.856667
1983-02-22,21.00,21.375,20.50002,20.749979,837200,0.826783
1983-02-18,21.375,21.625021,21.124979,21.375,645000,0.851687
1983-02-17,21.250021,21.625021,20.749979,21.499979,971000,0.856667
1983-02-16,21.874979,22.50,21.250021,21.499979,1178900,0.856667
1983-02-15,22.624979,22.875,22.249979,22.249979,1008100,0.886551
1983-02-14,22.50,22.875,22.125,22.75002,1556200,0.906475
1983-02-11,22.249979,22.50,22.000021,22.125,1156100,0.881571
1983-02-10,21.625021,22.249979,20.87502,22.249979,2263800,0.886551
1983-02-09,20.87502,21.00,20.624999,21.00,1166100,0.836745
1983-02-08,20.749979,21.00,20.37498,20.87502,1156100,0.831765
1983-02-07,20.87502,21.00,20.624999,21.00,639300,0.836745
1983-02-04,20.87502,21.124979,20.624999,21.00,1146200,0.836745
1983-02-03,20.624999,21.00,20.249999,20.87502,1032300,0.831765
1983-02-02,20.249999,20.749979,19.75002,19.874999,2216900,0.79192
1983-02-01,21.124979,21.75,20.50002,20.50002,1913600,0.816824
1983-01-31,20.749979,21.499979,19.874999,21.375,1832400,0.851687
1983-01-28,19.874999,20.249999,19.37502,19.874999,5870300,0.79192
1983-01-27,18.00,18.75,17.25,18.75,2376300,0.747094
1983-01-26,17.500021,17.875021,17.12502,17.25,1974800,0.687326
1983-01-25,17.25,17.749979,16.75002,17.12502,3407200,0.682347
1983-01-24,16.62498,16.99998,16.24998,16.62498,889900,0.662422
1983-01-21,17.12502,17.500021,16.75002,16.874999,495500,0.672385
1983-01-20,18.124979,18.375,17.749979,17.749979,358800,0.707248
1983-01-19,18.375,18.75,18.00,18.250021,2950100,0.727172
1983-01-18,17.749979,18.124979,17.374979,18.00,596600,0.71721
1983-01-17,17.500021,17.749979,17.25,17.500021,652100,0.697288
1983-01-14,17.25,17.500021,16.99998,17.500021,532500,0.697288
1983-01-13,16.99998,17.374979,16.62498,17.25,1628800,0.687326
1983-01-12,17.500021,17.625,17.25,17.374979,673500,0.692306
1983-01-11,17.12502,17.374979,16.75002,16.99998,824400,0.677364
1983-01-10,17.374979,17.749979,16.874999,17.12502,485500,0.682347
1983-01-07,17.875021,18.124979,17.500021,17.500021,504000,0.697288
1983-01-06,18.124979,18.375,17.749979,18.00,905500,0.71721
1983-01-05,18.250021,18.499979,17.875021,18.250021,1261500,0.727172
1983-01-04,18.499979,18.75,18.124979,18.250021,163700,0.727172
1983-01-03,18.874979,19.24998,18.375,18.375,109600,0.732152
1982-12-31,18.874979,19.500001,18.250021,19.125,605100,0.762036
1982-12-30,18.75,19.00002,18.499979,18.499979,210700,0.737132
1982-12-29,18.874979,19.24998,18.375,19.00002,610800,0.757056
1982-12-28,18.874979,19.00002,18.625021,18.625021,222100,0.742114
1982-12-27,18.75,18.874979,18.499979,18.75,244900,0.747094
1982-12-23,18.375,18.499979,18.250021,18.375,195100,0.732152
1982-12-22,18.00,18.375,17.500021,18.124979,1416700,0.72219
1982-12-21,17.374979,17.500021,17.12502,17.500021,230700,0.697288
1982-12-20,17.374979,17.500021,17.12502,17.500021,249200,0.697288
1982-12-17,17.500021,17.625,17.25,17.625,536800,0.702268
1982-12-16,17.500021,17.875021,17.12502,17.500021,904100,0.697288
1982-12-15,18.00,18.375,17.625,17.625,277600,0.702268
1982-12-14,19.125,19.874999,18.250021,18.499979,793100,0.737132
1982-12-13,19.00002,19.24998,18.625021,19.125,465600,0.762036
1982-12-10,19.125,19.37502,18.75,19.125,230700,0.762036
1982-12-09,19.500001,19.874999,19.125,19.37502,731800,0.771998
1982-12-08,20.624999,21.00,20.12502,20.12502,509700,0.801882
1982-12-07,20.249999,20.749979,19.62498,20.12502,1523500,0.801882
1982-12-06,19.37502,19.75002,19.00002,19.62498,440000,0.781958
1982-12-03,19.37502,19.62498,19.00002,19.00002,682000,0.757056
1982-12-02,19.00002,19.62498,18.250021,19.500001,961100,0.776978
1982-12-01,18.874979,19.500001,18.124979,18.75,978200,0.747094
1982-11-30,17.625,18.250021,16.874999,18.250021,556700,0.727172
1982-11-29,17.25,17.749979,16.62498,16.99998,223500,0.677364
1982-11-26,17.749979,17.749979,17.625,17.625,136700,0.702268
1982-11-24,17.875021,18.00,17.749979,17.875021,197900,0.71223
1982-11-23,18.00,18.250021,17.749979,17.875021,219300,0.71223
1982-11-22,18.375,18.874979,17.749979,17.749979,508300,0.707248
1982-11-19,18.625021,19.00002,18.250021,18.499979,488400,0.737132
1982-11-18,18.499979,18.874979,18.124979,18.625021,625000,0.742114
1982-11-17,17.749979,18.00,17.500021,18.00,447100,0.71721
1982-11-16,18.124979,18.375,17.749979,17.749979,1045100,0.707248
1982-11-15,18.499979,18.75,18.250021,18.250021,619400,0.727172
1982-11-12,19.500001,19.75002,19.125,19.125,482700,0.762036
1982-11-11,18.874979,19.500001,18.250021,19.500001,623600,0.776978
1982-11-10,19.37502,19.874999,18.75,18.75,852900,0.747094
1982-11-09,19.24998,19.874999,18.625021,19.62498,1506400,0.781958
1982-11-08,18.00,18.75,17.25,18.75,1809600,0.747094
1982-11-05,17.374979,17.500021,17.12502,17.500021,885600,0.697288
1982-11-04,17.500021,17.749979,17.12502,17.12502,879900,0.682347
1982-11-03,17.500021,17.749979,17.25,17.500021,729000,0.697288
1982-11-02,17.12502,17.500021,16.75002,17.12502,659200,0.682347
1982-11-01,17.12502,17.374979,16.874999,17.25,180800,0.687326
1982-10-29,17.12502,17.12502,16.99998,17.12502,105400,0.682347
1982-10-28,17.25,17.374979,16.99998,16.99998,209300,0.677364
1982-10-27,16.874999,16.99998,16.62498,16.99998,334600,0.677364
1982-10-26,16.499999,16.75002,16.125001,16.499999,696200,0.657443
1982-10-25,16.75002,16.874999,16.499999,16.499999,697700,0.657443
1982-10-22,17.25,17.500021,16.99998,16.99998,949700,0.677364
1982-10-21,17.25,17.500021,16.99998,16.99998,477000,0.677364
1982-10-20,16.99998,17.12502,16.75002,17.12502,975300,0.682347
1982-10-19,16.99998,17.25,16.62498,16.874999,723300,0.672385
1982-10-18,16.37502,16.75002,16.00002,16.75002,616500,0.667405
1982-10-15,16.125001,16.24998,15.87498,16.125001,133800,0.642501
1982-10-14,16.24998,16.499999,15.87498,16.00002,533900,0.637521
1982-10-13,16.125001,16.499999,15.750001,16.37502,697700,0.652463
1982-10-12,16.00002,16.24998,15.750001,15.87498,911200,0.632539
1982-10-11,16.125001,16.37502,15.750001,16.00002,442800,0.637521
1982-10-08,15.62502,16.00002,15.250021,16.00002,434300,0.637521
1982-10-07,16.00002,16.37502,15.62502,15.750001,983800,0.627559
1982-10-06,15.375,15.62502,15.00,15.62502,394400,0.622579
1982-10-05,15.124979,15.124979,15.00,15.00,428600,0.597675
1982-10-04,15.00,15.124979,14.875021,15.00,205000,0.597675
1982-10-01,15.124979,15.250021,14.875021,15.00,103900,0.597675
1982-09-30,14.749979,15.124979,14.25,15.124979,492600,0.602655
1982-09-29,15.375,15.750001,15.00,15.00,223500,0.597675
1982-09-28,16.00002,16.125001,15.750001,15.750001,599400,0.627559
1982-09-27,15.87498,16.125001,15.499979,15.750001,159500,0.627559
1982-09-24,16.00002,16.125001,15.87498,16.125001,790200,0.642501
1982-09-23,15.87498,16.125001,15.62502,15.87498,626500,0.632539
1982-09-22,15.87498,16.125001,15.62502,15.62502,388700,0.622579
1982-09-21,16.125001,16.24998,15.87498,16.125001,701900,0.642501
1982-09-20,15.87498,16.00002,15.62502,15.87498,747500,0.632539
1982-09-17,15.87498,16.00002,15.62502,15.87498,427100,0.632539
1982-09-16,15.750001,16.00002,15.375,16.00002,569500,0.637521
1982-09-15,15.375,15.499979,15.124979,15.499979,203600,0.617597
1982-09-14,15.250021,15.375,15.00,15.250021,337400,0.607637
1982-09-13,14.875021,15.00,14.625,14.875021,150900,0.592695
1982-09-10,14.875021,15.00,14.625,14.875021,195100,0.592695
1982-09-09,15.124979,15.375,14.875021,15.00,596600,0.597675
1982-09-08,14.875021,15.00,14.749979,14.875021,536800,0.592695
1982-09-07,15.00,15.124979,14.749979,14.875021,361600,0.592695
1982-09-03,15.00,15.499979,14.500021,15.00,1549100,0.597675
1982-09-02,13.750021,14.25,13.249979,14.25,347400,0.567791
1982-09-01,13.750021,13.99998,13.50,13.50,266300,0.537908
1982-08-31,13.875,14.125021,13.50,13.50,145200,0.537908
1982-08-30,13.99998,14.125021,13.750021,13.875,273400,0.55285
1982-08-27,13.624979,13.750021,13.50,13.750021,232100,0.54787
1982-08-26,13.624979,13.750021,13.37502,13.37502,1341200,0.532928
1982-08-25,13.249979,13.50,13.00002,13.50,458500,0.537908
1982-08-24,13.750021,14.25,13.125,13.249979,627900,0.527946
1982-08-23,14.125021,14.374979,13.750021,14.25,438500,0.567791
1982-08-20,13.50,13.99998,12.874979,13.99998,716200,0.557829
1982-08-19,13.00002,13.249979,12.62502,12.75,348800,0.508024
1982-08-18,12.874979,13.249979,12.49998,12.75,657800,0.508024
1982-08-17,12.00,12.12498,11.87502,12.12498,163700,0.48312
1982-08-16,11.87502,11.87502,11.74998,11.74998,96800,0.468178
1982-08-13,11.74998,11.74998,11.625,11.625,71200,0.463198
1982-08-12,11.87502,12.00,11.74998,11.74998,102500,0.468178
1982-08-11,11.74998,11.74998,11.625,11.74998,109600,0.468178
1982-08-10,11.625,11.74998,11.500019,11.500019,163700,0.458218
1982-08-09,11.87502,12.12498,11.625,11.625,585200,0.463198
1982-08-06,12.375,12.49998,12.250021,12.375,58400,0.493082
1982-08-05,12.62502,12.62502,12.49998,12.62502,85400,0.503044
1982-08-04,12.75,12.874979,12.62502,12.62502,216400,0.503044
1982-08-03,13.00002,13.125,12.75,12.75,264800,0.508024
1982-08-02,13.249979,13.37502,13.00002,13.00002,400100,0.517986
1982-07-30,13.37502,13.37502,13.249979,13.249979,89700,0.527946
1982-07-29,13.125,13.249979,13.00002,13.125,142400,0.522966
1982-07-28,13.125,13.249979,13.00002,13.00002,296200,0.517986
1982-07-27,13.37502,13.624979,13.00002,13.249979,683400,0.527946
1982-07-26,12.874979,13.00002,12.75,13.00002,84000,0.517986
1982-07-23,12.874979,13.00002,12.62502,12.75,234900,0.508024
1982-07-22,13.00002,13.00002,12.874979,13.00002,338900,0.517986
1982-07-21,13.125,13.249979,13.00002,13.00002,381600,0.517986
1982-07-20,12.874979,12.874979,12.75,12.75,47000,0.508024
1982-07-19,12.874979,13.00002,12.75,12.874979,1374000,0.513004
1982-07-16,12.62502,12.75,12.49998,12.75,66900,0.508024
1982-07-15,12.874979,13.00002,12.62502,12.62502,121000,0.503044
1982-07-14,13.125,13.125,12.75,12.874979,172300,0.513004
1982-07-13,12.874979,13.249979,12.75,13.125,341700,0.522966
1982-07-12,13.00002,13.125,12.75,12.874979,172300,0.513004
1982-07-09,12.250021,12.49998,11.87502,12.250021,148100,0.488102
1982-07-08,12.00,12.12498,11.87502,11.87502,472700,0.47316
1982-07-07,11.87502,11.87502,11.87502,11.87502,37000,0.47316
1982-07-06,12.00,12.12498,11.87502,12.00,98200,0.47814
1982-07-02,12.12498,12.12498,12.00,12.12498,47000,0.48312
1982-07-01,12.12498,12.250021,12.00,12.00,115300,0.47814
1982-06-30,12.250021,12.375,12.12498,12.250021,249200,0.488102
1982-06-29,12.375,12.49998,12.12498,12.12498,65500,0.48312
1982-06-28,12.00,12.12498,11.74998,12.12498,324600,0.48312
1982-06-25,11.74998,11.74998,11.625,11.74998,170900,0.468178
1982-06-24,12.00,12.12498,11.74998,11.74998,270500,0.468178
1982-06-23,11.87502,12.12498,11.625,12.12498,598000,0.48312
1982-06-22,11.500019,11.625,11.37498,11.625,213600,0.463198
1982-06-21,11.500019,11.625,11.25,11.37498,508300,0.453236
1982-06-18,11.500019,11.625,11.37498,11.500019,659200,0.458218
1982-06-17,11.87502,11.87502,11.74998,11.74998,75500,0.468178
1982-06-16,12.00,12.00,11.87502,11.87502,247700,0.47316
1982-06-15,12.00,12.12498,11.74998,12.00,160900,0.47814
1982-06-14,12.49998,12.62502,12.375,12.375,111100,0.493082
1982-06-11,12.375,12.62502,12.00,12.49998,424300,0.498062
1982-06-10,11.87502,11.87502,11.74998,11.87502,635000,0.47316
1982-06-09,11.87502,11.87502,11.74998,11.74998,163700,0.468178
1982-06-08,11.87502,12.00,11.74998,11.74998,1075000,0.468178
1982-06-07,12.12498,12.250021,11.87502,12.00,330300,0.47814
1982-06-04,12.00,12.00,11.87502,12.00,1005200,0.47814
1982-06-03,12.00,12.250021,12.00,12.250021,1416700,0.488102
1982-06-02,12.12498,12.250021,12.00,12.250021,538200,0.488102
1982-06-01,12.00,12.00,11.87502,12.00,150900,0.47814
1982-05-28,12.12498,12.12498,12.00,12.00,47000,0.47814
1982-05-27,11.87502,11.87502,11.87502,11.87502,102500,0.47316
1982-05-26,12.00,12.12498,11.87502,12.00,155200,0.47814
1982-05-25,12.12498,12.12498,12.00,12.00,69800,0.47814
1982-05-24,12.00,12.12498,11.87502,12.00,277600,0.47814
1982-05-21,12.00,12.00,11.87502,11.87502,132400,0.47316
1982-05-20,12.00,12.12498,11.87502,11.87502,398700,0.47316
1982-05-19,12.375,12.49998,12.12498,12.375,780200,0.493082
1982-05-18,12.375,12.49998,12.250021,12.49998,79700,0.498062
1982-05-17,12.62502,12.874979,12.250021,12.250021,254900,0.488102
1982-05-14,12.874979,12.874979,12.75,12.75,150900,0.508024
1982-05-13,13.125,13.249979,12.874979,12.874979,169400,0.513004
1982-05-12,13.249979,13.50,13.00002,13.249979,519700,0.527946
1982-05-11,13.249979,13.50,12.874979,13.249979,617900,0.527946
1982-05-10,12.874979,12.874979,12.75,12.75,88300,0.508024
1982-05-07,12.75,12.874979,12.49998,12.75,459900,0.508024
1982-05-06,12.375,12.62502,12.00,12.49998,526800,0.498062
1982-05-05,12.00,12.12498,11.87502,12.00,313200,0.47814
1982-05-04,12.250021,12.375,12.12498,12.12498,300400,0.48312
1982-05-03,12.250021,12.375,12.12498,12.375,85400,0.493082
1982-04-30,12.250021,12.250021,12.12498,12.250021,68300,0.488102
1982-04-29,12.12498,12.250021,12.00,12.12498,336000,0.48312
1982-04-28,12.12498,12.250021,12.00,12.250021,84000,0.488102
1982-04-27,12.00,12.12498,11.87502,12.00,317500,0.47814
1982-04-26,11.625,12.00,11.125019,12.00,402900,0.47814
1982-04-23,11.37498,11.500019,11.125019,11.25,741800,0.448256
1982-04-22,11.37498,11.500019,11.25,11.25,477000,0.448256
1982-04-21,11.500019,11.87502,11.125019,11.500019,4578900,0.458218
1982-04-20,12.12498,12.250021,12.00,12.00,862800,0.47814
1982-04-19,12.375,12.49998,12.250021,12.375,113900,0.493082
1982-04-16,12.375,12.49998,12.250021,12.49998,196500,0.498062
1982-04-15,12.375,12.62502,12.12498,12.375,1761200,0.493082
1982-04-14,12.75,13.00002,12.49998,12.75,122400,0.508024
1982-04-13,13.00002,13.00002,12.874979,13.00002,133800,0.517986
1982-04-12,13.00002,13.00002,12.874979,13.00002,901300,0.517986
1982-04-08,12.874979,13.00002,12.75,12.874979,132400,0.513004
1982-04-07,13.00002,13.125,12.874979,12.874979,200800,0.513004
1982-04-06,13.00002,13.00002,12.874979,13.00002,244900,0.517986
1982-04-05,13.00002,13.125,12.874979,13.00002,207900,0.517986
1982-04-02,13.125,13.249979,13.00002,13.00002,240600,0.517986
1982-04-01,12.874979,13.00002,12.75,12.874979,103900,0.513004
1982-03-31,13.00002,13.249979,12.75,12.75,72600,0.508024
1982-03-30,13.00002,13.125,12.75,13.00002,243500,0.517986
1982-03-29,13.00002,13.125,12.874979,13.125,240600,0.522966
1982-03-26,13.125,13.249979,13.00002,13.249979,326100,0.527946
1982-03-25,13.249979,13.37502,13.00002,13.249979,356000,0.527946
1982-03-24,13.249979,13.37502,13.00002,13.00002,445600,0.517986
1982-03-23,13.249979,13.37502,13.125,13.37502,232100,0.532928
1982-03-22,12.874979,13.249979,12.49998,13.249979,481200,0.527946
1982-03-19,12.75,12.874979,12.62502,12.62502,75500,0.503044
1982-03-18,12.874979,13.00002,12.62502,12.62502,374500,0.503044
1982-03-17,12.49998,12.62502,12.375,12.49998,166600,0.498062
1982-03-16,12.375,12.49998,12.12498,12.49998,225000,0.498062
1982-03-15,12.12498,12.250021,12.00,12.12498,123900,0.48312
1982-03-12,12.49998,12.874979,12.00,12.12498,608000,0.48312
1982-03-11,13.00002,13.125,12.874979,12.874979,148100,0.513004
1982-03-10,13.00002,13.125,12.874979,12.874979,247700,0.513004
1982-03-09,13.00002,13.125,12.75,12.874979,276200,0.513004
1982-03-08,13.50,13.750021,13.125,13.125,169400,0.522966
1982-03-05,13.50,13.750021,13.249979,13.750021,212100,0.54787
1982-03-04,13.624979,13.750021,13.50,13.750021,142400,0.54787
1982-03-03,13.875,13.99998,13.750021,13.750021,37000,0.54787
1982-03-02,14.25,14.25,14.125021,14.125021,109600,0.562812
1982-03-01,13.99998,14.125021,13.875,14.125021,129600,0.562812
1982-02-26,13.99998,14.125021,13.875,13.99998,58400,0.557829
1982-02-25,14.125021,14.500021,13.624979,14.125021,425700,0.562812
1982-02-24,13.750021,13.875,13.624979,13.875,178000,0.55285
1982-02-23,13.875,13.99998,13.750021,13.750021,160900,0.54787
1982-02-22,14.25,14.374979,14.125021,14.25,133800,0.567791
1982-02-19,14.125021,14.374979,13.875,13.99998,351700,0.557829
1982-02-18,13.750021,13.99998,13.50,13.99998,286200,0.557829
1982-02-17,13.50,13.750021,13.125,13.50,253400,0.537908
1982-02-16,13.00002,13.249979,12.75,13.249979,299000,0.527946
1982-02-12,13.125,13.249979,13.00002,13.125,165200,0.522966
1982-02-11,13.249979,13.249979,13.125,13.125,112500,0.522966
1982-02-10,13.37502,13.50,13.125,13.249979,626500,0.527946
1982-02-09,13.37502,13.624979,13.125,13.125,341700,0.522966
1982-02-08,13.750021,14.125021,13.249979,13.50,168000,0.537908
1982-02-05,14.125021,14.25,13.875,14.125021,263400,0.562812
1982-02-04,14.125021,14.25,13.875,13.99998,242000,0.557829
1982-02-03,14.25,14.374979,14.125021,14.25,259100,0.567791
1982-02-02,14.374979,14.500021,14.25,14.25,289000,0.567791
1982-02-01,14.749979,15.00,14.500021,14.500021,197900,0.577753
1982-01-29,15.250021,15.375,15.00,15.00,794500,0.597675
1982-01-28,14.875021,15.375,14.374979,15.375,672000,0.612617
1982-01-27,14.25,14.374979,14.125021,14.25,237800,0.567791
1982-01-26,14.25,14.374979,14.125021,14.25,179400,0.567791
1982-01-25,14.25,14.500021,13.99998,14.125021,216400,0.562812
1982-01-22,14.875021,15.124979,14.625,14.749979,1304200,0.587713
1982-01-21,15.250021,15.499979,14.875021,15.00,573800,0.597675
1982-01-20,14.749979,15.124979,14.374979,15.00,716200,0.597675
1982-01-19,14.625,14.749979,14.374979,14.374979,318900,0.572771
1982-01-18,14.500021,14.749979,14.25,14.749979,257700,0.587713
1982-01-15,14.625,14.875021,14.374979,14.625,179400,0.582733
1982-01-14,14.374979,14.749979,13.875,14.625,299000,0.582733
1982-01-13,13.750021,13.875,13.624979,13.624979,176600,0.542887
1982-01-12,13.624979,13.750021,13.50,13.624979,310400,0.542887
1982-01-11,14.25,14.625,13.875,13.875,585200,0.55285
1982-01-08,13.99998,14.500021,13.50,14.500021,2044600,0.577753
1982-01-07,13.50,13.750021,13.249979,13.50,438500,0.537908
1982-01-06,13.125,13.249979,13.00002,13.125,375900,0.522966
1982-01-05,13.125,13.249979,12.874979,12.874979,296200,0.513004
1982-01-04,13.125,13.249979,13.00002,13.125,145200,0.522966
1981-12-31,12.9375,13.125,12.75,13.125,505400,0.522966
