Date,Open,High,Low,Close,Volume,Adj Close
2016-10-21,6.42,6.46,6.28,6.35,4800,6.35
2016-10-20,6.29,6.43,6.25,6.39,31000,6.39
2016-10-19,6.30,6.33,6.25,6.28,30100,6.28
2016-10-18,6.26,6.41,6.26,6.32,18700,6.32
2016-10-17,6.17,6.22,6.17,6.21,15000,6.21
2016-10-14,6.23,6.23,6.17,6.19,5100,6.19
2016-10-13,6.17,6.29,6.17,6.20,9200,6.20
2016-10-12,6.17,6.30,6.17,6.22,15000,6.22
2016-10-11,6.20,6.28,6.16,6.28,15700,6.28
2016-10-10,6.39,6.39,6.22,6.27,44000,6.27
2016-10-07,6.33,6.53,6.22,6.39,47200,6.39
2016-10-06,6.31,6.39,6.06,6.37,113200,6.37
2016-10-05,6.93,7.09,6.86,6.92,31400,6.92
2016-10-04,6.72,6.88,6.72,6.82,5000,6.82
2016-10-03,6.73,6.91,6.73,6.90,3800,6.90
2016-09-30,6.95,6.95,6.71,6.78,2800,6.78
2016-09-29,6.80,6.84,6.70,6.77,7500,6.77
2016-09-28,6.79,6.89,6.73,6.86,13100,6.86
2016-09-27,6.97,6.97,6.67,6.80,10300,6.80
2016-09-26,6.89,6.90,6.76,6.81,8700,6.81
2016-09-23,6.57,6.86,6.54,6.86,13800,6.86
2016-09-22,7.03,7.03,6.76,6.78,3400,6.78
2016-09-21,6.80,6.92,6.80,6.88,4900,6.88
2016-09-20,6.80,6.88,6.80,6.81,5900,6.81
2016-09-19,6.70,6.90,6.67,6.84,5100,6.84
2016-09-16,6.68,6.76,6.56,6.67,23500,6.67
2016-09-15,6.89,6.89,6.57,6.72,10000,6.72
2016-09-14,6.80,6.88,6.65,6.73,22400,6.73
2016-09-13,6.88,6.96,6.81,6.83,12300,6.83
2016-09-12,6.96,7.00,6.82,6.88,22500,6.88
2016-09-09,6.89,6.96,6.81,6.92,12700,6.92
2016-09-08,6.95,7.06,6.80,6.96,18700,6.96
2016-09-07,6.92,7.04,6.92,6.96,18600,6.96
2016-09-06,7.05,7.07,6.94,6.95,8900,6.95
2016-09-02,7.06,7.07,6.97,7.05,14300,7.05
2016-09-01,7.24,7.24,6.97,7.04,3700,7.04
2016-08-31,7.19,7.20,6.95,7.05,18300,7.05
2016-08-30,6.83,7.07,6.83,7.05,28800,7.05
2016-08-29,6.85,7.06,6.81,7.03,34700,7.03
2016-08-26,6.94,7.02,6.82,6.90,10700,6.90
2016-08-25,6.85,6.94,6.80,6.88,11900,6.88
2016-08-24,6.87,6.96,6.80,6.88,20800,6.88
2016-08-23,6.61,6.91,6.61,6.85,21700,6.85
2016-08-22,6.61,6.62,6.56,6.59,12900,6.59
2016-08-19,6.46,6.67,6.46,6.62,21700,6.62
2016-08-18,6.47,6.50,6.33,6.46,18500,6.46
2016-08-17,6.42,6.47,6.29,6.46,18700,6.46
2016-08-16,6.33,6.48,6.26,6.48,16100,6.48
2016-08-15,6.27,6.37,6.25,6.36,7300,6.36
2016-08-12,6.14,6.30,6.14,6.29,8100,6.29
2016-08-11,6.16,6.30,6.14,6.23,17100,6.23
2016-08-10,6.25,6.25,6.11,6.19,3900,6.19
2016-08-09,6.16,6.23,6.14,6.23,23500,6.23
2016-08-08,6.20,6.24,6.09,6.13,11500,6.13
2016-08-05,6.15,6.19,6.12,6.18,9000,6.18
2016-08-04,6.13,6.19,6.08,6.12,3000,6.12
2016-08-03,6.20,6.24,6.01,6.16,25200,6.10
2016-08-02,6.31,6.47,6.17,6.17,7700,6.109903
2016-08-01,6.33,6.39,6.17,6.35,20000,6.288149
2016-07-29,6.14,6.30,6.09,6.29,44300,6.228734
2016-07-28,6.00,6.14,5.98,6.14,37000,6.080195
2016-07-27,6.01,6.06,5.96,6.03,7700,5.971267
2016-07-26,6.00,6.07,5.96,5.99,30800,5.931656
2016-07-25,5.88,5.99,5.88,5.97,43100,5.911851
2016-07-22,5.97,6.00,5.88,5.95,15800,5.892045
2016-07-21,6.00,6.13,5.90,5.97,103400,5.911851
2016-07-20,5.73,5.82,5.68,5.80,39900,5.743507
2016-07-19,5.38,5.71,5.38,5.70,60900,5.64448
2016-07-18,5.38,5.38,5.32,5.36,5100,5.307792
2016-07-15,5.34,5.37,5.26,5.37,2400,5.317695
2016-07-14,5.28,5.38,5.27,5.31,8700,5.258279
2016-07-13,5.25,5.28,5.21,5.28,44300,5.228572
2016-07-12,5.28,5.28,5.23,5.24,11700,5.188961
2016-07-11,5.34,5.35,5.24,5.26,8900,5.208767
2016-07-08,5.21,5.35,5.21,5.34,43700,5.287987
2016-07-07,5.19,5.22,5.16,5.21,9500,5.159253
2016-07-06,5.15,5.27,5.14,5.22,54500,5.169156
2016-07-05,5.21,5.26,5.16,5.17,15800,5.119643
2016-07-01,5.30,5.30,5.22,5.25,5300,5.198864
2016-06-30,5.16,5.30,5.16,5.27,19000,5.218669
2016-06-29,5.24,5.25,5.10,5.19,31300,5.139448
2016-06-28,5.25,5.27,5.21,5.24,12200,5.188961
2016-06-27,5.25,5.25,5.18,5.23,36100,5.179059
2016-06-24,5.26,5.33,5.25,5.29,63000,5.238474
2016-06-23,5.33,5.35,5.32,5.32,4800,5.268182
2016-06-22,5.33,5.40,5.33,5.34,21200,5.287987
2016-06-21,5.30,5.33,5.30,5.32,7600,5.268182
2016-06-20,5.33,5.33,5.30,5.32,14700,5.268182
2016-06-17,5.27,5.32,5.26,5.32,8400,5.268182
2016-06-16,5.28,5.30,5.25,5.25,6200,5.198864
2016-06-15,5.26,5.28,5.23,5.25,15300,5.198864
2016-06-14,5.32,5.35,5.25,5.28,3700,5.228572
2016-06-13,5.31,5.35,5.25,5.31,3100,5.258279
2016-06-10,5.33,5.48,5.25,5.29,6300,5.238474
2016-06-09,5.28,5.45,5.25,5.40,17900,5.347403
2016-06-08,5.26,5.32,5.19,5.32,39900,5.268182
2016-06-07,5.25,5.27,5.21,5.23,18000,5.179059
2016-06-06,5.22,5.28,5.16,5.23,15700,5.179059
2016-06-03,5.22,5.22,5.16,5.22,11000,5.169156
2016-06-02,5.22,5.22,5.19,5.19,3900,5.139448
2016-06-01,5.17,5.22,5.17,5.22,4100,5.169156
2016-05-31,5.20,5.22,5.14,5.20,2600,5.149351
2016-05-27,5.17,5.22,5.17,5.19,3500,5.139448
2016-05-26,5.13,5.23,5.13,5.22,3400,5.169156
2016-05-25,5.23,5.24,5.20,5.23,2200,5.179059
2016-05-24,5.24,5.26,5.18,5.23,17700,5.179059
2016-05-23,5.23,5.23,5.16,5.21,3700,5.159253
2016-05-20,5.24,5.24,5.16,5.19,4600,5.139448
2016-05-19,5.15,5.21,5.12,5.16,9100,5.10974
2016-05-18,5.18,5.23,5.11,5.15,10400,5.099838
2016-05-17,5.14,5.16,5.11,5.12,3300,5.07013
2016-05-16,5.16,5.22,5.13,5.18,15000,5.129545
2016-05-13,5.22,5.22,5.11,5.14,24300,5.089935
2016-05-12,5.25,5.30,5.22,5.24,19200,5.188961
2016-05-11,5.25,5.32,5.14,5.25,16900,5.198864
2016-05-10,5.20,5.26,5.20,5.26,14400,5.208767
2016-05-09,5.16,5.28,5.10,5.23,21700,5.179059
2016-05-06,5.18,5.18,5.09,5.16,14200,5.10974
2016-05-05,5.17,5.25,5.14,5.16,22700,5.050325
2016-05-04,5.29,5.29,5.17,5.18,47400,5.069899
2016-05-03,5.23,5.27,5.20,5.27,22600,5.157987
2016-05-02,5.22,5.29,5.18,5.19,26800,5.079687
2016-04-29,5.27,5.30,5.19,5.20,67600,5.089474
2016-04-28,5.22,5.29,5.18,5.25,27600,5.138412
2016-04-27,5.19,5.32,5.18,5.23,3900,5.118837
2016-04-26,5.26,5.32,5.18,5.23,22800,5.118837
2016-04-25,5.31,5.53,5.24,5.25,8500,5.138412
2016-04-22,5.27,5.47,5.26,5.28,10200,5.167774
2016-04-21,5.35,5.38,5.24,5.27,11400,5.157987
2016-04-20,5.33,5.43,5.21,5.33,110500,5.216711
2016-04-19,5.56,5.59,5.28,5.33,34400,5.216711
2016-04-18,5.39,5.41,5.29,5.31,45000,5.197136
2016-04-15,5.37,5.42,5.28,5.33,82900,5.216711
2016-04-14,5.27,5.40,5.21,5.35,77300,5.236286
2016-04-13,5.24,5.28,5.20,5.24,6200,5.128624
2016-04-12,5.17,5.23,5.17,5.20,12600,5.089474
2016-04-11,5.14,5.19,5.14,5.18,13400,5.069899
2016-04-08,5.25,5.25,5.11,5.14,10900,5.03075
2016-04-07,5.28,5.28,5.10,5.23,60300,5.118837
2016-04-06,5.10,5.61,5.10,5.32,42800,5.206924
2016-04-05,5.19,5.36,5.10,5.13,16500,5.020962
2016-04-04,5.13,5.18,5.10,5.17,24900,5.060112
2016-04-01,5.18,5.18,5.08,5.09,13800,4.981813
2016-03-31,5.20,5.22,5.16,5.16,12200,5.050325
2016-03-30,5.29,5.30,5.14,5.17,20900,5.060112
2016-03-29,5.10,5.29,5.10,5.24,8700,5.128624
2016-03-28,5.19,5.22,5.14,5.17,16400,5.060112
2016-03-24,5.23,5.26,5.15,5.19,35900,5.079687
2016-03-23,5.30,5.32,5.25,5.26,19700,5.148199
2016-03-22,5.30,5.30,5.25,5.30,6100,5.187349
2016-03-21,5.33,5.40,5.27,5.31,9500,5.197136
2016-03-18,5.24,5.33,5.20,5.33,21200,5.216711
2016-03-17,5.22,5.35,5.21,5.28,34600,5.167774
2016-03-16,5.11,5.22,5.09,5.19,60200,5.079687
2016-03-15,5.19,5.19,5.08,5.11,15400,5.001388
2016-03-14,5.28,5.29,5.20,5.25,3400,5.138412
2016-03-11,5.07,5.30,5.07,5.29,4200,5.177562
2016-03-10,5.22,5.25,5.09,5.22,2000,5.109049
2016-03-09,5.24,5.25,5.12,5.21,15400,5.099262
2016-03-08,5.23,5.29,5.18,5.21,12200,5.099262
2016-03-07,5.24,5.30,5.22,5.24,59900,5.128624
2016-03-04,5.20,5.28,5.19,5.24,61700,5.128624
2016-03-03,5.24,5.36,5.16,5.23,59100,5.118837
2016-03-02,4.97,5.30,4.92,5.24,59000,5.128624
2016-03-01,4.91,4.97,4.90,4.90,14900,4.795851
2016-02-29,4.99,5.08,4.90,4.90,4900,4.795851
2016-02-26,5.02,5.08,4.95,4.95,6200,4.844788
2016-02-25,5.07,5.07,4.97,4.98,13400,4.874151
2016-02-24,5.01,5.06,4.99,5.00,8300,4.893726
2016-02-23,5.02,5.03,4.97,5.00,15800,4.893726
2016-02-22,5.10,5.10,4.99,4.99,23700,4.883938
2016-02-19,5.16,5.19,5.10,5.13,42200,5.020962
2016-02-18,5.08,5.19,5.08,5.17,20800,5.060112
2016-02-17,4.95,5.09,4.89,5.08,32100,4.972025
2016-02-16,4.80,4.95,4.80,4.91,24300,4.805638
2016-02-12,4.72,4.85,4.71,4.75,17700,4.649039
2016-02-11,4.81,4.93,4.71,4.80,40300,4.697977
2016-02-10,4.96,4.97,4.82,4.87,17200,4.766489
2016-02-09,4.91,4.96,4.86,4.95,14300,4.844788
2016-02-08,4.89,4.99,4.81,4.97,48800,4.864363
2016-02-05,5.02,5.08,4.91,4.96,86400,4.854576
2016-02-04,5.05,5.19,5.01,5.02,41700,4.9133
2016-02-03,5.15,5.16,5.03,5.06,35200,4.893725
2016-02-02,5.10,5.16,5.04,5.12,54100,4.951754
2016-02-01,5.18,5.20,5.10,5.12,55600,4.951754
2016-01-29,5.13,5.29,5.13,5.15,29500,4.980768
2016-01-28,5.52,5.52,5.13,5.17,22100,5.000111
2016-01-27,5.28,5.35,5.20,5.26,27100,5.087154
2016-01-26,5.33,5.43,5.24,5.32,15900,5.145182
2016-01-25,5.51,5.51,5.23,5.34,19700,5.164525
2016-01-22,5.30,5.35,5.20,5.35,30100,5.174196
2016-01-21,5.00,5.26,5.00,5.25,16100,5.077482
2016-01-20,5.07,5.20,4.95,5.18,36400,5.009782
2016-01-19,5.16,5.16,5.02,5.10,53900,4.932411
2016-01-15,5.15,5.22,5.06,5.16,19300,4.990439
2016-01-14,5.13,5.22,5.13,5.18,10000,5.009782
2016-01-13,5.32,5.32,5.10,5.10,40900,4.932411
2016-01-12,5.29,5.42,5.26,5.28,32200,5.106496
2016-01-11,5.41,5.43,5.28,5.32,41800,5.145182
2016-01-08,5.59,5.59,5.40,5.45,45200,5.27091
2016-01-07,5.58,5.59,5.39,5.56,51800,5.377295
2016-01-06,5.70,5.72,5.61,5.67,16800,5.483681
2016-01-05,5.71,5.76,5.68,5.69,21700,5.503023
2016-01-04,5.66,5.80,5.63,5.71,11700,5.522366
2015-12-31,5.61,5.72,5.60,5.67,52200,5.483681
2015-12-30,5.50,5.63,5.50,5.56,28800,5.377295
2015-12-29,5.59,5.62,5.51,5.51,26300,5.328938
2015-12-28,5.68,5.70,5.56,5.56,8400,5.377295
2015-12-24,5.74,5.74,5.69,5.70,8300,5.512695
2015-12-23,5.73,5.86,5.69,5.72,23700,5.532037
2015-12-22,5.65,5.73,5.58,5.71,40400,5.522366
2015-12-21,5.42,5.67,5.38,5.63,43800,5.444995
2015-12-18,5.42,5.62,5.41,5.43,73500,5.251567
2015-12-17,5.47,5.48,5.42,5.42,13200,5.241896
2015-12-16,5.37,5.49,5.34,5.44,27000,5.261239
2015-12-15,5.35,5.39,5.28,5.34,38300,5.164525
2015-12-14,5.45,5.50,5.35,5.36,38900,5.183867
2015-12-11,5.36,5.44,5.36,5.40,14500,5.222553
2015-12-10,5.36,5.41,5.30,5.36,42800,5.183867
2015-12-09,5.35,5.42,5.31,5.35,26000,5.174196
2015-12-08,5.35,5.45,5.35,5.38,43800,5.20321
2015-12-07,5.40,5.44,5.33,5.35,45100,5.174196
2015-12-04,5.51,5.51,5.35,5.40,28100,5.222553
2015-12-03,5.56,5.58,5.45,5.49,21400,5.309595
2015-12-02,5.62,5.70,5.56,5.56,17600,5.377295
2015-12-01,5.60,5.73,5.59,5.66,21200,5.474009
2015-11-30,5.69,5.78,5.56,5.63,11300,5.444995
2015-11-27,5.66,5.73,5.59,5.72,39800,5.532037
2015-11-25,5.66,5.76,5.62,5.66,18000,5.474009
2015-11-24,5.57,5.74,5.46,5.63,35900,5.444995
2015-11-23,5.63,5.65,5.47,5.55,409500,5.367624
2015-11-20,5.72,5.77,5.62,5.65,35800,5.464338
2015-11-19,5.70,5.73,5.61,5.69,50200,5.503023
2015-11-18,5.69,5.72,5.64,5.70,24500,5.512695
2015-11-17,5.75,5.79,5.65,5.71,16700,5.522366
2015-11-16,5.63,5.81,5.63,5.72,38800,5.532037
2015-11-13,5.74,5.74,5.64,5.70,14100,5.512695
2015-11-12,5.72,5.77,5.69,5.70,11600,5.512695
2015-11-11,5.66,5.80,5.66,5.70,22900,5.512695
2015-11-10,5.89,5.90,5.59,5.68,21800,5.493352
2015-11-09,5.89,5.90,5.66,5.78,33700,5.590066
2015-11-06,5.91,5.93,5.82,5.84,9300,5.648094
2015-11-05,5.92,5.99,5.89,5.90,19800,5.706123
2015-11-04,5.92,6.00,5.92,5.94,14600,5.744808
2015-11-03,5.88,6.00,5.87,5.94,7600,5.68678
2015-11-02,6.00,6.00,5.88,5.89,22900,5.638911
2015-10-30,6.07,6.12,5.97,6.00,27100,5.744222
2015-10-29,5.99,6.05,5.91,5.98,17000,5.725075
2015-10-28,6.07,6.10,5.96,6.03,50300,5.772943
2015-10-27,6.08,6.11,6.05,6.07,8300,5.811238
2015-10-26,6.11,6.15,6.03,6.03,10800,5.772943
2015-10-23,6.18,6.25,6.11,6.11,8900,5.849533
2015-10-22,6.15,6.23,6.12,6.21,15900,5.94527
2015-10-21,6.28,6.29,6.12,6.12,13900,5.859106
2015-10-20,6.02,6.41,6.02,6.24,43100,5.973991
2015-10-19,5.97,6.08,5.97,5.99,38900,5.734648
2015-10-16,5.90,6.04,5.86,5.95,14200,5.696353
2015-10-15,6.04,6.09,5.87,5.90,16500,5.648485
2015-10-14,6.00,6.07,5.96,6.02,17700,5.763369
2015-10-13,5.96,6.08,5.92,5.97,19500,5.715501
2015-10-12,5.96,6.01,5.82,5.89,51900,5.638911
2015-10-09,6.20,6.20,5.92,5.93,61200,5.677206
2015-10-08,6.50,6.50,6.16,6.22,93400,5.954843
2015-10-07,6.05,6.05,5.99,5.99,33000,5.734648
2015-10-06,5.95,6.08,5.95,6.01,26100,5.753796
2015-10-05,5.91,6.04,5.88,5.98,17200,5.725075
2015-10-02,5.88,5.94,5.87,5.89,27900,5.638911
2015-10-01,5.81,5.95,5.79,5.95,82900,5.696353
2015-09-30,5.94,5.95,5.81,5.90,31500,5.648485
2015-09-29,5.86,6.00,5.84,5.90,41800,5.648485
2015-09-28,5.88,5.93,5.82,5.87,19600,5.619764
2015-09-25,5.96,6.03,5.88,5.92,39500,5.667632
2015-09-24,5.80,6.00,5.80,5.92,52700,5.667632
2015-09-23,6.02,6.03,5.79,5.84,120900,5.591043
2015-09-22,5.95,6.10,5.93,6.03,35300,5.772943
2015-09-21,6.03,6.05,5.96,5.96,7400,5.705927
2015-09-18,6.05,6.10,5.95,6.00,12000,5.744222
2015-09-17,6.08,6.16,6.07,6.09,9000,5.830386
2015-09-16,6.03,6.17,5.99,6.10,32600,5.839959
2015-09-15,5.95,6.10,5.95,6.00,15500,5.744222
2015-09-14,5.89,6.01,5.88,5.92,29400,5.667632
2015-09-11,5.97,6.02,5.94,5.97,52800,5.715501
2015-09-10,6.03,6.04,5.98,5.98,20300,5.725075
2015-09-09,6.08,6.08,5.99,6.01,21000,5.753796
2015-09-08,6.12,6.14,5.99,6.04,33000,5.782517
2015-09-04,5.98,6.12,5.98,6.07,52500,5.811238
2015-09-03,6.00,6.08,6.00,6.00,34500,5.744222
2015-09-02,6.13,6.13,5.98,6.01,58100,5.753796
2015-09-01,6.18,6.35,6.01,6.13,164500,5.86868
2015-08-31,5.99,6.26,5.99,6.22,58700,5.954843
2015-08-28,5.95,6.10,5.95,5.99,70300,5.734648
2015-08-27,5.95,6.01,5.92,5.94,126500,5.68678
2015-08-26,5.83,6.00,5.69,5.96,193900,5.705927
2015-08-25,5.90,5.90,5.71,5.73,163700,5.485732
2015-08-24,5.64,5.95,5.58,5.79,197700,5.543174
2015-08-21,5.67,5.73,5.63,5.71,154700,5.466585
2015-08-20,5.70,5.75,5.64,5.70,161100,5.457011
2015-08-19,5.60,5.75,5.60,5.70,333600,5.457011
2015-08-18,5.50,5.63,5.50,5.63,1039500,5.389995
2015-08-17,5.50,5.56,5.48,5.49,294800,5.255963
2015-08-14,5.54,5.62,5.43,5.50,281000,5.265537
2015-08-13,5.65,5.79,5.45,5.47,3154200,5.236816
2015-08-12,5.73,5.95,5.63,5.65,194800,5.409143
2015-08-11,5.95,6.00,5.65,5.66,124400,5.418716
2015-08-10,5.80,6.00,5.73,5.95,30000,5.696353
2015-08-07,6.00,6.10,5.60,5.75,78000,5.504879
2015-08-06,6.33,6.37,5.82,5.88,151100,5.629338
2015-08-05,6.45,6.45,6.33,6.34,35900,6.069728
2015-08-04,6.51,6.59,6.45,6.45,28100,6.175039
2015-08-03,6.53,6.82,6.53,6.64,15000,6.299497
2015-07-31,6.68,6.80,6.54,6.57,44100,6.233087
2015-07-30,6.68,6.69,6.60,6.60,69000,6.261548
2015-07-29,6.53,6.85,6.53,6.63,110900,6.29001
2015-07-28,6.66,6.66,6.53,6.53,16600,6.195138
2015-07-27,6.33,6.70,6.33,6.66,48100,6.318471
2015-07-24,6.98,6.98,6.53,6.73,90300,6.384881
2015-07-23,7.57,7.60,7.07,7.09,42700,6.726421
2015-07-22,7.69,7.69,7.51,7.59,20900,7.20078
2015-07-21,7.75,7.76,7.70,7.74,10900,7.343088
2015-07-20,7.95,7.95,7.69,7.73,5100,7.333601
2015-07-17,7.85,7.96,7.70,7.93,45300,7.523345
2015-07-16,7.87,7.99,7.72,7.94,46600,7.532832
2015-07-15,8.16,8.16,7.90,7.94,8000,7.532832
2015-07-14,8.05,8.13,8.00,8.02,2600,7.60873
2015-07-13,8.26,8.31,8.01,8.03,4500,7.618216
2015-07-10,8.01,8.17,7.88,8.03,4700,7.618216
2015-07-09,8.26,8.26,7.98,8.02,3500,7.60873
2015-07-08,7.99,8.20,7.64,7.93,44500,7.523345
2015-07-07,8.33,8.50,8.01,8.19,40500,7.770011
2015-07-06,8.08,8.15,7.97,8.14,2000,7.722576
2015-07-02,8.30,8.30,8.05,8.09,16300,7.67514
2015-07-01,8.32,8.35,7.95,8.08,68100,7.665653
2015-06-30,8.37,8.37,7.96,8.08,13800,7.665653
2015-06-29,8.05,8.14,7.91,8.01,2200,7.599242
2015-06-26,8.05,8.45,8.05,8.13,9500,7.713089
2015-06-25,8.49,8.49,7.94,8.10,4800,7.684627
2015-06-24,7.94,8.25,7.81,8.23,17800,7.80796
2015-06-23,8.07,8.40,7.98,8.25,22700,7.826935
2015-06-22,8.11,8.11,7.97,7.97,11300,7.561293
2015-06-19,8.09,8.10,7.92,8.05,15700,7.637191
2015-06-18,8.04,8.04,7.91,7.91,11600,7.50437
2015-06-17,8.19,8.19,8.00,8.02,11400,7.60873
2015-06-16,8.22,8.22,8.01,8.01,2500,7.599242
2015-06-15,8.10,8.12,8.02,8.03,7900,7.618216
2015-06-12,8.12,8.21,8.06,8.09,26500,7.67514
2015-06-11,8.33,8.33,8.27,8.27,600,7.84591
2015-06-10,8.17,8.30,8.15,8.26,9200,7.836422
2015-06-09,8.27,8.34,8.26,8.34,6500,7.91232
2015-06-08,8.21,8.38,8.17,8.38,2500,7.950269
2015-06-05,8.17,8.17,8.10,8.15,12500,7.732063
2015-06-04,8.07,8.26,8.07,8.21,7400,7.788986
2015-06-03,8.21,8.29,8.05,8.16,102400,7.74155
2015-06-02,8.48,8.48,8.28,8.30,33200,7.874371
2015-06-01,8.71,8.71,8.39,8.39,25500,7.959756
2015-05-29,8.52,8.66,8.52,8.66,7000,8.21591
2015-05-28,8.63,8.66,8.54,8.65,11400,8.206422
2015-05-27,8.70,8.70,8.64,8.66,4000,8.21591
2015-05-26,8.61,8.70,8.61,8.68,1400,8.234885
2015-05-22,8.73,8.75,8.68,8.72,16800,8.272833
2015-05-21,8.71,8.76,8.66,8.66,11100,8.21591
2015-05-20,8.73,8.73,8.71,8.71,600,8.263346
2015-05-19,8.72,8.79,8.71,8.71,12800,8.263346
2015-05-18,8.76,8.76,8.71,8.71,2200,8.263346
2015-05-15,8.76,8.76,8.74,8.75,6200,8.301295
2015-05-14,8.72,8.76,8.72,8.75,3000,8.301295
2015-05-13,8.80,8.80,8.67,8.67,8000,8.225397
2015-05-12,8.85,8.88,8.77,8.88,1800,8.424628
2015-05-11,8.86,8.87,8.78,8.87,800,8.415141
2015-05-08,8.88,8.88,8.84,8.84,400,8.386679
2015-05-07,8.81,8.81,8.81,8.81,1000,8.358218
2015-05-06,8.75,8.75,8.75,8.75,200,8.301295
2015-05-05,8.85,8.85,8.75,8.79,1700,8.339243
2015-05-04,8.98,8.98,8.87,8.89,2100,8.377193
2015-05-01,8.92,8.97,8.81,8.87,2500,8.358346
2015-04-30,8.90,8.90,8.83,8.89,1900,8.377193
2015-04-29,8.90,8.91,8.82,8.89,4700,8.377193
2015-04-28,8.88,8.90,8.81,8.90,9400,8.386615
2015-04-27,8.87,9.03,8.81,8.85,16900,8.3395
2015-04-24,8.84,8.86,8.67,8.84,7600,8.330077
2015-04-23,8.86,8.86,8.70,8.81,9900,8.301807
2015-04-22,8.74,8.86,8.74,8.86,1700,8.348923
2015-04-21,8.69,8.80,8.68,8.78,7100,8.273537
2015-04-20,8.75,8.75,8.62,8.70,6900,8.198152
2015-04-17,8.76,8.85,8.76,8.77,6900,8.264115
2015-04-16,8.78,8.84,8.75,8.76,7500,8.254691
2015-04-15,8.89,9.10,8.79,8.80,35500,8.292384
2015-04-14,9.02,9.05,8.92,8.92,12100,8.405462
2015-04-13,8.96,9.02,8.91,9.02,13200,8.499694
2015-04-10,9.05,9.08,8.96,8.96,4900,8.443155
2015-04-09,8.89,9.23,8.89,9.00,14600,8.480847
2015-04-08,8.88,9.04,8.68,8.99,10100,8.471424
2015-04-07,8.89,9.08,8.80,8.90,9500,8.386615
2015-04-06,9.25,9.27,8.79,8.79,14500,8.282961
2015-04-02,9.00,9.02,8.77,9.00,29400,8.480847
2015-04-01,8.98,9.01,8.76,8.89,93400,8.377193
2015-03-31,9.04,9.13,8.85,8.98,77400,8.462
2015-03-30,9.00,9.25,9.00,9.13,5400,8.603348
2015-03-27,9.00,9.12,8.96,8.99,2100,8.471424
2015-03-26,8.93,9.02,8.91,8.99,22000,8.471424
2015-03-25,8.87,8.97,8.86,8.94,16400,8.424308
2015-03-24,8.91,8.98,8.79,8.82,23700,8.31123
2015-03-23,9.03,9.03,8.79,8.92,21700,8.405462
2015-03-20,9.11,9.11,8.89,9.01,17300,8.490271
2015-03-19,9.06,9.11,8.88,9.02,76200,8.499694
2015-03-18,9.15,9.16,9.06,9.09,11800,8.565656
2015-03-17,9.03,9.11,9.03,9.08,1700,8.556232
2015-03-16,9.21,9.24,9.09,9.10,6500,8.575079
2015-03-13,9.04,9.13,9.04,9.13,7900,8.603348
2015-03-12,9.14,9.14,9.04,9.13,8300,8.603348
2015-03-11,9.10,9.15,9.10,9.12,6500,8.593925
2015-03-10,9.06,9.10,9.06,9.09,12000,8.565656
2015-03-09,9.06,9.14,9.05,9.07,7400,8.546809
2015-03-06,9.17,9.17,9.05,9.06,8600,8.537387
2015-03-05,9.12,9.20,9.12,9.18,1600,8.650464
2015-03-04,9.32,9.32,9.11,9.14,5100,8.612772
2015-03-03,9.22,9.34,9.02,9.15,39000,8.622194
2015-03-02,9.18,9.24,9.14,9.17,6400,8.641041
2015-02-27,9.18,9.19,9.06,9.14,22900,8.612772
2015-02-26,9.20,9.25,9.10,9.25,9700,8.716426
2015-02-25,9.13,9.20,9.10,9.19,7200,8.659887
2015-02-24,9.13,9.25,9.13,9.17,4200,8.641041
2015-02-23,9.29,9.29,9.12,9.16,11400,8.631618
2015-02-20,9.26,9.34,9.26,9.31,3000,8.772966
2015-02-19,9.26,9.33,9.19,9.32,7800,8.782388
2015-02-18,9.20,9.35,9.19,9.35,3200,8.810658
2015-02-17,9.18,9.27,9.11,9.27,5800,8.735273
2015-02-13,9.20,9.22,9.15,9.21,6300,8.678734
2015-02-12,9.14,9.25,9.14,9.25,2700,8.716426
2015-02-11,9.14,9.23,9.13,9.15,2100,8.622194
2015-02-10,9.12,9.15,9.06,9.10,16700,8.575079
2015-02-09,9.18,9.20,9.07,9.19,22200,8.659887
2015-02-06,9.07,9.25,9.03,9.18,6600,8.650464
2015-02-05,9.24,9.26,9.11,9.11,15100,8.584502
2015-02-04,9.25,9.33,9.24,9.27,5900,8.735273
2015-02-03,9.35,9.45,9.21,9.28,20800,8.688157
2015-02-02,9.28,9.46,9.28,9.37,12800,8.772417
2015-01-30,9.29,9.40,9.25,9.37,12300,8.772417
2015-01-29,9.18,9.33,9.15,9.24,18300,8.650708
2015-01-28,9.57,9.58,9.13,9.22,39100,8.631984
2015-01-27,9.54,9.64,9.50,9.54,12600,8.931575
2015-01-26,9.60,9.73,9.57,9.64,17700,9.025198
2015-01-23,9.68,9.74,9.60,9.60,13300,8.987749
2015-01-22,9.65,9.75,9.64,9.70,12800,9.081371
2015-01-21,9.64,9.77,9.63,9.63,29000,9.015835
2015-01-20,9.67,9.75,9.59,9.66,24300,9.043922
2015-01-16,9.58,9.76,9.58,9.72,11000,9.100096
2015-01-15,9.65,9.75,9.59,9.65,16300,9.034559
2015-01-14,9.56,9.75,9.56,9.67,15200,9.053284
2015-01-13,9.74,9.75,9.46,9.58,31700,8.969024
2015-01-12,9.63,9.76,9.63,9.63,16200,9.015835
2015-01-09,9.73,9.82,9.65,9.69,34200,9.072008
2015-01-08,9.72,9.90,9.64,9.72,75100,9.100096
2015-01-07,9.90,10.00,9.76,9.83,18800,9.20308
2015-01-06,9.93,9.93,9.81,9.81,11000,9.184356
2015-01-05,10.01,10.03,9.91,9.91,22400,9.277978
2015-01-02,9.95,10.07,9.95,10.07,63900,9.427773
2014-12-31,10.06,10.06,9.90,10.00,40400,9.362238
2014-12-30,10.08,10.10,9.99,10.03,4800,9.390325
2014-12-29,10.06,10.10,10.00,10.08,29600,9.437136
2014-12-26,10.00,10.14,9.99,10.10,61300,9.455861
2014-12-24,9.94,10.08,9.94,10.08,6000,9.437136
2014-12-23,10.00,10.03,9.90,9.98,16000,9.343513
2014-12-22,9.97,10.00,9.97,9.99,16500,9.352876
2014-12-19,10.05,10.05,9.93,10.00,15200,9.362238
2014-12-18,9.91,10.10,9.91,10.10,16200,9.455861
2014-12-17,10.10,10.12,10.00,10.04,13600,9.399687
2014-12-16,10.03,10.08,10.01,10.05,15000,9.409049
2014-12-15,9.97,10.07,9.97,9.99,11700,9.352876
2014-12-12,10.02,10.08,9.95,9.95,6100,9.315427
2014-12-11,10.12,10.12,10.03,10.06,5700,9.418412
2014-12-10,10.10,10.12,10.05,10.05,3000,9.409049
2014-12-09,10.08,10.12,10.01,10.09,17300,9.446498
2014-12-08,10.15,10.20,10.12,10.15,13600,9.502671
2014-12-05,10.08,10.16,10.06,10.15,16600,9.502671
2014-12-04,10.12,10.14,10.08,10.09,3300,9.446498
2014-12-03,10.06,10.14,10.06,10.09,10300,9.446498
2014-12-02,10.01,10.09,10.01,10.08,7000,9.437136
2014-12-01,10.10,10.10,10.03,10.03,9000,9.390325
2014-11-28,10.10,10.12,10.05,10.12,1200,9.474585
2014-11-26,9.99,10.10,9.99,10.10,19100,9.455861
2014-11-25,9.92,10.05,9.92,9.94,20100,9.306064
2014-11-24,9.92,10.05,9.83,9.94,17500,9.306064
2014-11-21,10.19,10.19,9.93,10.02,17800,9.380963
2014-11-20,10.05,10.16,10.05,10.14,15700,9.49331
2014-11-19,9.91,10.18,9.83,10.03,10800,9.390325
2014-11-18,10.06,10.09,9.91,9.91,2600,9.277978
2014-11-17,9.97,10.09,9.94,9.96,4000,9.324789
2014-11-14,9.98,10.04,9.91,9.91,13700,9.277978
2014-11-13,9.97,10.03,9.96,9.96,6300,9.324789
2014-11-12,9.97,10.01,9.93,9.94,5400,9.306064
2014-11-11,9.92,10.00,9.90,9.91,15200,9.277978
2014-11-10,9.99,10.05,9.93,9.93,7600,9.296703
2014-11-07,9.91,10.02,9.91,9.95,12300,9.315427
2014-11-06,10.04,10.04,9.91,9.93,8200,9.296703
2014-11-05,10.00,10.09,9.99,10.09,16700,9.446498
2014-11-04,10.04,10.14,10.00,10.02,4000,9.324789
2014-11-03,10.01,10.09,10.00,10.09,21900,9.389932
2014-10-31,10.11,10.12,9.95,10.01,32800,9.315483
2014-10-30,10.08,10.10,9.98,10.10,9000,9.399238
2014-10-29,10.09,10.10,10.01,10.09,4900,9.389932
2014-10-28,10.04,10.10,10.04,10.09,12800,9.389932
2014-10-27,9.98,10.05,9.98,10.02,11500,9.324789
2014-10-24,9.97,10.05,9.97,10.02,6400,9.324789
2014-10-23,10.04,10.05,9.96,9.99,32100,9.29687
2014-10-22,10.02,10.05,9.99,10.00,9000,9.306176
2014-10-21,10.10,10.10,10.00,10.09,28700,9.389932
2014-10-20,10.00,10.10,9.99,10.05,27100,9.352707
2014-10-17,10.04,10.07,9.99,10.01,35100,9.315483
2014-10-16,9.80,10.09,9.80,10.04,31400,9.343401
2014-10-15,9.84,9.99,9.84,9.94,28900,9.250339
2014-10-14,9.73,9.96,9.71,9.96,51000,9.268952
2014-10-13,9.79,9.80,9.70,9.74,22400,9.064216
2014-10-10,9.75,9.89,9.71,9.71,35400,9.036297
2014-10-09,9.73,10.00,9.69,9.75,26600,9.073522
2014-10-08,9.86,9.87,9.65,9.82,43800,9.138665
2014-10-07,9.83,9.95,9.69,9.81,41200,9.129359
2014-10-06,10.06,10.06,9.86,9.89,48300,9.203809
2014-10-03,9.94,10.01,9.89,9.93,38000,9.241033
2014-10-02,9.91,9.98,9.85,9.90,41900,9.213114
2014-10-01,9.99,10.02,9.84,9.89,60600,9.203809
2014-09-30,10.01,10.10,9.98,9.99,18400,9.29687
2014-09-29,10.01,10.09,10.01,10.01,21700,9.315483
2014-09-26,10.01,10.04,10.00,10.01,20500,9.315483
2014-09-25,10.08,10.08,9.99,10.01,14700,9.315483
2014-09-24,10.03,10.20,9.98,10.13,34300,9.427157
2014-09-23,10.00,10.04,9.95,9.95,238100,9.259645
2014-09-22,9.95,10.05,9.95,9.99,33900,9.29687
2014-09-19,9.97,10.06,9.95,10.06,44900,9.362014
2014-09-18,9.99,10.03,9.98,9.98,11400,9.287564
2014-09-17,10.00,10.05,9.97,10.01,66700,9.315483
2014-09-16,10.07,10.07,9.99,10.03,64200,9.334095
2014-09-15,10.02,10.08,10.02,10.05,21300,9.352707
2014-09-12,10.00,10.08,10.00,10.02,22500,9.324789
2014-09-11,10.02,10.08,10.00,10.02,21700,9.324789
2014-09-10,10.00,10.09,10.00,10.04,22500,9.343401
2014-09-09,10.02,10.06,10.01,10.02,34800,9.324789
2014-09-08,10.00,10.07,10.00,10.02,19800,9.324789
2014-09-05,10.09,10.09,10.02,10.04,15100,9.343401
2014-09-04,10.06,10.15,10.02,10.09,12800,9.389932
2014-09-03,10.12,10.12,10.08,10.10,14200,9.399238
2014-09-02,10.23,10.31,10.11,10.13,71400,9.427157
2014-08-29,10.05,10.25,10.04,10.19,20700,9.482993
2014-08-28,10.09,10.09,10.00,10.03,20400,9.334095
2014-08-27,10.07,10.10,10.00,10.08,14800,9.380626
2014-08-26,10.02,10.08,10.02,10.03,13900,9.334095
2014-08-25,10.13,10.15,10.00,10.01,25100,9.315483
2014-08-22,10.09,10.12,10.01,10.04,12500,9.343401
2014-08-21,10.05,10.13,10.00,10.04,12800,9.343401
2014-08-20,10.04,10.15,10.00,10.09,11500,9.389932
2014-08-19,10.03,10.18,10.03,10.07,24600,9.371319
2014-08-18,10.15,10.21,10.11,10.12,12200,9.41785
2014-08-15,10.19,10.24,10.04,10.13,16900,9.427157
2014-08-14,10.21,10.25,10.01,10.16,19500,9.455075
2014-08-13,10.04,10.19,10.04,10.19,13000,9.482993
2014-08-12,10.11,10.29,10.02,10.08,22200,9.380626
2014-08-11,10.15,10.27,10.09,10.19,12500,9.482993
2014-08-08,10.02,10.28,10.00,10.16,28500,9.455075
2014-08-07,10.10,10.18,10.00,10.01,23100,9.315483
2014-08-06,9.97,10.25,9.97,10.11,14400,9.408544
2014-08-05,9.95,10.03,9.95,10.01,82600,9.259646
2014-08-04,9.97,10.06,9.96,10.03,56900,9.278146
2014-08-01,10.06,10.06,9.93,10.03,64100,9.278146
2014-07-31,10.12,10.26,9.97,9.97,53500,9.222644
2014-07-30,10.21,10.38,10.09,10.20,49600,9.435403
2014-07-29,10.59,10.59,10.13,10.17,68100,9.407652
2014-07-28,10.51,10.71,10.43,10.53,50800,9.740666
2014-07-25,10.22,10.62,10.18,10.55,58100,9.759167
2014-07-24,9.99,10.38,9.99,10.32,73200,9.546408
2014-07-23,10.32,10.32,10.01,10.02,58800,9.268897
2014-07-22,10.40,10.40,10.24,10.35,28100,9.574159
2014-07-21,10.31,10.39,10.25,10.39,12300,9.611161
2014-07-18,10.35,10.40,10.17,10.32,32200,9.546408
2014-07-17,10.30,10.41,10.20,10.31,27200,9.537158
2014-07-16,10.30,10.50,10.29,10.31,17500,9.537158
2014-07-15,10.33,10.40,10.28,10.30,24400,9.527907
2014-07-14,10.40,10.40,10.31,10.38,29200,9.60191
2014-07-11,10.36,10.43,10.25,10.33,35400,9.555658
2014-07-10,10.21,10.48,10.15,10.34,43500,9.564909
2014-07-09,10.13,10.40,10.12,10.30,36000,9.527907
2014-07-08,10.40,10.40,10.22,10.27,61500,9.500156
2014-07-07,10.65,10.66,10.45,10.47,44700,9.685164
2014-07-03,10.40,10.81,10.29,10.63,66500,9.83317
2014-07-02,10.46,10.49,10.33,10.39,33800,9.611161
2014-07-01,10.57,10.64,10.45,10.45,83300,9.666663
2014-06-30,9.91,10.55,9.91,10.47,157500,9.685164
2014-06-27,9.98,10.27,9.90,9.96,1711700,9.213394
2014-06-26,10.07,10.22,9.98,9.99,68400,9.241145
2014-06-25,10.10,10.26,10.01,10.04,155300,9.287397
2014-06-24,10.16,10.54,9.96,10.08,259900,9.324398
2014-06-23,9.97,10.01,9.90,9.93,55900,9.185643
2014-06-20,10.10,10.11,9.97,9.98,77800,9.231894
2014-06-19,10.08,10.17,9.99,10.04,34100,9.287397
2014-06-18,10.04,10.15,9.98,10.01,33200,9.259646
2014-06-17,9.95,10.12,9.95,10.00,22300,9.250395
2014-06-16,10.00,10.08,9.99,10.00,28000,9.250395
2014-06-13,10.11,10.21,10.00,10.02,34800,9.268897
2014-06-12,10.03,10.15,10.01,10.06,32600,9.305898
2014-06-11,10.12,10.23,10.06,10.11,19900,9.352149
2014-06-10,10.17,10.22,10.12,10.12,12300,9.3614
2014-06-09,10.13,10.24,10.04,10.15,22400,9.389151
2014-06-06,10.16,10.18,10.06,10.10,16200,9.3429
2014-06-05,10.10,10.17,9.93,10.10,23200,9.3429
2014-06-04,9.92,10.10,9.91,10.04,32700,9.287397
2014-06-03,10.19,10.23,9.90,9.99,106000,9.241145
2014-06-02,10.11,10.14,10.07,10.10,33600,9.3429
2014-05-30,10.33,10.33,10.11,10.18,38700,9.416903
2014-05-29,10.44,10.51,10.21,10.28,22200,9.509406
2014-05-28,10.38,10.45,10.27,10.38,29100,9.60191
2014-05-27,10.36,10.45,10.17,10.43,22200,9.648163
2014-05-23,10.26,10.34,10.06,10.29,79400,9.518657
2014-05-22,10.10,10.24,10.06,10.23,39000,9.463154
2014-05-21,10.26,10.34,10.06,10.07,31200,9.315148
2014-05-20,10.48,10.57,10.08,10.20,44500,9.435403
2014-05-19,10.39,10.48,10.33,10.40,12700,9.620411
2014-05-16,10.28,10.35,10.17,10.35,24100,9.574159
2014-05-15,10.32,10.38,10.29,10.31,29500,9.537158
2014-05-14,10.72,10.80,10.40,10.40,33400,9.620411
2014-05-13,10.85,11.09,10.68,10.69,33800,9.888672
2014-05-12,10.22,10.98,10.22,10.89,132300,10.073681
2014-05-09,10.03,10.24,10.03,10.14,16000,9.379901
2014-05-08,10.07,10.14,10.04,10.09,29900,9.333649
2014-05-07,10.02,10.12,9.90,10.07,40800,9.315148
2014-05-06,10.00,10.14,10.00,10.02,37300,9.213394
2014-05-05,10.00,10.10,10.00,10.01,17800,9.204199
2014-05-02,10.08,10.11,9.99,10.04,31300,9.231783
2014-05-01,10.01,10.16,10.00,10.02,40800,9.213394
2014-04-30,10.06,10.18,10.01,10.02,51000,9.213394
2014-04-29,10.11,10.20,10.05,10.07,18100,9.259368
2014-04-28,10.18,10.18,10.00,10.03,28500,9.222588
2014-04-25,10.30,10.35,10.12,10.16,32200,9.342123
2014-04-24,10.40,10.49,10.25,10.32,19800,9.489243
2014-04-23,10.39,10.47,10.21,10.33,27800,9.498439
2014-04-22,10.48,10.52,10.44,10.48,25400,9.636363
2014-04-21,10.59,10.68,10.38,10.49,23500,9.645558
2014-04-17,10.41,10.92,10.15,10.59,91000,9.737509
2014-04-16,10.31,10.37,10.00,10.11,29300,9.296148
2014-04-15,10.33,10.38,10.01,10.21,30900,9.388099
2014-04-14,10.24,10.47,10.15,10.32,45500,9.489243
2014-04-11,10.28,10.81,10.08,10.12,44400,9.305343
2014-04-10,10.60,10.65,10.38,10.38,47700,9.544414
2014-04-09,10.52,10.89,10.37,10.70,42700,9.838654
2014-04-08,10.50,10.97,10.46,10.56,23200,9.709924
2014-04-07,10.46,10.58,10.25,10.44,34900,9.599583
2014-04-04,10.88,10.88,10.25,10.47,49700,9.627169
2014-04-03,10.80,10.96,10.71,10.83,24500,9.958189
2014-04-02,10.74,10.92,10.74,10.88,24600,10.004164
2014-04-01,10.62,10.89,10.62,10.84,38900,9.967384
2014-03-31,10.79,10.83,10.51,10.76,91700,9.893824
2014-03-28,10.76,10.89,10.73,10.80,14100,9.930604
2014-03-27,10.76,11.12,10.76,10.77,14300,9.903019
2014-03-26,11.22,11.22,10.89,10.94,29600,10.059333
2014-03-25,10.90,11.21,10.90,11.12,18200,10.224844
2014-03-24,10.80,11.40,10.73,11.05,41800,10.160479
2014-03-21,10.75,10.82,10.57,10.66,75100,9.801874
2014-03-20,10.68,10.81,10.56,10.69,19500,9.829458
2014-03-19,10.71,10.91,10.62,10.65,8200,9.792678
2014-03-18,10.76,10.83,10.71,10.81,16600,9.939799
2014-03-17,10.62,10.79,10.62,10.72,43500,9.857044
2014-03-14,10.70,10.89,10.57,10.62,26600,9.765094
2014-03-13,10.86,10.97,10.67,10.73,25300,9.866238
2014-03-12,10.87,10.99,10.85,10.93,19700,10.050139
2014-03-11,11.14,11.14,10.86,10.88,33900,10.004164
2014-03-10,11.16,11.26,11.00,11.15,13900,10.252429
2014-03-07,11.28,11.28,11.06,11.19,7400,10.289209
2014-03-06,11.28,11.28,11.09,11.20,12600,10.298404
2014-03-05,11.09,11.25,11.05,11.22,8300,10.316794
2014-03-04,11.01,11.19,11.00,11.14,39000,10.243234
2014-03-03,11.04,11.09,10.88,10.95,24000,10.068529
2014-02-28,11.04,11.20,10.92,10.99,21000,10.105309
2014-02-27,11.00,11.02,10.92,11.00,11900,10.114504
2014-02-26,11.07,11.11,10.97,11.00,13500,10.114504
2014-02-25,11.03,11.16,11.01,11.02,17900,10.132894
2014-02-24,11.24,11.24,10.96,10.99,22500,10.105309
2014-02-21,11.22,11.24,10.96,11.00,25200,10.114504
2014-02-20,11.31,11.31,11.06,11.16,9100,10.261624
2014-02-19,11.44,11.56,11.03,11.07,16200,10.178869
2014-02-18,11.38,11.43,11.37,11.41,5800,10.491499
2014-02-14,11.31,11.54,11.25,11.31,6400,10.399549
2014-02-13,11.16,11.27,11.16,11.27,18900,10.362769
2014-02-12,11.44,11.44,11.15,11.17,8500,10.270819
2014-02-11,11.24,11.47,11.24,11.39,14700,10.473109
2014-02-10,11.12,11.29,11.04,11.28,20600,10.371964
2014-02-07,11.10,11.20,11.02,11.16,15200,10.261624
2014-02-06,11.09,11.21,11.09,11.13,22500,10.234039
2014-02-05,11.06,11.11,10.99,11.00,17800,10.114504
2014-02-04,11.35,11.35,11.04,11.15,26700,10.197259
2014-02-03,11.57,11.57,11.21,11.32,37400,10.352733
2014-01-31,11.59,11.80,11.34,11.53,49900,10.544789
2014-01-30,11.69,11.83,11.65,11.72,15100,10.718554
2014-01-29,11.92,12.00,11.50,11.62,23400,10.627099
2014-01-28,12.05,12.05,12.00,12.00,19800,10.974629
2014-01-27,12.01,12.06,11.96,12.02,9400,10.99292
2014-01-24,12.00,12.02,12.00,12.00,14900,10.974629
2014-01-23,12.04,12.10,12.01,12.07,9100,11.038647
2014-01-22,12.09,12.15,12.04,12.05,14600,11.020356
2014-01-21,12.14,12.15,12.00,12.12,6500,11.084375
2014-01-17,12.10,12.20,11.98,12.05,13300,11.020356
2014-01-16,11.94,12.10,11.94,12.10,33900,11.066084
2014-01-15,12.01,12.05,11.91,11.92,15000,10.901465
2014-01-14,12.00,12.05,11.96,12.05,22600,11.020356
2014-01-13,11.90,12.19,11.90,12.00,37100,10.974629
2014-01-10,11.90,11.90,11.85,11.85,10200,10.837446
2014-01-09,12.27,12.27,11.83,11.87,16400,10.855737
2014-01-08,11.48,11.82,11.48,11.81,43900,10.800864
2014-01-07,11.47,11.58,11.44,11.56,49700,10.572226
2014-01-06,11.52,11.55,11.40,11.48,24700,10.499061
2014-01-03,11.44,11.54,11.43,11.52,14100,10.535644
2014-01-02,11.35,11.48,11.35,11.45,53900,10.471625
2013-12-31,11.28,11.42,11.28,11.36,58100,10.389315
2013-12-30,11.31,11.35,11.11,11.30,26700,10.334442
2013-12-27,11.25,11.35,11.20,11.34,18400,10.371024
2013-12-26,11.24,11.24,11.06,11.21,10300,10.252132
2013-12-24,11.21,11.25,11.17,11.24,8000,10.279569
2013-12-23,10.97,11.25,10.92,11.24,12900,10.279569
2013-12-20,11.08,11.21,10.91,10.91,81200,9.977766
2013-12-19,11.17,11.19,11.02,11.03,17200,10.087513
2013-12-18,11.02,11.28,11.01,11.23,16300,10.270423
2013-12-17,11.02,11.10,10.99,11.05,19000,10.105804
2013-12-16,11.06,11.06,10.86,11.00,18700,10.060076
2013-12-13,10.97,11.11,10.97,11.00,30400,10.060076
2013-12-12,10.96,11.00,10.86,10.92,17900,9.986912
2013-12-11,10.91,11.14,10.89,11.00,56000,10.060076
2013-12-10,11.04,11.04,10.83,10.85,14900,9.922894
2013-12-09,11.19,11.19,10.97,11.02,9300,10.078368
2013-12-06,11.20,11.22,11.12,11.19,9900,10.233841
2013-12-05,11.14,11.18,11.05,11.14,11700,10.188114
2013-12-04,10.94,11.23,10.86,11.19,115300,10.233841
2013-12-03,10.98,11.05,10.92,10.95,14200,10.014349
2013-12-02,11.23,11.24,10.98,11.02,20200,10.078368
2013-11-29,11.31,11.31,11.19,11.23,10400,10.270423
2013-11-27,11.20,11.35,11.16,11.25,15800,10.288714
2013-11-26,11.22,11.28,11.20,11.23,15300,10.270423
2013-11-25,11.37,11.37,11.16,11.24,10800,10.279569
2013-11-22,11.29,11.37,11.15,11.35,18300,10.38017
2013-11-21,11.27,11.32,11.22,11.32,19700,10.352733
2013-11-20,11.34,11.34,11.18,11.24,35000,10.279569
2013-11-19,11.25,11.34,11.20,11.33,58000,10.361879
2013-11-18,11.40,11.40,11.19,11.25,11600,10.288714
2013-11-15,11.22,11.43,11.22,11.40,20400,10.425897
2013-11-14,11.37,11.37,11.23,11.24,1500,10.279569
2013-11-13,11.26,11.40,11.25,11.34,12700,10.371024
2013-11-12,11.46,11.46,11.30,11.30,8900,10.334442
2013-11-11,11.34,11.44,11.21,11.31,46000,10.343588
2013-11-08,11.12,11.48,11.12,11.39,19800,10.416752
2013-11-07,11.20,11.29,11.03,11.14,30100,10.188114
2013-11-06,11.13,11.26,11.04,11.18,108600,10.224696
2013-11-05,11.32,11.32,11.10,11.15,11000,10.142385
2013-11-04,11.30,11.30,11.11,11.24,17400,10.224252
2013-11-01,11.48,11.57,11.26,11.31,46900,10.287927
2013-10-31,11.14,11.60,11.12,11.52,216000,10.47895
2013-10-30,11.19,11.25,11.10,11.10,22600,10.096905
2013-10-29,11.60,11.60,11.19,11.22,55700,10.20606
2013-10-28,11.57,11.65,11.57,11.61,15400,10.560816
2013-10-25,11.51,11.56,11.31,11.53,14500,10.488045
2013-10-24,11.43,11.48,11.39,11.46,10900,10.424371
2013-10-23,11.56,11.60,11.44,11.48,14400,10.442564
2013-10-22,11.37,11.69,11.37,11.57,34000,10.524431
2013-10-21,11.76,11.81,11.37,11.39,41600,10.360698
2013-10-18,11.65,11.70,11.53,11.66,30400,10.606297
2013-10-17,11.43,11.61,11.43,11.52,14100,10.47895
2013-10-16,11.49,11.63,11.40,11.45,14100,10.415275
2013-10-15,11.44,11.61,11.44,11.46,14400,10.424371
2013-10-14,11.40,11.55,11.40,11.44,22800,10.406178
2013-10-11,11.23,11.57,11.23,11.41,17500,10.37889
2013-10-10,11.25,11.45,11.18,11.28,20300,10.260638
2013-10-09,11.14,11.31,11.06,11.08,24200,10.078712
2013-10-08,11.24,11.25,11.12,11.14,14200,10.13329
2013-10-07,11.03,11.45,11.03,11.15,16200,10.142385
2013-10-04,11.13,11.27,11.12,11.12,8800,10.115097
2013-10-03,11.11,11.34,11.06,11.16,39100,10.151482
2013-10-02,11.33,11.33,11.11,11.15,11700,10.142385
2013-10-01,11.40,11.49,11.28,11.44,46100,10.406178
2013-09-30,11.23,11.49,11.15,11.37,27000,10.342505
2013-09-27,11.29,11.40,11.28,11.28,5500,10.260638
2013-09-26,11.26,11.38,11.23,11.35,8700,10.324312
2013-09-25,11.41,11.46,11.28,11.28,9300,10.260638
2013-09-24,11.46,11.51,11.42,11.42,20900,10.387986
2013-09-23,11.38,11.50,11.38,11.43,17400,10.397083
2013-09-20,11.40,11.54,11.33,11.37,36000,10.342505
2013-09-19,11.44,11.45,11.36,11.38,5700,10.351601
2013-09-18,11.30,11.55,11.30,11.45,15300,10.415275
2013-09-17,11.37,11.42,11.31,11.35,10400,10.324312
2013-09-16,11.42,11.49,11.25,11.29,13900,10.269734
2013-09-13,11.33,11.37,11.28,11.32,7500,10.297023
2013-09-12,11.36,11.36,11.26,11.30,7800,10.278831
2013-09-11,11.32,11.45,11.32,11.40,14900,10.369793
2013-09-10,11.11,11.32,11.11,11.32,12300,10.297023
2013-09-09,11.22,11.32,11.20,11.29,18100,10.269734
2013-09-06,11.38,11.46,11.11,11.13,18800,10.124193
2013-09-05,11.25,11.38,11.23,11.33,9000,10.306119
2013-09-04,11.11,11.33,11.11,11.28,13900,10.260638
2013-09-03,11.13,11.25,11.00,11.17,28700,10.160578
2013-08-30,11.27,11.32,10.97,11.00,17400,10.005941
2013-08-29,11.13,11.33,11.13,11.29,17600,10.269734
2013-08-28,11.03,11.25,10.99,11.16,10700,10.151482
2013-08-27,11.01,11.19,11.00,11.08,57500,10.078712
2013-08-26,11.14,11.20,11.03,11.08,10400,10.078712
2013-08-23,11.27,11.27,11.09,11.14,41300,10.13329
2013-08-22,11.19,11.44,11.18,11.30,11000,10.278831
2013-08-21,11.25,11.35,11.08,11.10,16400,10.096905
2013-08-20,11.30,11.45,11.24,11.27,17300,10.251542
2013-08-19,11.35,11.42,11.25,11.26,15800,10.242445
2013-08-16,11.20,11.48,11.20,11.31,77700,10.287927
2013-08-15,11.28,11.40,11.21,11.24,32300,10.224252
2013-08-14,11.29,11.47,11.29,11.35,17000,10.324312
2013-08-13,11.43,11.43,11.32,11.33,14600,10.306119
2013-08-12,11.44,11.58,11.37,11.42,11400,10.387986
2013-08-09,11.50,11.66,11.41,11.41,9500,10.37889
2013-08-08,11.68,11.74,11.50,11.52,12300,10.47895
2013-08-07,11.43,11.68,11.38,11.60,11900,10.55172
2013-08-06,11.46,11.52,11.39,11.44,11000,10.351601
2013-08-05,11.32,11.45,11.32,11.45,22100,10.36065
2013-08-02,11.32,11.40,11.28,11.32,24200,10.243018
2013-08-01,11.26,11.43,11.25,11.38,31200,10.29731
2013-07-31,11.46,11.46,11.22,11.24,16200,10.170629
2013-07-30,11.81,11.81,11.40,11.40,15500,10.315407
2013-07-29,11.74,11.87,11.70,11.75,21100,10.632108
2013-07-26,11.82,12.00,11.81,11.93,16100,10.794983
2013-07-25,11.93,12.00,11.84,11.91,30400,10.776886
2013-07-24,12.05,12.05,11.91,11.96,18600,10.822129
2013-07-23,11.99,12.02,11.95,11.99,37000,10.849274
2013-07-22,11.99,12.04,11.93,12.00,11800,10.858323
2013-07-19,12.02,12.10,11.99,12.05,14300,10.903566
2013-07-18,12.04,12.11,11.98,12.02,32000,10.876421
2013-07-17,12.10,12.12,11.99,12.04,10200,10.894517
2013-07-16,12.08,12.12,12.03,12.06,36300,10.912615
2013-07-15,12.14,12.25,12.07,12.11,21700,10.957857
2013-07-12,12.06,12.11,12.01,12.11,12000,10.957857
2013-07-11,12.16,12.16,12.01,12.07,12300,10.921663
2013-07-10,11.98,12.04,11.98,12.01,11300,10.867372
2013-07-09,12.07,12.07,11.92,11.98,10500,10.840225
2013-07-08,12.06,12.09,12.02,12.05,16500,10.903566
2013-07-05,12.07,12.07,11.98,12.07,16200,10.921663
2013-07-03,11.94,12.07,11.94,12.07,7000,10.921663
2013-07-02,11.72,12.04,11.72,11.90,87800,10.767837
2013-07-01,11.76,11.86,11.70,11.76,73700,10.641157
2013-06-28,11.75,11.85,11.67,11.74,163500,10.623059
2013-06-27,11.90,11.90,11.72,11.80,41600,10.677351
2013-06-26,11.76,11.90,11.61,11.81,42700,10.6864
2013-06-25,11.69,11.74,11.55,11.71,39200,10.595914
2013-06-24,11.43,11.66,11.33,11.63,31200,10.523525
2013-06-21,11.59,11.65,11.41,11.49,64000,10.396844
2013-06-20,11.59,11.73,11.52,11.59,72500,10.487331
2013-06-19,11.85,11.95,11.72,11.73,28500,10.61401
2013-06-18,11.85,12.02,11.77,11.98,35700,10.840225
2013-06-17,11.81,11.88,11.66,11.80,11300,10.677351
2013-06-14,11.98,12.01,11.67,11.69,24000,10.577816
2013-06-13,11.88,12.02,11.85,11.98,25000,10.840225
2013-06-12,11.95,12.00,11.91,11.93,15700,10.794983
2013-06-11,11.90,12.05,11.83,11.96,62600,10.822129
2013-06-10,11.95,12.06,11.95,11.99,9000,10.849274
2013-06-07,12.11,12.11,11.98,12.02,5800,10.876421
2013-06-06,12.04,12.10,11.93,12.02,13700,10.876421
2013-06-05,12.04,12.11,11.80,12.00,29900,10.858323
2013-06-04,12.10,12.15,11.95,12.06,29100,10.912615
2013-06-03,12.03,12.19,12.01,12.11,112200,10.957857
2013-05-31,12.04,12.10,11.95,11.96,67000,10.822129
2013-05-30,11.80,12.18,11.80,12.14,80800,10.985004
2013-05-29,11.80,11.92,11.73,11.83,58600,10.704497
2013-05-28,11.89,11.94,11.78,11.90,27800,10.767837
2013-05-24,11.72,11.83,11.70,11.80,23700,10.677351
2013-05-23,11.60,11.79,11.60,11.74,41900,10.623059
2013-05-22,11.60,11.73,11.60,11.64,12500,10.532574
2013-05-21,11.67,11.71,11.62,11.62,5900,10.514476
2013-05-20,11.67,11.74,11.57,11.70,13000,10.586865
2013-05-17,11.73,11.79,11.68,11.72,34800,10.604962
2013-05-16,11.64,11.77,11.64,11.68,34000,10.568768
2013-05-15,11.63,11.71,11.62,11.70,11900,10.586865
2013-05-14,11.66,11.70,11.60,11.70,8900,10.586865
2013-05-13,11.70,11.79,11.67,11.72,12800,10.604962
2013-05-10,11.70,11.72,11.63,11.72,12700,10.604962
2013-05-09,11.72,11.74,11.64,11.67,27000,10.559719
2013-05-08,11.69,11.77,11.65,11.73,19800,10.61401
2013-05-07,11.74,11.74,11.64,11.71,13500,10.541622
2013-05-06,11.60,11.72,11.60,11.69,5200,10.523617
2013-05-03,11.55,11.68,11.49,11.65,6500,10.487608
2013-05-02,11.22,11.54,11.18,11.42,10500,10.280557
2013-05-01,11.65,11.70,11.14,11.14,53500,10.028495
2013-04-30,11.63,11.78,11.63,11.73,48500,10.559626
2013-04-29,11.54,11.75,11.53,11.68,26100,10.514616
2013-04-26,11.66,11.66,11.42,11.49,17100,10.343573
2013-04-25,11.70,11.70,11.57,11.66,4600,10.496611
2013-04-24,11.74,11.78,11.69,11.70,7500,10.53262
2013-04-23,11.58,11.70,11.52,11.69,27200,10.523617
2013-04-22,11.44,11.58,11.36,11.55,8000,10.397586
2013-04-19,11.69,11.69,11.43,11.61,11300,10.451599
2013-04-18,11.55,11.76,11.48,11.70,91400,10.53262
2013-04-17,11.66,11.67,11.22,11.50,24600,10.352575
2013-04-16,11.48,11.71,11.48,11.69,24100,10.523617
2013-04-15,11.68,11.75,11.38,11.38,37500,10.244548
2013-04-12,11.60,11.65,11.48,11.62,14700,10.460602
2013-04-11,11.65,11.87,10.67,11.76,100900,10.586633
2013-04-10,11.78,11.84,11.64,11.73,19700,10.559626
2013-04-09,11.89,11.89,11.70,11.72,16600,10.550624
2013-04-08,11.89,11.90,11.84,11.89,3400,10.703663
2013-04-05,11.73,12.00,11.61,11.86,16600,10.676655
2013-04-04,11.85,11.93,11.75,11.93,8600,10.739672
2013-04-03,11.76,11.96,11.76,11.82,13800,10.640646
2013-04-02,12.04,12.04,11.71,11.73,8600,10.559626
2013-04-01,11.84,12.08,11.69,11.97,39600,10.77568
2013-03-28,11.93,11.97,11.84,11.86,9600,10.676655
2013-03-27,11.91,11.91,11.83,11.86,4000,10.676655
2013-03-26,12.03,12.03,11.95,12.03,10300,10.829693
2013-03-25,12.02,12.09,11.98,12.00,9200,10.802687
2013-03-22,12.05,12.08,11.95,12.00,15800,10.802687
2013-03-21,11.78,12.09,11.78,12.03,76600,10.829693
2013-03-20,12.00,12.00,11.84,11.89,4700,10.703663
2013-03-19,11.84,11.99,11.81,11.89,17400,10.703663
2013-03-18,11.84,11.96,11.82,11.90,6400,10.712664
2013-03-15,12.27,12.27,11.93,11.98,59600,10.784682
2013-03-14,12.05,12.24,12.04,12.24,13100,11.01874
2013-03-13,12.06,12.06,11.98,12.00,2700,10.802687
2013-03-12,12.01,12.11,11.87,12.03,5100,10.829693
2013-03-11,12.12,12.13,11.97,12.00,13700,10.802687
2013-03-08,12.17,12.19,12.04,12.15,8400,10.93772
2013-03-07,11.91,12.16,11.91,12.06,16100,10.856701
2013-03-06,11.89,11.97,11.86,11.94,8600,10.748673
2013-03-05,11.91,11.93,11.83,11.90,21600,10.712664
2013-03-04,11.81,11.91,11.81,11.89,17200,10.703663
2013-03-01,11.85,11.98,11.76,11.89,37700,10.703663
2013-02-28,11.95,11.96,11.87,11.96,14600,10.766678
2013-02-27,12.01,12.04,11.77,11.98,14600,10.784682
2013-02-26,12.01,12.03,11.86,12.01,14800,10.811689
2013-02-25,12.20,12.20,11.94,11.97,25300,10.77568
2013-02-22,12.23,12.23,12.01,12.18,41900,10.964728
2013-02-21,12.19,12.25,12.10,12.16,16900,10.946723
2013-02-20,12.30,12.30,12.20,12.25,34400,11.027743
2013-02-19,12.21,12.29,12.18,12.29,15000,11.063752
2013-02-15,12.23,12.23,12.10,12.18,15000,10.964728
2013-02-14,12.28,12.28,12.09,12.16,5600,10.946723
2013-02-13,12.23,12.30,12.20,12.27,6600,11.045748
2013-02-12,12.24,12.24,12.17,12.21,4000,10.991734
2013-02-11,12.26,12.26,12.17,12.20,4400,10.982732
2013-02-08,12.20,12.27,12.15,12.23,6300,11.009738
2013-02-07,12.12,12.27,12.02,12.20,19300,10.982732
2013-02-06,12.12,12.17,12.04,12.13,10600,10.919716
2013-02-05,12.22,12.30,12.16,12.19,6800,10.919715
2013-02-04,12.13,12.32,12.10,12.14,30600,10.874926
2013-02-01,12.19,12.33,12.11,12.29,59800,11.009295
2013-01-31,12.29,12.30,12.11,12.12,21600,10.85701
2013-01-30,12.39,12.39,12.27,12.29,5000,11.009295
2013-01-29,12.11,12.48,12.10,12.44,14800,11.143663
2013-01-28,12.00,12.17,11.99,12.15,23500,10.883883
2013-01-25,12.04,12.07,11.92,12.07,55400,10.81222
2013-01-24,11.95,12.01,11.70,12.01,46400,10.758473
2013-01-23,12.05,12.09,11.96,12.00,105500,10.749515
2013-01-22,12.00,12.02,11.96,12.02,44300,10.767431
2013-01-18,11.98,12.02,11.90,12.00,106000,10.749515
2013-01-17,11.99,12.02,11.90,12.02,9100,10.767431
2013-01-16,12.02,12.02,11.79,11.93,15100,10.68681
2013-01-15,11.78,12.05,11.76,12.01,43700,10.758473
2013-01-14,11.97,12.03,11.72,11.81,29600,10.579315
2013-01-11,12.10,12.10,11.82,12.02,36100,10.767431
2013-01-10,11.58,12.24,11.31,12.06,35600,10.803263
2013-01-09,12.02,12.39,11.87,11.99,19500,10.740557
2013-01-08,11.98,12.06,11.92,11.96,13200,10.713683
2013-01-07,11.99,12.16,11.92,11.99,22200,10.740557
2013-01-04,12.00,12.15,11.99,12.07,25500,10.81222
2013-01-03,12.05,12.05,11.84,12.01,16700,10.758473
2013-01-02,11.40,12.20,11.32,12.00,84800,10.749515
2012-12-31,11.16,11.34,11.14,11.32,17900,10.140375
2012-12-28,11.11,11.21,11.08,11.19,14200,10.023922
2012-12-27,11.21,11.29,11.08,11.15,19700,9.988091
2012-12-26,11.50,11.50,11.11,11.23,17900,10.059754
2012-12-24,11.31,11.31,11.16,11.26,2700,10.086628
2012-12-21,11.34,11.38,11.18,11.34,82500,10.158292
2012-12-20,11.36,11.36,11.27,11.33,18800,10.149334
2012-12-19,11.32,11.40,11.27,11.35,19300,10.16725
2012-12-18,11.27,11.32,11.18,11.31,23900,10.131418
2012-12-17,11.02,11.25,11.02,11.24,38100,10.068712
2012-12-14,11.15,11.33,11.08,11.26,23600,10.086628
2012-12-13,11.27,11.32,11.13,11.20,15400,10.03288
2012-12-12,11.12,11.32,11.12,11.23,20300,10.059754
2012-12-11,11.17,11.25,11.12,11.24,19500,10.068712
2012-12-10,11.05,11.10,11.03,11.09,7500,9.934343
2012-12-07,11.25,11.25,11.02,11.07,9700,9.916427
2012-12-06,11.21,11.22,11.14,11.19,4100,10.023922
2012-12-05,11.17,11.26,11.17,11.25,17900,10.07767
2012-12-04,11.16,11.42,11.00,11.25,25300,10.07767
2012-12-03,11.02,11.17,10.90,11.12,74100,9.961217
2012-11-30,10.94,10.99,10.85,10.95,23200,9.808932
2012-11-29,10.84,10.93,10.79,10.90,31900,9.764142
2012-11-28,10.82,10.90,10.82,10.84,18500,9.710395
2012-11-27,10.94,10.94,10.82,10.82,26500,9.692479
2012-11-26,10.85,10.91,10.81,10.83,13600,9.701437
2012-11-23,10.80,10.93,10.78,10.90,18400,9.764142
2012-11-21,10.98,10.98,10.70,10.75,10100,9.629774
2012-11-20,10.85,10.86,10.71,10.81,13500,9.683522
2012-11-19,10.75,10.90,10.66,10.90,31700,9.764142
2012-11-16,10.77,10.85,10.61,10.75,24400,9.629774
2012-11-15,10.96,11.10,10.72,10.81,28500,9.683522
2012-11-14,11.10,11.14,10.95,10.95,23100,9.808932
2012-11-13,11.15,11.20,11.10,11.14,8400,9.979133
2012-11-12,11.31,11.31,11.15,11.16,10700,9.997049
2012-11-09,11.40,11.46,11.26,11.31,10600,10.131418
2012-11-08,10.96,11.72,10.94,11.46,34700,10.265787
2012-11-07,11.41,11.47,11.01,11.11,47200,9.898511
2012-11-06,11.62,11.67,11.45,11.53,15600,10.272713
2012-11-05,11.50,11.67,11.33,11.57,27800,10.308351
2012-11-02,11.67,11.72,11.55,11.55,27400,10.290532
2012-11-01,11.63,11.75,11.63,11.67,30100,10.397447
2012-10-31,11.59,11.74,11.59,11.65,16000,10.379627
2012-10-26,11.72,11.81,11.56,11.59,17300,10.32617
2012-10-25,11.73,11.73,11.64,11.69,21900,10.415265
2012-10-24,11.63,11.70,11.53,11.65,24500,10.379627
2012-10-23,11.66,11.78,11.54,11.56,20600,10.299442
2012-10-22,11.64,11.81,11.64,11.71,21100,10.433085
2012-10-19,11.58,11.81,11.58,11.62,28700,10.352899
2012-10-18,12.00,12.05,11.60,11.60,31300,10.33508
2012-10-17,11.50,12.02,11.50,12.00,38000,10.691462
2012-10-16,11.86,12.05,11.79,11.96,36400,10.655824
2012-10-15,11.75,11.84,11.75,11.83,21900,10.539999
2012-10-12,11.84,11.84,11.64,11.70,22100,10.424175
2012-10-11,11.86,11.97,11.61,11.78,61400,10.495451
2012-10-10,11.85,12.01,11.71,11.95,122300,10.646914
2012-10-09,11.65,11.90,11.65,11.77,40200,10.486543
2012-10-08,11.89,12.10,11.73,11.75,22100,10.468723
2012-10-05,12.00,12.16,11.92,11.92,21000,10.620185
2012-10-04,11.84,12.02,11.84,12.00,22300,10.691462
2012-10-03,11.95,12.00,11.87,11.90,24200,10.602366
2012-10-02,12.00,12.15,11.96,12.00,26700,10.691462
2012-10-01,11.95,12.19,11.83,11.95,50100,10.646914
2012-09-28,11.92,12.04,11.79,11.87,47400,10.575638
2012-09-27,12.19,12.19,11.95,11.98,45400,10.673642
2012-09-26,11.93,12.19,11.93,12.17,48500,10.842924
2012-09-25,12.00,12.10,11.91,11.93,34300,10.629095
2012-09-24,11.94,12.02,11.94,12.00,24000,10.691462
2012-09-21,12.20,12.20,11.98,12.00,59400,10.691462
2012-09-20,12.01,12.22,12.01,12.08,17100,10.762738
2012-09-19,12.30,12.38,12.14,12.14,23900,10.816196
2012-09-18,12.38,12.50,12.20,12.24,18800,10.905291
2012-09-17,12.32,12.36,12.22,12.32,23100,10.976567
2012-09-14,12.33,12.39,12.24,12.39,27600,11.038935
2012-09-13,12.09,12.34,12.08,12.33,22500,10.985477
2012-09-12,12.20,12.29,12.03,12.07,20400,10.753828
2012-09-11,12.16,12.32,12.16,12.24,21700,10.905291
2012-09-10,12.33,12.33,12.05,12.12,17400,10.798376
2012-09-07,12.27,12.48,12.04,12.29,38100,10.949839
2012-09-06,12.00,12.24,11.90,12.20,37000,10.869653
2012-09-05,11.99,12.07,11.89,11.94,30300,10.638004
2012-09-04,12.02,12.08,11.76,11.93,50600,10.629095
2012-08-31,12.08,12.08,11.81,11.97,80900,10.664733
2012-08-30,11.87,12.10,11.87,12.00,16800,10.691462
2012-08-29,11.90,12.12,11.89,12.06,21500,10.744919
2012-08-28,12.07,12.20,11.90,11.90,21700,10.602366
2012-08-27,12.02,12.09,12.01,12.09,10300,10.771648
2012-08-24,12.05,12.05,11.85,11.93,10400,10.629095
2012-08-23,12.25,12.25,12.14,12.14,6500,10.762738
2012-08-22,12.45,12.45,12.22,12.24,15400,10.851393
2012-08-21,12.45,12.45,12.29,12.40,18900,10.993241
2012-08-20,12.44,12.51,12.32,12.45,6300,11.037569
2012-08-17,12.54,12.60,12.27,12.50,36400,11.081897
2012-08-16,12.50,12.60,12.40,12.59,15000,11.161687
2012-08-15,12.40,12.51,12.40,12.49,16800,11.073031
2012-08-14,12.29,12.45,12.29,12.40,27900,10.993241
2012-08-13,12.37,12.37,11.99,12.31,14500,10.913452
2012-08-10,12.37,12.40,12.24,12.33,23200,10.931183
2012-08-09,12.42,12.50,12.29,12.34,26900,10.940049
2012-08-08,12.25,12.43,12.25,12.42,17300,11.010973
2012-08-07,12.52,12.52,12.33,12.37,45000,10.966645
2012-08-06,12.47,12.53,12.26,12.49,22500,11.073031
2012-08-03,12.33,12.63,12.25,12.49,35800,11.073031
2012-08-02,12.32,12.43,12.23,12.27,32300,10.87799
2012-08-01,12.27,12.49,12.18,12.25,56500,10.860259
2012-07-31,12.24,12.34,12.24,12.25,31300,10.860259
2012-07-30,12.33,12.35,12.24,12.25,11600,10.860259
2012-07-27,12.29,12.48,11.83,12.38,23600,10.975511
2012-07-26,12.32,12.33,12.06,12.22,13400,10.833662
2012-07-25,12.18,12.30,12.17,12.21,16400,10.824797
2012-07-24,12.26,12.55,12.07,12.09,23600,10.718411
2012-07-23,12.33,12.50,12.20,12.21,24000,10.824797
2012-07-20,12.66,12.66,12.41,12.50,20100,11.081897
2012-07-19,12.57,12.82,12.38,12.71,86100,11.268073
2012-07-18,12.50,12.57,12.40,12.49,29600,11.073031
2012-07-17,12.52,12.58,12.44,12.51,35200,11.090762
2012-07-16,12.33,12.53,12.33,12.47,25800,11.0553
2012-07-13,12.30,12.43,12.30,12.40,18900,10.993241
2012-07-12,12.30,12.44,12.15,12.31,25000,10.913452
2012-07-11,12.29,12.35,12.13,12.33,19900,10.931183
2012-07-10,12.35,12.35,12.21,12.24,10800,10.851393
2012-07-09,12.26,12.30,12.13,12.27,11000,10.87799
2012-07-06,12.27,12.30,12.21,12.26,13300,10.869125
2012-07-05,12.37,12.44,12.26,12.39,23100,10.984376
2012-07-03,12.58,12.58,12.27,12.45,20200,11.037569
2012-07-02,12.30,12.55,12.26,12.55,40800,11.126224
2012-06-29,12.42,12.42,12.28,12.33,23900,10.931183
2012-06-28,12.01,12.27,12.01,12.22,23100,10.833662
2012-06-27,12.03,12.14,12.01,12.10,31700,10.727276
2012-06-26,11.78,12.08,11.78,12.05,24000,10.682949
2012-06-25,11.93,12.03,11.93,11.97,23000,10.612025
2012-06-22,11.71,12.04,11.67,12.03,113000,10.665217
2012-06-21,11.72,11.97,11.62,11.66,26500,10.337193
2012-06-20,11.90,12.04,11.81,11.81,20200,10.470176
2012-06-19,11.72,12.09,11.72,11.94,42900,10.585427
2012-06-18,11.78,11.92,11.65,11.66,29400,10.337193
2012-06-15,11.79,11.96,11.78,11.81,68200,10.470176
2012-06-14,11.72,11.88,11.56,11.84,184300,10.496773
2012-06-13,11.64,11.81,11.59,11.77,48900,10.434714
2012-06-12,11.60,11.75,11.58,11.64,28400,10.319463
2012-06-11,11.80,11.85,11.50,11.52,34400,10.213076
2012-06-08,11.65,11.92,11.62,11.68,28600,10.354925
2012-06-07,11.95,11.95,11.67,11.69,32700,10.363789
2012-06-06,11.75,12.07,11.75,11.95,28200,10.594293
2012-06-05,11.74,11.87,11.68,11.73,40700,10.399251
2012-06-04,11.62,11.84,11.62,11.75,30400,10.416983
2012-06-01,11.49,11.79,11.48,11.53,37000,10.221941
2012-05-31,11.77,11.77,11.42,11.55,37500,10.239673
2012-05-30,11.88,11.88,11.69,11.72,15500,10.390387
2012-05-29,11.68,11.94,11.57,11.92,18000,10.567697
2012-05-25,11.87,12.12,11.72,11.75,24200,10.416983
2012-05-24,12.01,12.06,11.75,11.91,16000,10.558831
2012-05-23,11.81,12.13,11.58,12.04,441000,10.674083
2012-05-22,12.01,12.01,11.81,11.87,37000,10.523369
2012-05-21,11.95,12.22,11.87,12.01,26200,10.647487
2012-05-18,12.11,12.21,11.88,11.93,35000,10.576563
2012-05-17,12.21,12.31,12.13,12.15,42800,10.771603
2012-05-16,12.07,12.32,12.07,12.23,30300,10.842527
2012-05-15,12.16,12.31,12.05,12.06,21000,10.691814
2012-05-14,12.06,12.29,11.98,12.19,15600,10.807065
2012-05-11,12.21,12.30,12.17,12.21,21500,10.78047
2012-05-10,12.32,12.41,12.18,12.24,21000,10.806957
2012-05-09,12.35,12.45,12.24,12.29,20000,10.851103
2012-05-08,12.19,12.48,12.10,12.45,29100,10.99237
2012-05-07,12.22,12.35,12.17,12.28,31000,10.842274
2012-05-04,12.35,12.35,12.19,12.20,23700,10.77164
2012-05-03,12.51,12.54,12.26,12.38,24000,10.930566
2012-05-02,12.40,12.56,12.39,12.55,30200,11.080663
2012-05-01,12.58,12.66,12.42,12.50,48000,11.036517
2012-04-30,12.34,12.61,12.24,12.61,31000,11.133638
2012-04-27,12.26,12.40,12.20,12.39,18900,10.939396
2012-04-26,12.23,12.34,12.23,12.28,11300,10.842274
2012-04-25,12.30,12.39,12.24,12.27,28200,10.833445
2012-04-24,12.14,12.30,12.12,12.27,31300,10.833445
2012-04-23,12.09,12.28,12.03,12.16,40800,10.736323
2012-04-20,12.22,12.36,12.11,12.26,47900,10.824616
2012-04-19,12.11,12.29,11.99,12.05,42100,10.639202
2012-04-18,11.97,12.13,11.97,12.09,23600,10.674519
2012-04-17,12.04,12.15,11.99,12.04,23100,10.630373
2012-04-16,12.01,12.07,11.88,11.94,22500,10.54208
2012-04-13,12.14,12.18,12.00,12.00,30500,10.595056
2012-04-12,11.52,12.40,11.28,12.15,208300,10.727494
2012-04-11,11.61,12.04,11.56,11.78,74100,10.400813
2012-04-10,11.67,11.67,11.15,11.50,110400,10.153595
2012-04-09,11.75,11.75,11.62,11.65,126200,10.286033
2012-04-05,11.80,11.84,11.75,11.80,92400,10.418472
2012-04-04,11.83,11.87,11.76,11.84,51900,10.453789
2012-04-03,12.05,12.14,11.78,11.93,68200,10.533252
2012-04-02,11.97,12.15,11.97,12.05,79800,10.639202
2012-03-30,12.14,12.61,11.98,11.98,59900,10.577397
2012-03-29,11.96,12.10,11.96,12.06,25500,10.648032
2012-03-28,12.00,12.10,11.98,12.06,40100,10.648032
2012-03-27,12.02,12.11,11.91,11.96,17600,10.559739
2012-03-26,12.16,12.20,11.92,12.03,52100,10.621543
2012-03-23,12.09,12.14,11.95,12.09,42200,10.674519
2012-03-22,12.08,12.13,12.05,12.08,24900,10.66569
2012-03-21,12.20,12.30,12.17,12.18,18500,10.753982
2012-03-20,12.19,12.40,12.15,12.18,23500,10.753982
2012-03-19,12.18,12.61,12.15,12.30,41800,10.859933
2012-03-16,12.28,12.28,12.18,12.22,39300,10.789299
2012-03-15,12.29,12.29,12.12,12.25,17500,10.815786
2012-03-14,12.37,12.37,12.13,12.25,20200,10.815786
2012-03-13,12.27,12.40,12.21,12.40,18400,10.948224
2012-03-12,12.17,12.25,12.05,12.18,24500,10.753982
2012-03-09,12.21,12.35,12.20,12.26,29400,10.824616
2012-03-08,12.28,12.30,12.01,12.25,28000,10.815786
2012-03-07,12.04,12.14,11.98,12.14,31000,10.718665
2012-03-06,12.11,12.16,11.96,11.97,107800,10.568569
2012-03-05,12.17,12.27,12.15,12.22,39000,10.789299
2012-03-02,12.26,12.35,12.24,12.24,45600,10.806957
2012-03-01,12.30,12.36,12.25,12.25,48800,10.815786
2012-02-29,12.33,12.35,12.21,12.26,75600,10.824616
2012-02-28,12.42,12.49,12.24,12.31,17400,10.868762
2012-02-27,12.27,12.48,12.23,12.39,21300,10.939396
2012-02-24,12.46,12.49,12.32,12.35,19800,10.904079
2012-02-23,12.26,12.48,12.24,12.46,48500,11.0012
2012-02-22,12.29,12.29,12.17,12.25,15000,10.815786
2012-02-21,12.31,12.34,11.96,12.26,21100,10.824616
2012-02-17,12.43,12.43,12.24,12.34,17000,10.895249
2012-02-16,12.13,12.38,12.13,12.37,14200,10.921737
2012-02-15,12.23,12.29,12.14,12.17,27500,10.745153
2012-02-14,12.40,12.42,12.12,12.31,17700,10.868762
2012-02-13,12.45,12.45,12.33,12.41,32200,10.957054
2012-02-10,12.35,12.41,12.35,12.39,47000,10.939396
2012-02-09,12.55,12.62,12.44,12.44,18400,10.939395
2012-02-08,12.76,12.76,12.50,12.56,22100,11.04492
2012-02-07,12.38,12.80,12.34,12.70,30900,11.168032
2012-02-06,12.64,12.71,12.24,12.44,131900,10.939395
2012-02-03,12.39,12.65,12.29,12.62,47300,11.097682
2012-02-02,12.34,12.34,12.05,12.25,100500,10.772314
2012-02-01,12.20,12.35,12.01,12.28,70500,10.798695
2012-01-31,12.03,12.20,11.96,12.11,40000,10.649202
2012-01-30,12.02,12.04,11.91,12.00,52400,10.552471
2012-01-27,12.10,12.15,12.01,12.06,34500,10.605234
2012-01-26,12.15,12.15,11.92,12.11,47800,10.649202
2012-01-25,12.11,12.20,12.00,12.13,50200,10.66679
2012-01-24,12.04,12.17,11.98,12.13,23000,10.66679
2012-01-23,12.10,12.22,11.91,12.04,40800,10.587646
2012-01-20,12.19,12.22,12.05,12.11,28300,10.649202
2012-01-19,12.27,12.27,12.12,12.17,61500,10.701965
2012-01-18,12.12,12.32,12.10,12.20,100500,10.728346
2012-01-17,12.20,12.20,11.99,12.15,81300,10.684377
2012-01-13,12.14,12.19,11.85,12.15,102400,10.684377
2012-01-12,12.00,12.48,11.54,12.19,236400,10.719552
2012-01-11,12.17,12.23,11.94,12.06,122700,10.605234
2012-01-10,12.23,12.25,12.11,12.17,103200,10.701965
2012-01-09,12.14,12.16,12.01,12.09,75700,10.631615
2012-01-06,12.16,12.20,12.11,12.12,62400,10.657996
2012-01-05,12.25,12.25,12.14,12.20,31800,10.728346
2012-01-04,12.49,12.70,12.26,12.34,25500,10.851458
2012-01-03,12.49,12.74,12.34,12.54,66900,11.027332
2011-12-30,12.35,12.35,12.17,12.29,39700,10.807489
2011-12-29,12.40,12.45,12.35,12.38,15900,10.886633
2011-12-28,12.46,12.53,12.31,12.32,22000,10.83387
2011-12-27,12.52,12.76,12.38,12.47,38100,10.965777
2011-12-23,12.39,12.80,12.37,12.54,34100,11.027332
2011-12-22,12.47,12.48,12.18,12.38,20100,10.886633
2011-12-21,12.30,12.46,12.19,12.36,83900,10.869045
2011-12-20,12.24,12.39,12.10,12.25,85900,10.772314
2011-12-19,12.28,12.41,11.99,12.05,42200,10.59644
2011-12-16,12.07,12.30,11.91,12.23,77400,10.754726
2011-12-15,12.46,12.46,11.98,12.04,41900,10.587646
2011-12-14,11.95,12.33,11.95,12.31,81700,10.825077
2011-12-13,12.45,12.58,11.97,12.01,159600,10.561265
2011-12-12,12.30,12.46,12.16,12.39,100400,10.895427
2011-12-09,12.03,12.65,11.95,12.57,83900,11.053713
2011-12-08,12.19,12.35,11.98,11.99,56900,10.543677
2011-12-07,12.31,12.34,12.11,12.26,64500,10.781108
2011-12-06,11.94,12.38,11.94,12.31,129500,10.825077
2011-12-05,12.35,12.35,12.02,12.11,68600,10.649202
2011-12-02,12.08,12.29,12.03,12.22,47400,10.745933
2011-12-01,12.33,12.42,12.00,12.00,120800,10.552471
2011-11-30,12.70,12.70,12.27,12.37,130800,10.877839
2011-11-29,12.20,12.42,12.05,12.38,59900,10.886633
2011-11-28,12.18,12.25,12.00,12.25,62600,10.772314
2011-11-25,11.87,12.10,11.87,11.94,29300,10.499708
2011-11-23,12.35,12.35,11.56,11.89,153400,10.45574
2011-11-22,12.49,12.56,12.40,12.40,41800,10.90422
2011-11-21,12.65,12.79,12.49,12.51,110700,11.000951
2011-11-18,12.84,12.84,12.68,12.80,35000,11.255969
2011-11-17,12.95,13.02,12.63,12.84,47300,11.291144
2011-11-16,12.71,13.13,12.68,12.74,113300,11.203207
2011-11-15,12.80,12.92,12.70,12.80,52300,11.255969
2011-11-14,12.89,12.89,12.68,12.80,42000,11.255969
2011-11-11,12.85,12.95,12.80,12.89,47200,11.335113
2011-11-10,13.10,13.16,12.63,12.76,82400,11.220795
2011-11-09,13.12,13.19,12.91,12.95,52900,11.387875
2011-11-08,13.42,13.43,13.15,13.35,65200,11.739625
2011-11-07,13.31,13.39,12.90,13.36,62100,11.748418
2011-11-04,13.19,13.38,13.18,13.30,34000,11.695656
2011-11-03,13.18,13.40,13.09,13.32,63800,11.713243
2011-11-02,12.86,13.27,12.79,13.09,63400,11.510987
2011-11-01,12.64,13.14,12.42,12.77,128000,11.18562
2011-10-31,13.10,13.31,12.99,12.99,59800,11.378324
2011-10-28,13.32,13.63,13.24,13.24,76300,11.597306
2011-10-27,13.41,13.45,13.25,13.38,181600,11.719936
2011-10-26,13.28,13.37,13.01,13.21,54300,11.571028
2011-10-25,13.35,13.45,13.08,13.12,79400,11.492195
2011-10-24,13.13,13.50,12.99,13.39,86300,11.728696
2011-10-21,13.12,13.20,12.96,13.12,60200,11.492195
2011-10-20,12.97,13.14,12.85,13.02,44200,11.404602
2011-10-19,12.92,13.18,12.90,13.01,78800,11.395843
2011-10-18,13.01,13.26,13.00,13.20,73400,11.562269
2011-10-17,13.42,13.49,12.92,12.99,99000,11.378324
2011-10-14,13.65,13.69,13.43,13.52,61300,11.842567
2011-10-13,13.49,13.65,13.29,13.55,69100,11.868845
2011-10-12,13.62,13.78,13.44,13.48,84100,11.807529
2011-10-11,13.55,13.71,13.37,13.55,66200,11.868845
2011-10-10,13.83,13.84,13.42,13.63,136600,11.938919
2011-10-07,13.24,13.79,13.22,13.66,163100,11.965196
2011-10-06,14.29,14.50,12.96,13.22,497200,11.579788
2011-10-05,14.09,14.15,13.82,14.04,166100,12.29805
2011-10-04,13.31,13.81,13.31,13.76,214200,12.05279
2011-10-03,13.52,13.85,13.41,13.41,100900,11.746214
2011-09-30,13.91,13.91,13.58,13.61,74700,11.9214
2011-09-29,13.82,14.10,13.72,14.10,65700,12.350606
2011-09-28,14.07,14.30,13.54,13.59,86900,11.903882
2011-09-27,13.95,14.26,13.90,14.07,99500,12.324327
2011-09-26,13.80,13.99,13.50,13.70,220100,12.000234
2011-09-23,13.22,13.75,13.22,13.69,99400,11.991474
2011-09-22,13.14,13.64,13.09,13.20,129200,11.562269
2011-09-21,13.85,14.04,13.38,13.40,44000,11.737455
2011-09-20,14.17,14.33,13.79,13.85,59800,12.131624
2011-09-19,14.14,14.28,13.93,14.15,62800,12.394402
2011-09-16,14.43,14.50,14.37,14.50,83100,12.700977
2011-09-15,14.07,14.34,13.88,14.34,31500,12.560829
2011-09-14,13.99,14.08,13.81,13.97,45300,12.236735
2011-09-13,13.87,14.00,13.70,13.91,133300,12.184179
2011-09-12,13.63,14.05,13.63,13.83,76000,12.114105
2011-09-09,13.95,14.07,13.67,13.78,71500,12.070308
2011-09-08,13.89,14.12,13.86,14.00,54800,12.263013
2011-09-07,13.72,14.20,13.66,14.04,113400,12.29805
2011-09-06,13.21,13.57,13.07,13.54,80500,11.860085
2011-09-02,13.55,13.77,13.44,13.50,81300,11.825048
2011-09-01,13.83,14.05,13.68,13.76,84700,12.05279
2011-08-31,13.80,14.11,13.67,13.84,90200,12.122864
2011-08-30,14.01,14.01,13.53,13.78,80400,12.070308
2011-08-29,13.89,14.15,13.84,14.12,61500,12.368124
2011-08-26,13.51,14.07,13.50,13.83,41500,12.114105
2011-08-25,13.88,13.89,13.35,13.58,52900,11.895122
2011-08-24,13.95,14.08,13.53,13.81,32100,12.096586
2011-08-23,13.54,13.98,13.39,13.93,206600,12.201698
2011-08-22,13.72,13.83,13.42,13.51,85000,11.833807
2011-08-19,13.43,13.63,13.23,13.45,103800,11.781251
2011-08-18,13.94,14.00,13.50,13.60,108200,11.912641
2011-08-17,14.12,14.32,14.04,14.26,60200,12.490755
2011-08-16,14.20,14.27,14.00,14.09,86200,12.341846
2011-08-15,14.30,14.52,14.10,14.34,68100,12.560829
2011-08-12,14.28,14.70,14.15,14.26,74500,12.490755
2011-08-11,13.75,14.43,13.75,14.18,121000,12.42068
2011-08-10,14.38,14.59,13.60,13.68,163500,11.982715
2011-08-09,14.15,14.67,13.80,14.48,245000,12.683458
2011-08-08,14.51,14.74,14.18,14.24,208200,12.473236
2011-08-05,14.49,14.96,13.99,14.70,173500,12.876163
2011-08-04,14.99,15.02,14.48,14.48,75400,12.683458
2011-08-03,14.82,15.20,14.67,15.04,86600,13.173979
2011-08-02,14.91,15.12,14.79,14.87,87700,12.981275
2011-08-01,15.19,15.22,14.64,14.91,70100,13.016194
2011-07-29,14.74,14.90,14.67,14.83,92100,12.946355
2011-07-28,14.76,15.05,14.63,14.89,100700,12.998735
2011-07-27,14.80,14.95,14.74,14.78,122600,12.902706
2011-07-26,14.91,15.17,14.89,14.98,125000,13.077302
2011-07-25,14.87,15.07,14.81,14.85,101500,12.963815
2011-07-22,15.22,15.40,14.80,14.89,219900,12.998735
2011-07-21,14.50,15.36,14.50,14.82,328700,12.937625
2011-07-20,13.77,13.88,13.55,13.78,54100,12.029722
2011-07-19,13.76,13.85,13.63,13.72,31500,11.977343
2011-07-18,13.61,13.80,13.50,13.67,56800,11.933694
2011-07-15,13.53,13.77,13.53,13.70,65200,11.959883
2011-07-14,13.66,13.71,13.44,13.48,19100,11.767826
2011-07-13,13.49,13.63,13.48,13.60,28000,11.872585
2011-07-12,13.45,13.59,13.34,13.47,45100,11.759097
2011-07-11,13.38,13.56,13.38,13.48,32200,11.767826
2011-07-08,13.45,13.55,12.92,13.52,31600,11.802746
2011-07-07,13.70,13.80,13.57,13.64,33200,11.907504
2011-07-06,13.74,13.74,13.40,13.59,30100,11.863855
2011-07-05,13.64,14.00,13.53,13.71,78500,11.968613
2011-07-01,13.54,13.84,13.34,13.66,115900,11.924964
2011-06-30,13.53,13.61,13.44,13.59,69000,11.863855
2011-06-29,13.43,13.57,13.36,13.54,37100,11.820206
2011-06-28,13.41,13.45,13.34,13.44,70200,11.732907
2011-06-27,13.10,13.45,12.92,13.44,70400,11.732907
2011-06-24,12.90,13.06,12.86,13.05,352300,11.392444
2011-06-23,12.95,13.15,12.84,12.90,81100,11.261495
2011-06-22,13.11,13.24,12.89,12.91,98900,11.270226
2011-06-21,12.97,13.20,12.94,13.06,103800,11.401174
2011-06-20,12.79,13.15,12.73,12.90,107100,11.261495
2011-06-17,13.04,13.11,12.80,12.83,200100,11.200387
2011-06-16,13.13,13.30,12.86,13.00,142500,11.348794
2011-06-15,13.29,13.39,12.99,13.13,105300,11.462282
2011-06-14,13.38,13.39,13.32,13.35,58000,11.654339
2011-06-13,13.37,13.53,13.30,13.30,51600,11.61069
2011-06-10,13.34,13.96,13.16,13.34,131100,11.645609
2011-06-09,13.48,13.54,13.33,13.38,59400,11.680528
2011-06-08,13.35,13.50,13.17,13.45,125800,11.741637
2011-06-07,13.44,13.51,13.15,13.35,57300,11.654339
2011-06-06,13.25,13.47,13.25,13.34,66000,11.645609
2011-06-03,13.28,13.45,13.19,13.26,166000,11.57577
2011-06-02,13.30,13.52,13.21,13.41,55600,11.706718
2011-06-01,13.72,13.76,13.27,13.28,87000,11.59323
2011-05-31,13.55,14.04,13.49,13.70,236000,11.959883
2011-05-27,13.32,13.50,13.23,13.44,35500,11.732907
2011-05-26,13.31,13.36,13.21,13.30,44200,11.61069
2011-05-25,13.02,13.51,13.02,13.32,49900,11.628149
2011-05-24,13.33,13.39,13.05,13.06,91000,11.401174
2011-05-23,13.19,13.45,13.15,13.27,61900,11.5845
2011-05-20,13.34,13.50,13.24,13.32,54300,11.628149
2011-05-19,13.55,13.55,13.34,13.41,36900,11.706718
2011-05-18,13.28,13.51,13.23,13.50,58900,11.785286
2011-05-17,13.32,13.37,13.16,13.28,64500,11.59323
2011-05-16,13.26,13.50,13.26,13.37,56900,11.671798
2011-05-13,13.43,13.53,13.23,13.31,67000,11.61942
2011-05-12,13.36,13.60,13.26,13.45,110500,11.741637
2011-05-11,13.34,13.48,13.22,13.40,43900,11.697988
2011-05-10,13.41,13.50,13.23,13.35,69500,11.654339
2011-05-09,13.22,13.45,13.21,13.34,46000,11.645609
2011-05-06,13.40,13.42,13.15,13.24,74000,11.55831
2011-05-05,13.27,13.49,13.27,13.29,75500,11.60196
2011-05-04,13.33,13.49,13.29,13.29,77600,11.60196
2011-05-03,13.43,13.51,13.32,13.36,85000,11.61942
2011-05-02,13.50,13.54,13.33,13.47,87000,11.715089
2011-04-29,13.42,13.55,13.29,13.48,55000,11.723786
2011-04-28,13.46,13.54,13.33,13.42,61000,11.671603
2011-04-27,13.42,13.55,13.42,13.46,64000,11.706392
2011-04-26,13.34,13.55,13.29,13.40,119300,11.654208
2011-04-25,13.44,13.50,13.21,13.29,120800,11.55854
2011-04-21,13.50,13.52,13.45,13.49,49300,11.732483
2011-04-20,13.51,13.51,13.31,13.46,149800,11.706392
2011-04-19,13.42,13.50,13.36,13.37,51100,11.628117
2011-04-18,13.27,13.48,13.25,13.37,120900,11.628117
2011-04-15,13.44,13.49,13.31,13.34,215500,11.602026
2011-04-14,13.46,13.50,13.41,13.48,62200,11.723786
2011-04-13,13.53,13.64,13.45,13.53,66200,11.767272
2011-04-12,13.49,13.55,13.41,13.47,187700,11.715089
2011-04-11,13.65,13.68,13.46,13.54,125100,11.775969
2011-04-08,13.74,13.75,13.47,13.62,110100,11.845546
2011-04-07,13.65,13.82,13.20,13.66,254700,11.880335
2011-04-06,13.48,13.60,13.28,13.40,68800,11.654208
2011-04-05,13.39,13.69,13.37,13.43,73600,11.6803
2011-04-04,13.18,13.48,13.06,13.45,100200,11.697694
2011-04-01,13.20,13.20,13.01,13.13,106900,11.419385
2011-03-31,13.06,13.19,13.01,13.18,61600,11.462871
2011-03-30,13.20,13.22,13.05,13.13,68700,11.419385
2011-03-29,13.17,13.27,13.05,13.18,91800,11.462871
2011-03-28,12.94,13.25,12.94,13.24,37700,11.515054
2011-03-25,13.12,13.15,12.91,12.93,46900,11.245442
2011-03-24,13.11,13.25,12.96,13.12,33800,11.410688
2011-03-23,12.97,13.06,12.89,13.06,83200,11.358505
2011-03-22,13.00,13.00,12.96,12.99,21200,11.297624
2011-03-21,13.03,13.20,12.92,13.00,69000,11.306322
2011-03-18,12.86,13.11,12.64,13.03,157500,11.332413
2011-03-17,12.94,13.02,12.74,12.77,100700,11.106287
2011-03-16,12.75,13.00,12.70,12.88,60500,11.201956
2011-03-15,12.46,12.88,12.27,12.82,86000,11.149772
2011-03-14,12.87,12.93,12.72,12.75,133200,11.088893
2011-03-11,12.96,13.00,12.82,12.96,37100,11.271533
2011-03-10,13.00,13.03,12.83,12.98,113300,11.288927
2011-03-09,13.20,13.21,13.04,13.11,59800,11.40199
2011-03-08,13.10,13.30,13.04,13.16,105000,11.445476
2011-03-07,13.04,13.27,12.91,13.08,73600,11.375899
2011-03-04,13.15,13.15,12.97,13.04,37400,11.34111
2011-03-03,13.23,13.25,12.90,13.15,45800,11.436779
2011-03-02,13.10,13.22,12.87,13.15,109400,11.436779
2011-03-01,12.60,13.58,12.60,13.14,248600,11.428082
2011-02-28,13.00,13.05,12.74,13.00,54600,11.306322
2011-02-25,13.06,13.09,12.78,13.00,77000,11.306322
2011-02-24,12.62,13.09,12.54,13.03,73000,11.332413
2011-02-23,12.75,12.85,12.53,12.57,89400,10.932343
2011-02-22,12.86,12.88,12.64,12.73,99300,11.071498
2011-02-18,13.12,13.23,12.87,13.03,95300,11.332413
2011-02-17,12.99,13.22,12.92,13.11,63500,11.40199
2011-02-16,12.99,13.02,12.85,13.02,45900,11.323717
2011-02-15,12.99,12.99,12.86,12.98,36800,11.288927
2011-02-14,12.93,13.15,12.86,12.99,49400,11.297624
2011-02-11,12.85,12.98,12.75,12.94,24200,11.254138
2011-02-10,12.99,12.99,12.87,12.93,87900,11.245442
2011-02-09,12.58,13.20,12.58,13.06,53400,11.358505
2011-02-08,13.16,13.27,13.05,13.20,56300,11.480265
2011-02-07,13.05,13.32,13.04,13.23,329000,11.488961
2011-02-04,13.12,13.14,12.99,13.06,115000,11.341334
2011-02-03,13.10,13.20,12.80,13.15,152900,11.419489
2011-02-02,13.00,13.19,13.00,13.09,85800,11.367385
2011-02-01,13.05,13.20,12.79,13.04,171500,11.323965
2011-01-31,12.87,13.01,12.62,12.94,155700,11.237125
2011-01-28,12.97,12.97,12.60,12.90,162200,11.202389
2011-01-27,13.00,13.13,12.87,12.95,106200,11.245809
2011-01-26,13.04,13.07,12.81,13.00,189400,11.289229
2011-01-25,13.06,13.07,12.70,13.04,160200,11.323965
2011-01-24,12.83,13.10,12.80,13.06,306000,11.341334
2011-01-21,12.62,12.92,12.52,12.85,287800,11.158969
2011-01-20,12.55,12.69,12.52,12.58,208400,10.9245
2011-01-19,12.90,12.90,12.63,12.64,142600,10.976605
2011-01-18,12.68,12.95,12.68,12.90,163200,11.202389
2011-01-14,12.69,12.95,12.60,12.93,166600,11.228441
2011-01-13,12.60,12.75,12.55,12.70,93200,11.028708
2011-01-12,12.64,12.70,12.54,12.67,87100,11.002656
2011-01-11,12.69,12.69,12.51,12.60,161200,10.941869
2011-01-10,12.76,12.76,12.51,12.62,223300,10.959236
2011-01-07,12.71,12.95,12.51,12.79,185400,11.106865
2011-01-06,12.61,13.00,12.25,12.74,239600,11.063444
2011-01-05,12.04,12.81,12.00,12.78,490200,11.09818
2011-01-04,12.04,12.07,11.81,12.01,249300,10.429511
2011-01-03,11.83,12.03,11.77,12.00,147100,10.420827
2010-12-31,11.63,11.88,11.62,11.69,64000,10.151622
2010-12-30,11.81,11.81,11.65,11.71,27700,10.16899
2010-12-29,11.80,11.84,11.69,11.81,27000,10.255831
2010-12-28,11.90,11.90,11.60,11.70,52300,10.160306
2010-12-27,11.77,11.92,11.67,11.86,35100,10.29925
2010-12-23,11.70,11.80,11.58,11.75,33100,10.203726
2010-12-22,11.62,11.80,11.60,11.70,45300,10.160306
2010-12-21,11.68,11.74,11.57,11.65,46100,10.116886
2010-12-20,11.40,11.69,11.36,11.62,83300,10.090834
2010-12-17,11.29,11.40,11.19,11.38,168400,9.882418
2010-12-16,11.19,11.27,11.05,11.25,41600,9.769525
2010-12-15,11.17,11.28,11.11,11.21,45400,9.734789
2010-12-14,11.26,11.26,11.09,11.17,64400,9.700053
2010-12-13,11.28,11.28,11.20,11.21,87500,9.734789
2010-12-10,11.18,11.33,11.14,11.22,58600,9.743473
2010-12-09,11.30,11.30,11.10,11.13,57100,9.665317
2010-12-08,11.26,11.30,11.20,11.27,81500,9.786894
2010-12-07,11.40,11.40,11.20,11.25,137100,9.769525
2010-12-06,11.10,11.35,11.06,11.23,125700,9.752157
2010-12-03,11.03,11.10,10.90,11.10,40500,9.639265
2010-12-02,10.88,11.06,10.81,11.04,175700,9.587161
2010-12-01,10.86,10.95,10.82,10.87,61800,9.439532
2010-11-30,10.70,10.82,10.60,10.71,62700,9.300588
2010-11-29,10.75,10.89,10.65,10.85,33400,9.422165
2010-11-26,10.82,10.90,10.78,10.78,13400,9.361376
2010-11-24,10.68,10.94,10.68,10.91,59900,9.474268
2010-11-23,10.69,10.70,10.51,10.60,56000,9.205064
2010-11-22,10.84,10.89,10.57,10.83,54800,9.404796
2010-11-19,10.74,10.93,10.69,10.89,81200,9.456901
2010-11-18,10.60,10.75,10.59,10.73,77900,9.317956
2010-11-17,10.58,10.63,10.42,10.49,77900,9.109539
2010-11-16,10.51,10.58,10.42,10.53,112000,9.144275
2010-11-15,10.65,10.82,10.50,10.62,103400,9.222432
2010-11-12,10.55,10.71,10.50,10.56,74800,9.170328
2010-11-11,10.67,10.73,10.52,10.62,128500,9.222432
2010-11-10,10.71,10.80,10.54,10.77,177500,9.352693
2010-11-09,10.80,10.86,10.66,10.72,131300,9.309272
2010-11-08,10.84,10.92,10.80,10.83,116100,9.404796
2010-11-05,10.94,10.98,10.86,10.95,96400,9.509004
2010-11-04,10.99,11.00,10.81,10.85,138700,9.422165
2010-11-03,10.71,11.00,10.71,10.87,68300,9.439532
2010-11-02,10.93,10.93,10.63,10.74,89400,9.309272
2010-11-01,10.82,10.88,10.74,10.85,99600,9.404619
2010-10-29,10.85,10.90,10.76,10.82,72400,9.378615
2010-10-28,10.99,10.99,10.71,10.86,118600,9.413286
2010-10-27,10.88,10.94,10.85,10.90,90200,9.447957
2010-10-26,10.86,10.99,10.84,10.88,59200,9.430622
2010-10-25,10.94,10.99,10.85,10.95,81300,9.491297
2010-10-22,10.68,10.93,10.53,10.91,117200,9.456625
2010-10-21,10.87,10.95,10.50,10.68,133200,9.257265
2010-10-20,10.62,10.95,10.58,10.85,75500,9.404619
2010-10-19,10.59,10.76,10.40,10.63,202300,9.213926
2010-10-18,10.70,10.78,10.46,10.76,66200,9.326608
2010-10-15,10.90,10.94,10.61,10.71,87100,9.283269
2010-10-14,10.88,10.95,10.78,10.87,97600,9.421954
2010-10-13,10.75,10.99,10.61,10.85,206200,9.404619
2010-10-12,10.54,10.80,10.44,10.73,121900,9.300604
2010-10-11,10.45,10.70,10.36,10.60,74400,9.187922
2010-10-08,10.23,10.55,10.20,10.48,221500,9.083908
2010-10-07,10.60,10.70,10.01,10.19,510800,8.83254
2010-10-06,10.51,10.61,10.20,10.33,147000,8.95389
2010-10-05,10.38,10.55,10.20,10.48,248800,9.083908
2010-10-04,10.93,11.02,10.19,10.25,574400,8.884547
2010-10-01,11.50,12.93,10.75,11.00,957800,9.534636
2010-09-30,10.10,10.59,10.10,10.50,85800,9.101244
2010-09-29,10.50,10.85,9.91,10.02,109500,8.685187
2010-09-28,10.23,10.50,10.00,10.50,54600,9.101244
2010-09-27,9.90,10.27,9.82,10.23,69000,8.867211
2010-09-24,9.79,9.88,9.65,9.82,44900,8.51183
2010-09-23,9.73,9.86,9.51,9.67,46000,8.381812
2010-09-22,9.92,10.03,9.66,9.81,44300,8.503162
2010-09-21,9.92,10.16,9.38,9.94,64000,8.615844
2010-09-20,9.61,9.92,9.38,9.92,54300,8.598508
2010-09-17,9.42,9.62,9.27,9.54,62400,8.26913
2010-09-16,9.38,9.46,8.84,9.30,19200,8.061102
2010-09-15,9.50,9.52,9.25,9.46,25300,8.199787
2010-09-14,9.42,9.77,9.42,9.58,47000,8.303801
2010-09-13,9.00,9.47,9.00,9.42,33700,8.165116
2010-09-10,9.03,9.20,8.81,8.89,35000,7.70572
2010-09-09,9.00,9.31,8.94,8.97,16400,7.775063
2010-09-08,9.01,9.10,8.85,8.86,23300,7.679716
2010-09-07,9.54,9.54,8.96,9.01,55400,7.809734
2010-09-03,9.26,9.57,9.06,9.55,46600,8.277798
2010-09-02,9.20,9.40,9.07,9.25,44200,8.017762
2010-09-01,8.91,9.26,8.76,9.24,53900,8.009094
2010-08-31,9.15,9.29,8.78,8.80,43600,7.627709
2010-08-30,9.12,9.46,8.98,9.13,70400,7.913748
2010-08-27,9.07,9.23,8.73,9.18,61000,7.957088
2010-08-26,8.78,9.11,8.76,8.96,63100,7.766395
2010-08-25,8.85,8.93,8.63,8.75,26500,7.58437
2010-08-24,8.51,9.16,8.48,8.87,90100,7.688384
2010-08-23,8.69,9.24,8.54,8.71,83400,7.549698
2010-08-20,8.99,9.23,8.59,8.68,50700,7.523695
2010-08-19,9.18,9.27,8.84,9.05,68100,7.844405
2010-08-18,8.75,9.63,8.57,9.25,66900,8.017762
2010-08-17,8.92,9.08,8.56,8.76,52600,7.593038
2010-08-16,8.35,8.87,8.35,8.86,69900,7.679716
2010-08-13,8.55,8.61,8.30,8.45,50500,7.324334
2010-08-12,8.77,8.88,8.54,8.60,50800,7.454352
2010-08-11,9.23,9.23,8.87,8.93,77700,7.740391
2010-08-10,9.59,9.59,9.25,9.43,42000,8.173784
2010-08-09,9.34,9.75,9.33,9.71,85000,8.416483
2010-08-06,9.23,9.34,8.98,9.24,51200,8.009094
2010-08-05,9.46,9.47,9.23,9.32,56800,8.078437
2010-08-04,9.52,9.61,9.28,9.55,63100,8.277798
2010-08-03,9.75,9.76,9.37,9.51,39300,8.225791
2010-08-02,9.67,9.93,9.44,9.62,93400,8.320936
2010-07-30,9.30,9.57,9.14,9.55,39500,8.260389
2010-07-29,9.97,9.99,9.35,9.40,103600,8.130645
2010-07-28,9.98,10.25,9.76,9.88,74900,8.545827
2010-07-27,9.61,10.07,9.54,9.98,220200,8.632323
2010-07-26,9.81,9.81,9.30,9.51,104200,8.225791
2010-07-23,9.55,9.84,9.32,9.82,93900,8.493929
2010-07-22,9.75,10.00,9.32,9.58,186100,8.286338
2010-07-21,9.40,9.54,9.04,9.35,63500,8.087397
2010-07-20,8.94,9.36,8.62,9.35,65200,8.087397
2010-07-19,9.21,9.21,8.90,9.13,39800,7.897105
2010-07-16,9.51,9.54,9.17,9.24,79800,7.992251
2010-07-15,9.48,9.57,9.21,9.55,38400,8.260389
2010-07-14,9.66,9.68,9.42,9.43,43000,8.156594
2010-07-13,9.24,9.63,9.24,9.56,93900,8.269039
2010-07-12,9.15,9.51,9.01,9.08,49800,7.853857
2010-07-09,8.96,9.20,8.83,9.20,73300,7.957652
2010-07-08,9.13,9.28,8.80,9.00,63400,7.78466
2010-07-07,8.07,9.04,8.00,9.04,121800,7.819258
2010-07-06,8.66,8.82,8.09,8.10,118900,7.006194
2010-07-02,8.65,8.66,8.33,8.48,63300,7.334879
2010-07-01,9.00,9.03,8.36,8.62,121000,7.455974
2010-06-30,9.28,9.44,8.98,9.00,63700,7.78466
2010-06-29,9.39,9.50,8.91,9.31,59500,8.052799
2010-06-28,9.59,9.83,9.54,9.54,85100,8.25174
2010-06-25,9.15,9.86,8.95,9.63,2361900,8.329586
2010-06-24,9.22,9.43,9.00,9.11,105100,7.879806
2010-06-23,8.90,9.45,8.82,9.34,133000,8.078747
2010-06-22,9.05,9.09,8.86,8.97,45400,7.758711
2010-06-21,9.25,9.26,9.06,9.07,49600,7.845207
2010-06-18,9.21,9.27,9.11,9.21,56500,7.966302
2010-06-17,9.19,9.24,9.00,9.24,63200,7.992251
2010-06-16,9.04,9.16,8.80,9.12,52500,7.888455
2010-06-15,8.92,9.17,8.91,9.13,43000,7.897105
2010-06-14,8.76,8.98,8.69,8.92,51000,7.715463
2010-06-11,8.49,8.79,8.27,8.61,38800,7.447324
2010-06-10,8.57,8.75,8.38,8.67,49600,7.499223
2010-06-09,8.45,8.96,8.37,8.44,45200,7.300281
2010-06-08,8.58,8.79,8.12,8.45,119800,7.308931
2010-06-07,9.20,9.20,8.59,8.60,102200,7.438675
2010-06-04,9.48,9.58,9.11,9.12,46400,7.888455
2010-06-03,9.59,9.69,9.38,9.63,54500,8.329586
2010-06-02,9.36,9.51,9.10,9.49,88600,8.208491
2010-06-01,9.68,9.68,8.96,9.18,66100,7.940353
2010-05-28,9.51,9.75,9.20,9.74,52600,8.424732
2010-05-27,9.55,9.77,9.33,9.73,51800,8.416082
2010-05-26,9.25,9.61,9.18,9.36,48400,8.096046
2010-05-25,9.49,9.49,8.92,9.18,135300,7.940353
2010-05-24,9.96,10.09,9.84,9.94,37400,8.597724
2010-05-21,9.46,9.95,9.32,9.95,105100,8.606374
2010-05-20,10.01,10.01,9.38,9.69,117800,8.381484
2010-05-19,10.24,10.28,9.90,10.14,35500,8.770717
2010-05-18,10.30,10.53,10.16,10.24,58700,8.857213
2010-05-17,10.52,10.52,9.81,10.28,133000,8.891811
2010-05-14,10.81,10.81,10.52,10.60,55100,9.1686
2010-05-13,10.80,10.95,10.65,10.90,107300,9.428088
2010-05-12,10.90,10.96,10.70,10.90,58500,9.428088
2010-05-11,10.83,11.04,10.82,10.84,93400,9.376191
2010-05-10,11.00,11.24,10.58,10.80,123700,9.341592
2010-05-07,10.80,10.99,10.25,10.59,129300,9.15995
2010-05-06,11.40,11.53,7.51,10.84,200800,9.376191
2010-05-05,11.41,11.52,11.03,11.40,126600,9.860569
2010-05-04,11.55,11.55,11.24,11.46,156200,9.895168
2010-05-03,11.52,11.75,11.08,11.61,160700,10.024686
2010-04-30,11.55,11.72,11.36,11.49,185800,9.921072
2010-04-29,11.16,11.56,11.15,11.52,106400,9.946976
2010-04-28,10.98,11.17,10.71,11.11,104500,9.59296
2010-04-27,11.57,11.57,10.84,10.98,155700,9.480711
2010-04-26,10.85,11.59,10.84,11.59,151000,10.007417
2010-04-23,12.16,12.35,10.61,10.84,320000,9.359828
2010-04-22,11.45,11.82,11.11,11.69,172300,10.093762
2010-04-21,10.90,11.60,10.80,11.43,175100,9.869265
2010-04-20,10.76,10.96,10.70,10.96,102900,9.463442
2010-04-19,10.13,10.75,10.09,10.66,272800,9.204406
2010-04-16,9.81,10.17,9.76,10.05,613600,8.6777
2010-04-15,9.85,9.90,9.38,9.81,128600,8.470472
2010-04-14,9.90,9.92,9.81,9.89,145500,8.539548
2010-04-13,9.41,9.84,9.41,9.81,208000,8.470472
2010-04-12,9.49,9.89,9.20,9.35,320500,8.073283
2010-04-09,10.02,10.08,8.92,9.37,468900,8.090552
2010-04-08,8.79,9.40,8.69,9.38,165600,8.099187
2010-04-07,8.75,8.89,8.63,8.86,102600,7.650191
2010-04-06,8.55,8.75,8.45,8.75,68600,7.555211
2010-04-05,8.39,8.63,8.35,8.55,74400,7.382521
2010-04-01,8.03,8.38,8.03,8.35,66000,7.209831
2010-03-31,8.00,8.10,7.93,7.95,57100,6.864449
2010-03-30,8.15,8.35,7.87,7.95,79100,6.864449
2010-03-29,8.17,8.25,8.12,8.15,55200,7.037139
2010-03-26,8.05,8.16,7.97,8.10,39200,6.993967
2010-03-25,7.84,8.15,7.75,8.00,58500,6.907622
2010-03-24,7.73,7.83,7.54,7.81,19000,6.743566
2010-03-23,7.73,7.86,7.60,7.81,73600,6.743566
2010-03-22,7.43,7.86,7.43,7.75,67500,6.691759
2010-03-19,7.80,7.80,7.44,7.44,98100,6.424088
2010-03-18,7.86,7.93,7.66,7.79,92900,6.726297
2010-03-17,7.96,7.97,7.79,7.92,31500,6.838546
2010-03-16,7.76,7.93,7.74,7.90,51600,6.821277
2010-03-15,7.78,7.79,7.65,7.77,47200,6.709028
2010-03-12,7.90,7.93,7.61,7.79,101800,6.726297
2010-03-11,8.00,8.00,7.84,7.89,41800,6.812642
2010-03-10,7.95,8.05,7.94,7.99,32900,6.898987
2010-03-09,8.03,8.09,7.90,8.02,29700,6.924891
2010-03-08,7.86,8.06,7.66,8.03,75300,6.933525
2010-03-05,8.09,8.12,7.85,7.95,45300,6.864449
2010-03-04,7.96,8.18,7.93,8.08,47100,6.976698
2010-03-03,7.91,8.01,7.80,7.98,26100,6.890353
2010-03-02,7.87,7.97,7.85,7.95,33800,6.864449
2010-03-01,7.81,8.01,7.68,7.81,89000,6.743566
2010-02-26,7.80,8.06,7.76,7.86,120200,6.786739
2010-02-25,7.63,7.84,7.62,7.80,30200,6.734931
2010-02-24,7.70,7.80,7.60,7.72,68300,6.665855
2010-02-23,7.86,7.90,7.58,7.73,83600,6.67449
2010-02-22,7.83,7.90,7.66,7.86,74700,6.786739
2010-02-19,7.72,7.89,7.72,7.84,92400,6.76947
2010-02-18,7.77,7.84,7.67,7.83,34000,6.760835
2010-02-17,7.88,7.89,7.60,7.74,77000,6.683124
2010-02-16,7.56,7.87,7.45,7.80,112300,6.734931
2010-02-12,7.47,7.50,7.40,7.45,163300,6.432723
2010-02-11,7.60,7.61,7.44,7.50,45400,6.475895
2010-02-10,7.61,7.69,7.30,7.50,72800,6.475895
2010-02-09,7.61,7.83,7.52,7.67,47800,6.622683
2010-02-08,7.61,7.75,7.52,7.65,121900,6.605413
2010-02-05,7.76,7.80,7.38,7.68,178000,6.614048
2010-02-04,8.21,8.21,7.70,7.76,81800,6.682944
2010-02-03,8.29,8.29,7.80,8.21,50000,7.070486
2010-02-02,7.99,8.43,7.76,8.27,157000,7.122159
2010-02-01,7.57,7.97,7.55,7.95,87000,6.846573
2010-01-29,8.11,8.13,7.63,7.68,109500,6.614048
2010-01-28,8.29,8.29,7.96,7.99,77200,6.881021
2010-01-27,7.83,8.09,7.83,7.96,72000,6.855185
2010-01-26,8.08,8.08,7.80,7.81,66500,6.726004
2010-01-25,8.24,8.33,7.62,8.06,175600,6.941306
2010-01-22,8.05,8.23,7.91,7.98,98400,6.872409
2010-01-21,8.37,8.43,8.01,8.11,66500,6.984365
2010-01-20,8.20,8.40,8.11,8.35,312900,7.191055
2010-01-19,8.09,8.24,8.01,8.19,161100,7.053262
2010-01-15,8.00,8.01,7.50,8.00,71400,6.889633
2010-01-14,8.00,8.06,7.82,8.00,111200,6.889633
2010-01-13,7.92,8.15,7.70,8.10,99300,6.975754
2010-01-12,7.92,8.20,7.49,7.91,126500,6.812125
2010-01-11,8.00,8.00,7.15,7.83,145200,6.743228
2010-01-08,7.32,7.64,7.01,7.44,101800,6.407359
2010-01-07,6.65,7.33,6.60,7.31,352900,6.295402
2010-01-06,6.01,6.13,5.94,6.10,65300,5.253345
2010-01-05,5.95,6.01,5.94,6.01,49700,5.175837
2010-01-04,5.89,6.01,5.89,5.89,6500,5.072492
2009-12-31,5.95,6.03,5.80,5.87,108900,5.055268
2009-12-30,5.86,6.04,5.86,5.95,25600,5.124165
2009-12-29,6.00,6.00,5.83,5.95,18800,5.124165
2009-12-28,5.76,6.02,5.76,5.98,226600,5.150001
2009-12-24,5.93,5.99,5.80,5.80,12400,4.994984
2009-12-23,5.80,5.88,5.75,5.84,58300,5.029432
2009-12-22,5.97,5.97,5.62,5.80,15800,4.994984
2009-12-21,5.74,5.89,5.73,5.86,19800,5.046656
2009-12-18,5.79,5.85,5.62,5.85,15500,5.038044
2009-12-17,5.91,6.00,5.79,5.79,9000,4.986372
2009-12-16,5.58,5.96,5.56,5.93,30100,5.10694
2009-12-15,5.81,5.81,5.58,5.58,4800,4.805519
2009-12-14,5.68,5.87,5.49,5.81,28300,5.003596
2009-12-11,5.40,5.64,5.40,5.61,20500,4.831355
2009-12-10,5.44,5.63,5.31,5.35,33600,4.607442
2009-12-09,5.42,5.55,5.41,5.55,25200,4.779683
2009-12-08,5.47,5.61,5.47,5.55,21600,4.779683
2009-12-07,5.77,5.77,5.36,5.55,47100,4.779683
2009-12-04,5.86,5.86,5.68,5.73,13300,4.9347
2009-12-03,6.00,6.09,5.86,5.86,14100,5.046656
2009-12-02,5.99,6.03,5.97,6.00,43100,5.167225
2009-12-01,6.03,6.13,5.86,5.98,104800,5.150001
2009-11-30,5.90,6.01,5.81,5.95,131400,5.124165
2009-11-27,5.97,6.11,5.94,5.94,32100,5.115553
2009-11-25,6.10,6.11,6.00,6.00,11600,5.167225
2009-11-24,6.16,6.23,5.93,6.10,56400,5.253345
2009-11-23,6.38,6.42,6.26,6.31,40400,5.434198
2009-11-20,6.00,6.46,5.85,6.26,70500,5.391138
2009-11-19,6.10,6.10,5.81,5.96,57500,5.132777
2009-11-18,5.95,6.16,5.92,6.15,25700,5.296406
2009-11-17,6.03,6.03,5.81,5.99,40500,5.158613
2009-11-16,6.00,6.05,5.90,5.99,120300,5.158613
2009-11-13,6.00,6.00,5.85,5.95,54100,5.124165
2009-11-12,5.93,5.98,5.83,5.97,31500,5.141389
2009-11-11,5.96,6.00,5.83,5.98,22300,5.150001
2009-11-10,5.89,5.99,5.82,5.97,59700,5.141389
2009-11-09,5.71,6.00,5.71,5.88,34400,5.06388
2009-11-06,5.67,5.80,5.63,5.75,43700,4.951924
2009-11-05,5.66,5.75,5.56,5.67,18600,4.883028
2009-11-04,5.64,5.94,5.60,5.68,34300,4.891639
2009-11-03,5.55,5.80,5.55,5.66,24300,4.857191
2009-11-02,5.61,5.99,5.47,5.60,115300,4.805702
2009-10-30,5.65,5.99,5.50,5.65,135200,4.84861
2009-10-29,5.62,5.97,5.62,5.70,23200,4.891518
2009-10-28,5.94,5.99,5.39,5.62,56800,4.822865
2009-10-27,6.00,6.15,5.94,5.98,56400,5.131803
2009-10-26,6.02,6.17,5.79,5.94,124600,5.097477
2009-10-23,6.00,6.07,5.90,6.02,58300,5.166129
2009-10-22,6.01,6.08,5.94,6.05,105400,5.191874
2009-10-21,5.84,6.05,5.84,6.04,73200,5.183293
2009-10-20,5.94,5.97,5.82,5.87,39400,5.037405
2009-10-19,5.99,6.02,5.81,5.88,58400,5.045987
2009-10-16,5.90,6.02,5.90,5.94,26300,5.097477
2009-10-15,5.90,5.98,5.72,5.91,23200,5.071732
2009-10-14,5.79,5.99,5.67,5.91,91900,5.071732
2009-10-13,5.72,5.80,5.55,5.67,103500,4.865773
2009-10-12,5.68,5.75,5.62,5.68,25000,4.874355
2009-10-09,5.49,5.75,5.41,5.73,49400,4.917263
2009-10-08,5.25,5.92,5.20,5.60,141200,4.805702
2009-10-07,4.96,5.14,4.96,5.07,28000,4.350877
2009-10-06,5.00,5.05,4.88,5.00,78900,4.290805
2009-10-05,4.90,5.10,4.89,5.01,73200,4.299387
2009-10-02,4.91,5.18,4.91,4.98,15400,4.273642
2009-10-01,5.00,5.10,4.96,5.00,40200,4.290805
2009-09-30,5.17,5.18,5.00,5.10,93700,4.376621
2009-09-29,5.09,5.18,5.03,5.10,82000,4.376621
2009-09-28,4.99,5.15,4.90,5.09,26300,4.36804
2009-09-25,5.09,5.15,5.05,5.09,31300,4.36804
2009-09-24,5.00,5.13,4.91,5.05,52200,4.333713
2009-09-23,5.05,5.23,4.98,5.00,166400,4.290805
2009-09-22,4.75,5.15,4.75,5.10,207000,4.376621
2009-09-21,4.64,4.74,4.52,4.64,18400,3.981867
2009-09-18,4.80,4.88,4.54,4.61,443300,3.956122
2009-09-17,4.21,4.83,4.21,4.66,27800,3.99903
2009-09-16,4.20,4.30,4.17,4.26,41700,3.655766
2009-09-15,4.08,4.20,4.01,4.14,81300,3.552787
2009-09-14,4.12,4.12,4.06,4.10,3400,3.51846
2009-09-11,4.10,4.18,3.98,4.08,20000,3.501297
2009-09-10,4.03,4.06,4.00,4.06,9700,3.484134
2009-09-09,3.96,4.10,3.96,4.08,49500,3.501297
2009-09-08,4.00,4.01,3.98,4.00,12000,3.432644
2009-09-04,3.89,4.05,3.89,3.99,20800,3.424063
2009-09-03,3.81,3.81,3.81,3.81,300,3.269593
2009-09-02,3.88,3.92,3.81,3.81,7000,3.269593
2009-09-01,4.05,4.18,3.80,3.89,55200,3.338247
2009-08-31,4.12,4.13,3.81,4.06,52900,3.484134
2009-08-28,3.86,4.04,3.80,4.04,82000,3.466971
2009-08-27,3.80,3.81,3.74,3.75,3600,3.218104
2009-08-26,3.76,3.85,3.63,3.85,23400,3.30392
2009-08-25,3.80,3.85,3.79,3.79,16800,3.25243
2009-08-24,3.78,3.81,3.78,3.81,7000,3.269593
2009-08-21,3.87,3.87,3.75,3.80,14000,3.261012
2009-08-20,3.75,3.83,3.64,3.78,48100,3.243849
2009-08-19,3.80,3.80,3.62,3.80,5400,3.261012
2009-08-18,3.63,3.80,3.63,3.80,67300,3.261012
2009-08-17,3.43,3.72,3.43,3.68,18500,3.158033
2009-08-14,3.46,3.76,3.44,3.57,8800,3.063635
2009-08-13,3.48,3.63,3.47,3.47,12200,2.977819
2009-08-12,3.55,3.84,3.52,3.52,53300,3.020727
2009-08-11,3.79,3.88,3.79,3.88,16300,3.329665
2009-08-10,3.83,3.90,3.80,3.81,21300,3.269593
2009-08-07,3.92,3.92,3.75,3.85,18300,3.30392
2009-08-06,3.96,3.96,3.68,3.92,24300,3.363991
2009-08-05,3.87,3.89,3.73,3.89,27900,3.338247
2009-08-04,3.72,3.86,3.72,3.75,125300,3.200941
2009-08-03,3.69,3.80,3.58,3.76,41300,3.209476
2009-07-31,3.78,3.79,3.48,3.72,55200,3.175333
2009-07-30,3.78,3.80,3.71,3.71,8100,3.166797
2009-07-29,3.63,3.80,3.63,3.67,18300,3.132654
2009-07-28,3.45,3.71,3.42,3.60,7700,3.072903
2009-07-27,3.68,3.68,3.41,3.63,16500,3.098511
2009-07-24,3.74,3.80,3.24,3.75,28800,3.200941
2009-07-23,3.50,3.90,3.40,3.75,124500,3.200941
2009-07-22,3.50,3.63,3.30,3.46,18800,2.953401
2009-07-21,3.47,3.69,3.37,3.46,60300,2.953401
2009-07-20,3.50,3.75,3.31,3.37,11400,2.876579
2009-07-17,3.65,3.66,3.38,3.42,10300,2.919258
2009-07-16,3.24,3.71,3.24,3.71,38600,3.166797
2009-07-15,3.22,3.31,3.17,3.30,38600,2.816828
2009-07-14,3.12,3.15,3.05,3.10,19100,2.646111
2009-07-13,3.00,3.11,2.98,3.02,47200,2.577824
2009-07-10,3.00,3.09,2.85,2.95,15700,2.518073
2009-07-09,3.05,3.16,2.84,2.84,79100,2.424179
2009-07-08,3.13,3.27,3.10,3.10,19100,2.646111
2009-07-07,3.30,3.30,3.13,3.13,27400,2.671719
2009-07-06,3.39,3.40,3.27,3.40,10900,2.902186
2009-07-02,3.35,3.35,3.30,3.30,7900,2.816828
2009-07-01,3.35,3.40,3.30,3.35,14600,2.859507
2009-06-30,3.35,3.37,3.26,3.27,23700,2.79122
2009-06-29,3.42,3.42,3.35,3.37,6300,2.876579
2009-06-26,3.34,3.36,3.25,3.35,15800,2.859507
2009-06-25,3.41,3.51,3.28,3.39,27100,2.89365
2009-06-24,3.52,3.56,3.32,3.32,6100,2.833899
2009-06-23,3.41,3.51,3.39,3.45,40500,2.944865
2009-06-22,3.50,3.52,3.32,3.32,7100,2.833899
2009-06-19,3.69,3.70,3.50,3.58,24800,3.055831
2009-06-18,3.62,3.83,3.56,3.83,6700,3.269227
2009-06-17,3.59,3.60,3.58,3.58,3300,3.055831
2009-06-16,3.57,3.64,3.57,3.60,10400,3.072903
2009-06-15,3.60,3.64,3.55,3.56,23900,3.03876
2009-06-12,3.65,3.65,3.60,3.60,8600,3.072903
2009-06-11,3.90,3.93,3.52,3.73,98400,3.183869
2009-06-10,4.05,4.06,3.88,3.91,39300,3.337514
2009-06-09,4.03,4.05,3.96,4.05,12600,3.457016
2009-06-08,3.85,4.01,3.72,4.01,24500,3.422873
2009-06-05,3.94,3.98,3.87,3.90,10300,3.328978
2009-06-04,3.81,3.99,3.81,3.99,20000,3.405801
2009-06-03,3.96,3.96,3.83,3.91,10900,3.337514
2009-06-02,3.95,4.00,3.78,3.89,81700,3.320443
2009-06-01,3.90,3.94,3.82,3.88,34800,3.311907
2009-05-29,3.85,3.99,3.75,3.94,24500,3.363122
2009-05-28,3.91,4.00,3.70,3.83,18200,3.269227
2009-05-27,3.99,4.10,3.90,3.90,35200,3.328978
2009-05-26,3.94,4.12,3.88,3.93,17300,3.354586
2009-05-22,3.85,4.15,3.69,3.83,26500,3.269227
2009-05-21,3.80,3.91,3.72,3.72,10900,3.175333
2009-05-20,3.82,3.87,3.79,3.80,15100,3.24362
2009-05-19,3.75,3.80,3.61,3.80,29300,3.24362
2009-05-18,3.60,3.88,3.60,3.74,6200,3.192405
2009-05-15,3.85,3.87,3.50,3.59,14600,3.064367
2009-05-14,3.87,3.89,3.70,3.82,7000,3.260691
2009-05-13,3.63,3.94,3.52,3.94,51500,3.363122
2009-05-12,3.74,4.20,3.50,3.57,62100,3.047295
2009-05-11,3.90,3.93,3.79,3.82,12800,3.260691
2009-05-08,3.86,3.86,3.66,3.82,19700,3.260691
2009-05-07,3.92,3.99,3.72,3.77,31000,3.218012
2009-05-06,3.86,3.99,3.80,3.80,18100,3.24362
2009-05-05,3.79,3.93,3.76,3.79,5800,3.218012
2009-05-04,3.90,4.00,3.75,3.80,38700,3.226503
2009-05-01,3.69,3.94,3.59,3.81,15800,3.234994
2009-04-30,3.62,3.71,3.59,3.60,15800,3.056687
2009-04-29,3.78,4.01,3.55,3.70,18000,3.141595
2009-04-28,3.86,4.04,3.80,3.83,65600,3.251975
2009-04-27,3.83,4.00,3.82,3.82,31000,3.243485
2009-04-24,3.78,3.96,3.50,3.84,37100,3.260466
2009-04-23,3.55,3.90,3.49,3.71,40400,3.150086
2009-04-22,3.52,3.59,3.47,3.48,19300,2.954797
2009-04-21,3.51,3.57,3.45,3.52,52900,2.988761
2009-04-20,3.60,3.61,3.45,3.58,16500,3.039705
2009-04-17,3.50,3.55,3.47,3.51,12800,2.98027
2009-04-16,3.50,3.87,3.46,3.54,20500,3.005742
2009-04-15,3.65,3.67,3.55,3.55,20500,3.014233
2009-04-14,3.69,3.69,3.60,3.61,27000,3.065178
2009-04-13,3.56,3.96,3.55,3.74,146000,3.175558
2009-04-09,3.79,3.79,3.30,3.50,113700,2.971779
2009-04-08,3.98,4.08,3.73,4.00,29800,3.396319
2009-04-07,3.90,3.98,3.88,3.98,9000,3.379337
2009-04-06,3.98,4.06,3.95,3.98,13800,3.379337
2009-04-03,4.02,4.05,3.81,4.00,11700,3.396319
2009-04-02,3.70,4.21,3.66,4.03,62600,3.421791
2009-04-01,3.30,4.14,3.27,3.65,29100,3.099141
2009-03-31,3.36,3.67,3.24,3.38,36300,2.86989
2009-03-30,3.49,3.49,3.25,3.44,18600,2.920834
2009-03-27,3.32,3.43,3.11,3.43,31300,2.912344
2009-03-26,3.00,3.44,2.97,3.44,56700,2.920834
2009-03-25,3.00,3.30,2.89,2.95,37800,2.504785
2009-03-24,3.23,3.39,2.91,2.91,26800,2.470822
2009-03-23,2.94,3.50,2.92,3.17,40400,2.691583
2009-03-20,2.87,3.09,2.87,2.95,20500,2.504785
2009-03-19,2.95,2.99,2.80,2.80,24300,2.377423
2009-03-18,2.89,3.11,2.74,2.86,35700,2.428368
2009-03-17,2.80,3.03,2.47,3.03,63000,2.572712
2009-03-16,2.89,2.89,2.69,2.75,12900,2.334969
2009-03-13,2.98,2.98,2.63,2.75,13200,2.334969
2009-03-12,2.93,3.30,2.81,2.87,11100,2.436859
2009-03-11,3.06,3.06,2.98,2.99,2100,2.538748
2009-03-10,3.22,3.26,3.03,3.06,15700,2.598184
2009-03-09,3.22,3.24,3.17,3.21,5900,2.725546
2009-03-06,3.10,3.19,3.10,3.17,3000,2.691583
2009-03-05,3.28,3.30,3.13,3.13,4700,2.65762
2009-03-04,3.37,3.43,3.28,3.39,12200,2.87838
2009-03-03,3.22,3.28,3.11,3.28,17400,2.784981
2009-03-02,3.18,3.25,3.11,3.20,21700,2.717055
2009-02-27,2.79,3.05,2.75,3.00,43700,2.547239
2009-02-26,3.00,3.03,2.76,2.76,63100,2.34346
2009-02-25,3.09,3.09,3.00,3.00,19800,2.547239
2009-02-24,3.30,3.42,3.00,3.09,39700,2.623656
2009-02-23,3.46,3.46,3.32,3.32,23300,2.818945
2009-02-20,3.51,3.57,3.46,3.46,7800,2.937816
2009-02-19,3.75,3.75,3.50,3.53,21400,2.997251
2009-02-18,3.67,3.79,3.53,3.66,11400,3.107632
2009-02-17,3.70,3.80,3.58,3.67,36700,3.116123
2009-02-13,3.50,3.84,3.50,3.83,20000,3.251975
2009-02-12,3.57,3.57,3.49,3.50,32400,2.971779
2009-02-11,3.61,3.63,3.58,3.63,23300,3.08216
2009-02-10,3.59,3.60,3.56,3.57,7400,3.031215
2009-02-09,3.48,3.62,3.48,3.58,25400,3.039705
2009-02-06,3.49,3.56,3.49,3.53,16600,2.98027
2009-02-05,3.52,3.57,3.46,3.50,16600,2.954942
2009-02-04,3.68,3.69,3.52,3.55,18000,2.997155
2009-02-03,3.58,3.83,3.58,3.67,25200,3.098468
2009-02-02,3.65,3.65,3.54,3.59,19600,3.030926
2009-01-30,3.86,3.86,3.61,3.74,9700,3.157566
2009-01-29,3.90,3.90,3.78,3.79,14300,3.19978
2009-01-28,3.90,3.90,3.85,3.88,13500,3.275764
2009-01-27,3.95,3.95,3.85,3.90,25700,3.29265
2009-01-26,3.95,4.03,3.88,3.88,15300,3.275764
2009-01-23,3.95,4.10,3.92,3.95,21900,3.334863
2009-01-22,4.24,4.24,3.75,4.11,26300,3.469946
2009-01-21,4.00,4.19,3.89,4.19,19600,3.537488
2009-01-20,3.95,4.08,3.90,3.90,25800,3.29265
2009-01-16,4.05,4.09,4.02,4.03,42300,3.402405
2009-01-15,4.00,4.02,3.76,3.90,18000,3.29265
2009-01-14,3.81,3.97,3.75,3.97,22300,3.351748
2009-01-13,3.79,4.37,3.75,3.95,48200,3.334863
2009-01-12,4.27,4.29,3.97,4.05,20900,3.41929
2009-01-09,3.96,4.34,3.96,4.21,29200,3.554373
2009-01-08,3.88,4.35,3.88,3.95,79500,3.334863
2009-01-07,3.86,3.88,3.49,3.62,21600,3.056254
2009-01-06,3.14,3.84,3.14,3.81,27400,3.216665
2009-01-05,3.10,3.20,3.08,3.19,30000,2.693218
2009-01-02,3.07,3.24,3.05,3.24,9900,2.735432
2008-12-31,3.00,3.03,2.93,2.93,21300,2.473709
2008-12-30,2.91,3.03,2.89,2.98,17200,2.515922
2008-12-29,3.08,3.08,2.86,2.96,40100,2.499037
2008-12-26,2.99,3.03,2.98,3.03,9400,2.558135
2008-12-24,2.77,2.92,2.77,2.92,12000,2.465266
2008-12-23,2.60,2.79,2.60,2.78,11700,2.347068
2008-12-22,2.80,2.99,2.58,2.58,41200,2.178214
2008-12-19,2.57,2.86,2.57,2.86,36500,2.41461
2008-12-18,2.82,2.84,2.57,2.66,31000,2.245756
2008-12-17,2.69,2.80,2.67,2.78,25100,2.347068
2008-12-16,2.73,3.19,2.56,2.65,18000,2.237313
2008-12-15,2.83,2.83,2.65,2.70,50300,2.279527
2008-12-12,2.81,2.81,2.70,2.73,15800,2.304855
2008-12-11,2.81,2.81,2.71,2.80,76800,2.363953
2008-12-10,2.80,2.80,2.67,2.75,90100,2.32174
2008-12-09,3.00,3.00,2.57,2.75,29300,2.32174
2008-12-08,3.15,3.15,2.92,2.97,20000,2.507479
2008-12-05,3.22,3.26,3.01,3.06,20300,2.583463
2008-12-04,3.21,3.23,3.14,3.14,16100,2.651005
2008-12-03,3.20,3.27,3.14,3.20,19900,2.701661
2008-12-02,3.25,3.25,3.11,3.21,13700,2.710104
2008-12-01,3.04,3.24,3.04,3.16,9100,2.66789
2008-11-28,3.12,3.15,3.06,3.10,7600,2.617234
2008-11-26,3.05,3.12,3.01,3.12,2100,2.634119
2008-11-25,3.05,3.15,3.00,3.01,11600,2.54125
2008-11-24,3.02,3.32,3.02,3.02,12200,2.549693
2008-11-21,3.32,3.35,2.64,3.22,13200,2.718547
2008-11-20,3.09,3.29,3.07,3.24,40800,2.735432
2008-11-19,3.18,3.34,3.04,3.21,94700,2.710104
2008-11-18,3.20,3.22,3.01,3.22,16300,2.718547
2008-11-17,3.49,3.59,2.93,3.26,39200,2.752317
2008-11-14,3.92,3.93,3.36,3.46,28000,2.921171
2008-11-13,4.10,4.12,3.90,4.00,48600,3.377076
2008-11-12,4.17,4.46,4.00,4.14,298700,3.495274
2008-11-11,4.19,4.37,4.02,4.06,4000,3.427732
2008-11-10,4.20,4.22,4.13,4.19,20400,3.537488
2008-11-07,4.24,4.25,4.10,4.18,20400,3.529045
2008-11-06,4.65,4.65,4.08,4.10,25900,3.461503
2008-11-05,4.74,4.90,4.69,4.69,43900,3.959622
2008-11-04,4.81,4.99,4.58,4.99,36500,4.196017
2008-11-03,4.95,5.35,4.70,4.90,75300,4.120338
2008-10-31,4.26,5.11,4.07,5.02,65900,4.221244
2008-10-30,4.26,4.26,4.06,4.26,61800,3.582171
2008-10-29,4.26,4.26,4.06,4.24,49300,3.565353
2008-10-28,4.30,4.32,4.00,4.32,24400,3.632625
2008-10-27,4.26,4.29,4.18,4.27,20900,3.59058
2008-10-24,4.40,4.43,4.19,4.19,7800,3.523309
2008-10-23,4.51,4.99,4.25,4.42,136500,3.716713
2008-10-22,4.98,5.01,4.57,4.57,5500,3.842846
2008-10-21,5.02,5.22,4.92,5.03,15200,4.229653
2008-10-20,5.06,5.13,4.92,4.94,10000,4.153973
2008-10-17,5.37,5.42,5.11,5.13,9200,4.313742
2008-10-16,5.40,5.57,5.17,5.57,67400,4.683731
2008-10-15,5.39,5.46,5.21,5.40,82700,4.540781
2008-10-14,5.75,5.95,5.17,5.53,45000,4.650096
2008-10-13,5.00,5.72,5.00,5.72,63500,4.809864
2008-10-10,4.71,5.00,4.21,5.00,144200,4.204426
2008-10-09,4.65,5.16,4.11,4.54,83200,3.817619
2008-10-08,4.34,4.60,4.02,4.08,41800,3.430812
2008-10-07,4.67,4.89,4.40,4.49,18000,3.775575
2008-10-06,5.00,5.32,4.70,4.75,92200,3.994205
2008-10-03,5.27,5.88,5.00,5.11,32800,4.296924
2008-10-02,5.61,5.61,5.17,5.22,19900,4.389421
2008-10-01,5.89,6.02,5.59,5.65,26000,4.751002
2008-09-30,5.35,6.40,5.35,6.20,76400,5.213489
2008-09-29,5.93,6.04,4.91,5.15,67300,4.330559
2008-09-26,6.05,6.18,5.97,6.14,76300,5.163036
2008-09-25,5.90,6.10,5.90,6.05,24500,5.087356
2008-09-24,6.02,6.07,5.60,6.05,8000,5.087356
2008-09-23,6.17,6.17,5.97,5.97,18800,5.020085
2008-09-22,5.97,6.29,5.95,6.09,20100,5.120991
2008-09-19,5.41,6.25,5.41,5.99,49300,5.036903
2008-09-18,5.57,5.57,5.28,5.44,28100,4.574416
2008-09-17,5.93,5.93,5.41,5.54,28900,4.658504
2008-09-16,6.15,6.15,5.76,5.86,35900,4.927588
2008-09-15,6.32,6.39,6.30,6.30,4300,5.297577
2008-09-12,6.33,6.39,6.30,6.32,3500,5.314395
2008-09-11,6.64,6.66,6.28,6.48,62600,5.448937
2008-09-10,6.54,6.64,6.51,6.62,4100,5.56666
2008-09-09,6.65,6.70,6.60,6.61,11700,5.558252
2008-09-08,6.62,6.64,6.60,6.62,3800,5.56666
2008-09-05,6.56,6.66,6.55,6.62,11900,5.56666
2008-09-04,6.66,6.72,6.53,6.63,11600,5.57507
2008-09-03,6.68,6.72,6.66,6.67,6300,5.608705
2008-09-02,6.58,6.82,6.58,6.79,11500,5.709611
2008-08-29,6.68,6.78,6.65,6.71,18400,5.64234
2008-08-28,6.87,6.98,6.85,6.90,23000,5.802109
2008-08-27,6.81,6.99,6.67,6.89,17700,5.793699
2008-08-26,6.83,6.94,6.57,6.57,13200,5.524616
2008-08-25,7.00,7.00,6.84,6.93,10400,5.827335
2008-08-22,6.62,7.00,6.41,7.00,26800,5.886197
2008-08-21,6.41,6.84,6.41,6.63,4800,5.57507
2008-08-20,6.81,6.81,6.33,6.58,9500,5.533025
2008-08-19,6.95,6.96,6.64,6.64,18900,5.583478
2008-08-18,6.81,7.00,6.81,6.97,62500,5.86097
2008-08-15,6.28,6.90,6.13,6.90,39800,5.802109
2008-08-14,6.18,6.59,6.11,6.41,31900,5.390075
2008-08-13,5.66,6.44,5.66,6.39,32300,5.373257
2008-08-12,6.12,6.56,5.48,5.58,92000,4.69214
2008-08-11,5.80,6.29,5.80,6.18,27300,5.196671
2008-08-08,6.16,6.16,5.80,5.89,24600,4.952814
2008-08-07,6.16,6.34,6.03,6.04,27900,5.078947
2008-08-06,6.30,6.38,6.19,6.36,17600,5.348031
2008-08-05,6.27,6.45,6.25,6.33,43300,5.322804
2008-08-04,6.20,6.35,6.19,6.32,25400,5.314395
2008-08-01,5.97,6.30,5.97,6.27,53100,5.272351
2008-07-31,5.54,6.20,4.47,6.20,201900,5.213489
2008-07-30,4.74,5.25,4.45,5.00,30300,4.204426
2008-07-29,5.13,5.31,4.41,4.65,56800,3.910117
2008-07-28,4.95,5.11,4.88,5.02,7000,4.221244
2008-07-25,5.21,5.25,5.15,5.19,6600,4.364195
2008-07-24,5.00,5.42,4.81,5.21,46300,4.381012
2008-07-23,4.61,5.10,4.60,4.88,16500,4.086702
2008-07-22,4.50,4.65,4.50,4.61,11800,3.860594
2008-07-21,4.67,4.67,4.55,4.58,12400,3.835471
2008-07-18,4.49,4.95,4.43,4.52,7700,3.785224
2008-07-17,4.61,5.13,4.40,4.55,14300,3.810348
2008-07-16,4.58,4.80,4.41,4.77,44300,3.994584
2008-07-15,4.68,4.75,4.40,4.62,29100,3.868968
2008-07-14,4.99,5.17,4.55,4.60,21300,3.852219
2008-07-11,5.17,5.18,4.73,4.83,21400,4.04483
2008-07-10,4.97,5.18,4.73,5.16,28700,4.321185
2008-07-09,5.50,5.50,4.94,4.94,18900,4.136949
2008-07-08,5.02,5.52,5.02,5.51,32100,4.614289
2008-07-07,5.14,5.42,5.02,5.40,60400,4.522171
2008-07-03,5.33,5.33,5.06,5.09,31800,4.262565
2008-07-02,5.64,5.64,5.29,5.30,18300,4.438427
2008-07-01,5.49,5.84,5.49,5.70,51900,4.773402
2008-06-30,5.93,6.15,5.54,5.93,41200,4.966013
2008-06-27,5.69,5.86,5.37,5.86,61900,4.907393
2008-06-26,5.75,5.83,5.67,5.75,9000,4.815274
2008-06-25,6.09,6.09,5.57,5.63,14600,4.714782
2008-06-24,5.96,6.00,5.89,5.98,13200,5.007885
2008-06-23,5.85,6.09,5.53,6.07,28400,5.083255
2008-06-20,5.79,6.00,5.71,5.87,22500,4.915767
2008-06-19,5.64,5.85,5.44,5.82,26200,4.873895
2008-06-18,5.66,5.66,5.41,5.48,8100,4.589166
2008-06-17,5.57,5.58,5.37,5.45,21300,4.564042
2008-06-16,5.44,5.71,5.44,5.57,10600,4.664535
2008-06-13,5.62,5.67,5.40,5.55,19500,4.647787
2008-06-12,5.77,5.78,5.40,5.52,32200,4.622663
2008-06-11,5.67,6.13,5.51,5.69,62500,4.765028
2008-06-10,5.55,5.57,5.41,5.45,20900,4.564042
2008-06-09,5.50,5.72,5.47,5.55,22100,4.647787
2008-06-06,5.80,5.81,5.51,5.52,13000,4.622663
2008-06-05,5.66,5.66,5.46,5.51,11700,4.614289
2008-06-04,5.46,5.48,5.45,5.47,17100,4.580791
2008-06-03,5.54,5.56,5.36,5.49,11300,4.59754
2008-06-02,5.64,5.64,5.40,5.40,26500,4.522171
2008-05-30,5.60,5.85,5.60,5.65,15600,4.73153
2008-05-29,5.91,5.91,5.54,5.61,38200,4.698033
2008-05-28,5.79,6.02,5.51,5.73,29200,4.798525
2008-05-27,6.10,6.10,5.77,5.78,12300,4.840398
2008-05-23,5.59,6.11,5.44,6.06,68000,5.07488
2008-05-22,5.80,5.80,5.52,5.56,13600,4.656161
2008-05-21,5.84,5.86,5.78,5.80,18000,4.857146
2008-05-20,5.87,6.09,5.81,5.81,28800,4.865521
2008-05-19,5.85,5.88,5.80,5.85,16700,4.899018
2008-05-16,5.94,5.94,5.80,5.80,34600,4.857146
2008-05-15,6.20,6.20,5.79,5.90,24400,4.94089
2008-05-14,6.38,6.45,6.18,6.23,13200,5.217245
2008-05-13,6.21,6.25,6.04,6.20,47800,5.192122
2008-05-12,6.32,6.32,6.20,6.20,24100,5.192122
2008-05-09,6.28,6.42,6.22,6.28,18300,5.259117
2008-05-08,6.38,6.43,6.31,6.35,36000,5.317738
2008-05-07,6.30,6.42,6.28,6.42,50600,5.376358
2008-05-06,6.38,6.41,6.26,6.28,29300,5.242368
2008-05-05,6.37,6.48,6.28,6.33,29500,5.284107
2008-05-02,6.25,6.39,6.20,6.35,72400,5.300802
2008-05-01,6.53,6.61,6.25,6.25,116300,5.217325
2008-04-30,6.33,6.51,6.15,6.50,51700,5.426018
2008-04-29,5.75,6.35,5.75,6.31,93800,5.267411
2008-04-28,5.97,6.01,5.80,5.83,37000,4.866721
2008-04-25,5.54,6.10,5.53,5.94,125800,4.958546
2008-04-24,5.49,5.97,5.42,5.61,45200,4.683071
2008-04-23,5.69,5.78,5.40,5.40,33300,4.507769
2008-04-22,5.87,5.88,5.63,5.63,20400,4.699766
2008-04-21,5.48,6.17,5.41,5.84,65400,4.875069
2008-04-18,5.67,5.70,5.40,5.45,24300,4.549507
2008-04-17,5.75,5.87,5.57,5.68,27000,4.741505
2008-04-16,5.80,6.29,5.57,5.82,179000,4.858373
2008-04-15,4.76,6.12,4.57,5.75,220700,4.799939
2008-04-14,4.57,5.01,4.32,4.80,125600,4.006906
2008-04-11,4.84,4.89,4.48,4.67,145700,3.898385
2008-04-10,4.43,4.82,4.09,4.82,260200,4.023601
2008-04-09,4.22,4.64,4.05,4.20,44400,3.506042
2008-04-08,4.25,4.40,4.21,4.26,76800,3.556129
2008-04-07,4.17,4.50,4.15,4.18,50000,3.489347
2008-04-04,4.49,4.51,4.26,4.29,12400,3.581172
2008-04-03,4.11,4.46,4.10,4.42,37000,3.689692
2008-04-02,4.46,4.46,4.04,4.04,71200,3.372479
2008-04-01,4.29,4.29,4.09,4.13,30900,3.447608
2008-03-31,4.28,4.34,4.04,4.23,29200,3.531086
2008-03-28,4.31,4.31,4.23,4.25,40200,3.547781
2008-03-27,4.17,4.55,4.17,4.35,56100,3.631258
2008-03-26,4.61,4.65,4.15,4.17,41700,3.480999
2008-03-25,4.31,4.80,4.20,4.69,64600,3.915081
2008-03-24,4.14,4.24,4.02,4.18,31300,3.489347
2008-03-20,4.14,4.19,3.98,4.08,35200,3.40587
2008-03-19,4.15,4.22,3.97,4.15,32600,3.464304
2008-03-18,3.95,4.22,3.76,4.22,47000,3.522738
2008-03-17,3.77,3.95,3.73,3.95,101700,3.297349
2008-03-14,3.76,3.99,3.75,3.96,20600,3.305697
2008-03-13,3.74,3.89,3.62,3.76,48300,3.138743
2008-03-12,3.62,3.73,3.61,3.65,47200,3.046918
2008-03-11,3.80,3.82,3.59,3.67,130200,3.063613
2008-03-10,3.96,3.96,3.78,3.85,55800,3.213872
2008-03-07,3.97,4.09,3.87,3.95,13200,3.297349
2008-03-06,4.02,4.17,3.85,4.04,58400,3.372479
2008-03-05,4.19,4.24,4.02,4.05,42000,3.380827
2008-03-04,4.22,4.22,4.00,4.13,33600,3.447608
2008-03-03,4.41,4.41,4.16,4.17,13300,3.480999
2008-02-29,4.21,4.40,4.20,4.32,19100,3.606215
2008-02-28,4.46,4.47,4.34,4.39,20700,3.664649
2008-02-27,4.65,4.66,4.47,4.47,30000,3.731431
2008-02-26,4.63,4.76,4.53,4.63,56900,3.864994
2008-02-25,4.93,4.94,4.67,4.71,14000,3.931776
2008-02-22,4.90,4.95,4.76,4.83,12500,4.031949
2008-02-21,4.97,5.15,4.79,4.88,63600,4.073687
2008-02-20,4.84,4.98,4.77,4.80,35600,4.006906
2008-02-19,4.90,5.01,4.78,4.78,98000,3.99021
2008-02-15,5.05,5.13,4.95,4.95,15700,4.132121
2008-02-14,5.01,5.12,5.01,5.06,96800,4.223946
2008-02-13,5.15,5.15,5.01,5.05,272000,4.215599
2008-02-12,5.25,5.33,5.10,5.15,51700,4.299076
2008-02-11,5.14,5.23,5.05,5.22,19200,4.35751
2008-02-08,5.03,5.24,5.03,5.19,50100,4.332467
2008-02-07,5.03,5.22,5.00,5.06,106100,4.223946
2008-02-06,5.16,5.27,5.05,5.05,66900,4.215599
2008-02-05,5.11,5.15,4.89,5.06,24400,4.207251
2008-02-04,5.10,5.30,4.88,5.08,40300,4.22388
2008-02-01,4.98,5.09,4.85,5.06,124500,4.207251
2008-01-31,5.13,5.14,4.97,5.05,88700,4.198936
2008-01-30,5.09,5.29,4.80,5.08,59300,4.22388
2008-01-29,5.06,5.39,5.03,5.08,73700,4.22388
2008-01-28,5.27,5.54,5.03,5.06,64800,4.207251
2008-01-25,5.03,5.41,4.80,5.13,67400,4.265454
2008-01-24,5.17,5.31,4.88,5.04,76900,4.190621
2008-01-23,4.99,5.27,4.87,5.03,79900,4.182307
2008-01-22,4.56,5.13,4.56,5.13,120000,4.265454
2008-01-18,4.82,4.92,4.72,4.87,92200,4.049271
2008-01-17,4.84,4.97,4.75,4.85,114900,4.032642
2008-01-16,4.68,4.94,4.50,4.89,123200,4.0659
2008-01-15,4.67,4.71,4.33,4.64,244500,3.858032
2008-01-14,4.56,4.71,3.66,4.62,101000,3.841403
2008-01-11,4.51,4.68,4.40,4.61,281000,3.833088
2008-01-10,5.69,5.75,4.18,4.61,474400,3.833088
2008-01-09,6.13,6.13,5.68,5.79,94600,4.814226
2008-01-08,6.28,6.31,5.89,5.89,22200,4.897373
2008-01-07,6.59,6.60,6.25,6.32,16400,5.254906
2008-01-04,6.56,6.88,6.53,6.55,16700,5.446145
2008-01-03,7.06,7.17,6.66,6.66,27500,5.537607
2008-01-02,6.95,7.35,6.94,7.15,53100,5.945029
2007-12-31,7.08,7.08,6.86,7.01,47900,5.828623
2007-12-28,6.50,7.04,6.46,7.02,43100,5.836937
2007-12-27,6.65,6.92,6.65,6.92,29000,5.75379
2007-12-26,6.69,7.00,6.68,6.71,84400,5.579181
2007-12-24,6.65,6.80,6.60,6.69,15900,5.562551
2007-12-21,6.80,6.92,6.65,6.65,45700,5.529292
2007-12-20,6.78,7.34,6.44,6.90,88000,5.73716
2007-12-19,6.13,6.66,6.13,6.65,94800,5.529292
2007-12-18,6.12,6.21,6.03,6.10,43400,5.071982
2007-12-17,6.26,6.30,6.17,6.23,17800,5.180074
2007-12-14,6.79,6.79,6.27,6.38,23800,5.304795
2007-12-13,6.66,6.78,6.50,6.50,17400,5.404571
2007-12-12,6.90,6.91,6.61,6.66,20500,5.537607
2007-12-11,7.04,7.11,6.63,6.86,35100,5.703902
2007-12-10,6.96,7.04,6.65,7.04,51500,5.853566
2007-12-07,6.66,6.96,6.65,6.92,32100,5.75379
2007-12-06,6.56,6.81,6.56,6.65,48800,5.529292
2007-12-05,6.54,6.68,6.45,6.60,80400,5.487719
2007-12-04,6.53,6.68,6.44,6.55,85400,5.446145
2007-12-03,6.54,6.72,6.48,6.54,36700,5.43783
2007-11-30,6.75,6.75,6.39,6.51,34500,5.412886
2007-11-29,6.74,6.90,6.61,6.63,19700,5.512663
2007-11-28,6.94,7.07,6.68,6.70,22100,5.570866
2007-11-27,6.95,6.95,6.67,6.68,34800,5.554236
2007-11-26,7.11,7.11,6.95,7.00,38200,5.820308
2007-11-23,6.77,6.85,6.70,6.83,8600,5.678957
2007-11-21,6.30,6.64,6.30,6.64,18900,5.520977
2007-11-20,6.63,6.63,6.32,6.46,18100,5.371312
2007-11-19,6.82,6.93,6.56,6.65,16900,5.529292
2007-11-16,6.62,6.86,6.62,6.79,55900,5.645698
2007-11-15,6.99,7.05,6.66,7.05,24500,5.861881
2007-11-14,7.62,7.62,6.96,6.96,28100,5.787049
2007-11-13,7.57,7.60,7.31,7.47,29200,6.2111
2007-11-12,7.60,7.66,7.51,7.59,50300,6.310877
2007-11-09,7.85,7.85,7.57,7.66,29100,6.369079
2007-11-08,7.38,7.70,7.38,7.65,30600,6.360765
2007-11-07,7.32,7.67,7.29,7.62,33100,6.33582
2007-11-06,7.30,7.35,7.29,7.34,25200,6.103008
2007-11-05,7.25,7.32,7.19,7.32,34300,6.086379
2007-11-02,7.62,7.62,7.00,7.41,60300,6.127952
2007-11-01,7.53,7.80,7.51,7.55,37900,6.24373
2007-10-31,7.46,7.67,7.45,7.58,52200,6.268539
2007-10-30,7.57,7.70,7.41,7.41,46800,6.127952
2007-10-29,7.47,7.64,7.44,7.55,43900,6.24373
2007-10-26,7.34,7.49,7.26,7.49,53300,6.194111
2007-10-25,7.28,7.56,7.20,7.33,41200,6.061793
2007-10-24,7.64,7.69,7.25,7.33,91200,6.061793
2007-10-23,7.30,7.66,7.27,7.66,12800,6.334698
2007-10-22,7.37,7.41,7.24,7.25,134800,5.995635
2007-10-19,7.55,7.62,7.34,7.34,33900,6.070063
2007-10-18,7.46,7.61,7.30,7.59,30800,6.27681
2007-10-17,7.30,7.41,7.25,7.41,41500,6.127952
2007-10-16,7.67,7.67,7.25,7.26,78200,6.003905
2007-10-15,7.70,7.85,7.65,7.67,58300,6.342968
2007-10-12,7.10,7.70,7.10,7.70,120700,6.367777
2007-10-11,7.24,7.28,6.65,7.07,182000,5.846778
2007-10-10,7.29,7.54,7.20,7.28,233500,6.020444
2007-10-09,7.47,7.47,7.21,7.24,108700,5.987365
2007-10-08,7.36,7.40,7.25,7.34,18700,6.070063
2007-10-05,7.42,7.49,7.25,7.34,102400,6.070063
2007-10-04,7.66,7.80,7.34,7.37,35200,6.094873
2007-10-03,7.50,7.81,7.45,7.62,260700,6.301619
2007-10-02,7.28,7.55,7.28,7.55,101000,6.24373
2007-10-01,6.95,7.28,6.95,7.27,157300,6.012174
2007-09-28,6.72,6.88,6.67,6.85,67300,5.664841
2007-09-27,6.83,6.83,6.53,6.70,15300,5.540793
2007-09-26,6.62,6.74,6.48,6.63,39300,5.482905
2007-09-25,6.52,6.60,6.31,6.58,49300,5.441555
2007-09-24,6.63,6.68,6.51,6.52,25200,5.391936
2007-09-21,6.57,6.65,6.45,6.60,102800,5.458095
2007-09-20,6.86,6.86,6.55,6.59,53900,5.449825
2007-09-19,6.86,6.97,6.81,6.92,31300,5.72273
2007-09-18,7.00,7.02,6.70,6.96,46800,5.755809
2007-09-17,6.94,7.02,6.65,7.02,77800,5.805428
2007-09-14,6.90,6.98,6.81,6.92,32200,5.72273
2007-09-13,7.00,7.09,6.81,6.81,24200,5.631762
2007-09-12,6.98,7.01,6.75,6.99,83100,5.780619
2007-09-11,7.01,7.11,6.76,6.93,71500,5.731
2007-09-10,7.42,7.45,7.03,7.04,38000,5.821968
2007-09-07,7.22,7.39,7.18,7.39,43600,6.111412
2007-09-06,7.36,7.36,7.11,7.24,56000,5.987365
2007-09-05,7.19,7.39,7.04,7.23,47600,5.979095
2007-09-04,7.25,7.33,7.18,7.18,13300,5.937746
2007-08-31,6.96,7.23,6.95,7.23,33100,5.979095
2007-08-30,7.13,7.24,6.91,6.97,22500,5.764079
2007-08-29,7.27,7.30,7.07,7.10,52500,5.871587
2007-08-28,7.21,7.50,7.21,7.34,50300,6.070063
2007-08-27,7.34,7.47,7.21,7.37,46900,6.094873
2007-08-24,7.07,7.46,6.99,7.40,120200,6.119682
2007-08-23,7.08,7.15,6.82,7.06,45200,5.838508
2007-08-22,7.17,7.29,6.93,7.00,41300,5.788889
2007-08-21,7.32,7.32,6.98,7.17,50800,5.929476
2007-08-20,7.28,7.34,7.00,7.26,58600,6.003905
2007-08-17,7.24,7.26,7.00,7.26,92600,6.003905
2007-08-16,7.38,7.38,6.95,7.13,116400,5.896397
2007-08-15,8.12,8.65,7.75,7.75,94100,6.409127
2007-08-14,7.84,8.39,7.84,8.14,46500,6.731651
2007-08-13,7.47,7.87,7.39,7.77,66400,6.425666
2007-08-10,6.93,7.45,6.82,7.43,79600,6.144492
2007-08-09,7.50,7.50,6.82,7.05,206500,5.830238
2007-08-08,7.94,8.01,7.54,7.56,47900,6.252
2007-08-07,7.88,7.94,7.80,7.84,21100,6.483556
2007-08-06,8.01,8.02,7.82,7.84,15000,6.483556
2007-08-03,7.82,8.26,7.81,7.85,43300,6.491825
2007-08-02,8.15,8.15,7.80,7.86,72300,6.500095
2007-08-01,8.44,8.44,8.03,8.13,69100,6.723381
2007-07-31,8.51,8.59,8.32,8.35,10500,6.905318
2007-07-30,8.77,8.99,8.40,8.51,24400,7.037635
2007-07-27,8.51,8.79,8.44,8.51,26700,7.004556
2007-07-26,8.87,8.99,8.42,8.59,30900,7.070403
2007-07-25,8.96,9.04,8.81,8.93,50200,7.350256
2007-07-24,8.92,9.04,8.72,8.85,56300,7.284409
2007-07-23,9.08,9.08,8.80,8.84,39500,7.276178
2007-07-20,8.90,9.10,8.87,9.03,24200,7.432566
2007-07-19,8.86,8.96,8.67,8.94,20000,7.358487
2007-07-18,8.96,9.09,8.85,8.86,17500,7.292639
2007-07-17,9.03,9.13,8.97,9.01,114200,7.416104
2007-07-16,9.17,9.21,8.87,9.00,24800,7.407873
2007-07-13,9.12,9.39,9.12,9.13,12600,7.514876
2007-07-12,9.03,9.51,9.03,9.24,48500,7.605416
2007-07-11,8.86,9.02,8.71,9.00,43700,7.407873
2007-07-10,9.13,9.13,8.77,8.83,64700,7.267946
2007-07-09,9.38,9.38,9.06,9.14,98300,7.523107
2007-07-06,9.26,9.39,9.17,9.32,24600,7.671264
2007-07-05,9.37,9.55,9.27,9.29,37300,7.646571
2007-07-03,9.29,9.40,9.22,9.40,17400,7.737111
2007-07-02,9.23,9.40,9.23,9.31,41500,7.663033
2007-06-29,9.28,9.41,9.10,9.26,42800,7.621878
2007-06-28,9.23,9.48,9.23,9.30,16300,7.654802
2007-06-27,9.27,9.30,9.12,9.28,4600,7.63834
2007-06-26,9.39,9.49,9.27,9.34,32200,7.687726
2007-06-25,9.48,9.48,9.34,9.40,43300,7.737111
2007-06-22,9.51,9.55,9.41,9.44,19700,7.770035
2007-06-21,9.51,9.58,9.42,9.49,60700,7.81119
2007-06-20,9.63,9.73,9.55,9.58,13400,7.885269
2007-06-19,9.40,9.65,9.31,9.65,17300,7.942886
2007-06-18,9.41,9.74,9.36,9.38,43600,7.72065
2007-06-15,9.48,9.58,9.34,9.39,39100,7.728881
2007-06-14,9.31,9.46,9.29,9.39,10500,7.728881
2007-06-13,9.24,9.33,9.10,9.33,13400,7.679495
2007-06-12,9.38,9.39,8.96,9.20,117900,7.572492
2007-06-11,9.37,9.49,9.30,9.35,33500,7.695957
2007-06-08,9.31,9.48,9.31,9.39,46100,7.728881
2007-06-07,9.24,9.39,9.24,9.31,72600,7.663033
2007-06-06,9.50,9.65,9.30,9.35,91500,7.695957
2007-06-05,9.74,9.90,9.51,9.59,125500,7.8935
2007-06-04,9.69,9.90,9.50,9.80,24000,8.066351
2007-06-01,9.54,9.78,9.54,9.70,50300,7.984041
2007-05-31,9.18,9.63,9.17,9.55,51800,7.860576
2007-05-30,9.12,9.31,9.12,9.26,15300,7.621878
2007-05-29,9.10,9.29,9.10,9.12,13000,7.506644
2007-05-25,8.93,9.19,8.77,9.11,133000,7.498413
2007-05-24,8.95,9.07,8.72,8.96,58300,7.374949
2007-05-23,8.96,9.05,8.90,8.90,86400,7.325563
2007-05-22,9.00,9.07,8.92,8.99,18600,7.399642
2007-05-21,9.00,9.13,8.95,9.06,54800,7.457259
2007-05-18,9.30,9.30,8.96,8.96,132100,7.374949
2007-05-17,9.23,9.35,9.22,9.30,23900,7.654802
2007-05-16,9.24,9.36,9.24,9.32,42300,7.671264
2007-05-15,9.18,9.43,9.05,9.30,138100,7.654802
2007-05-14,9.27,9.28,9.08,9.23,55600,7.597185
2007-05-11,9.15,9.34,9.11,9.34,173400,7.687726
2007-05-10,9.30,9.33,9.18,9.31,48500,7.663033
2007-05-09,9.09,9.39,9.09,9.30,398000,7.654802
2007-05-08,8.89,9.14,8.83,9.14,63000,7.523107
2007-05-07,8.88,8.98,8.47,8.98,46400,7.391411
2007-05-04,8.74,8.86,8.74,8.81,17900,7.218561
2007-05-03,8.38,8.79,8.34,8.79,62500,7.202173
2007-05-02,8.72,8.75,8.30,8.30,118600,6.800687
2007-05-01,8.69,8.80,8.66,8.74,17400,7.161205
2007-04-30,8.70,8.78,8.61,8.77,86500,7.185787
2007-04-27,8.88,8.88,8.57,8.75,52700,7.169399
2007-04-26,9.11,9.18,8.85,8.91,16500,7.300497
2007-04-25,9.07,9.30,8.77,9.04,48900,7.407013
2007-04-24,9.21,9.29,9.00,9.01,20700,7.382433
2007-04-23,9.08,9.36,8.96,9.26,92000,7.587273
2007-04-20,8.63,9.15,8.55,9.13,100000,7.480756
2007-04-19,8.54,8.67,8.31,8.62,73900,7.062882
2007-04-18,8.75,8.78,8.48,8.48,35800,6.948172
2007-04-17,8.86,8.92,8.75,8.78,36000,7.19398
2007-04-16,8.90,8.94,8.75,8.92,41200,7.30869
2007-04-13,8.80,8.98,8.71,8.90,62800,7.292303
2007-04-12,8.96,9.06,8.52,8.80,109200,7.210367
2007-04-11,9.85,9.85,9.47,9.58,77600,7.849468
2007-04-10,10.05,10.09,9.69,9.75,98600,7.988759
2007-04-09,9.90,10.05,9.86,10.03,89200,8.21818
2007-04-05,9.56,9.89,9.50,9.81,40600,8.037921
2007-04-04,9.47,9.69,9.43,9.66,57300,7.915016
2007-04-03,9.36,9.54,9.35,9.50,89800,7.783919
2007-04-02,9.32,9.41,9.22,9.39,31700,7.69379
2007-03-30,9.09,9.39,9.03,9.33,24600,7.644628
2007-03-29,9.27,9.35,9.11,9.26,29500,7.587273
2007-03-28,9.11,9.34,9.11,9.28,25700,7.60366
2007-03-27,8.91,9.14,8.89,9.13,162400,7.480756
2007-03-26,9.00,9.01,8.69,8.95,51800,7.333271
2007-03-23,9.00,9.06,8.98,9.05,137900,7.415207
2007-03-22,8.97,9.05,8.95,9.03,121100,7.39882
2007-03-21,8.94,9.06,8.79,8.97,72300,7.349659
2007-03-20,8.84,9.10,8.84,8.97,21400,7.349659
2007-03-19,9.00,9.00,8.78,8.85,11800,7.251335
2007-03-16,8.84,8.93,8.78,8.92,26800,7.30869
2007-03-15,9.04,9.07,8.80,8.81,19400,7.218561
2007-03-14,8.72,9.07,8.66,9.04,26700,7.407013
2007-03-13,8.96,9.06,8.67,8.69,26500,7.120237
2007-03-12,8.81,9.07,8.81,9.07,11000,7.431594
2007-03-09,9.05,9.15,8.81,8.85,22000,7.251335
2007-03-08,8.76,9.07,8.76,9.04,29400,7.407013
2007-03-07,9.00,9.00,8.76,8.76,25900,7.177593
2007-03-06,9.00,9.08,8.93,9.04,36500,7.407013
2007-03-05,8.87,9.12,8.85,9.00,67500,7.374239
2007-03-02,9.03,9.25,8.88,8.88,44700,7.275916
2007-03-01,9.09,9.29,8.94,9.08,44600,7.439788
2007-02-28,8.99,9.26,8.87,9.19,41100,7.529917
2007-02-27,9.35,9.38,8.88,9.01,103700,7.382433
2007-02-26,9.28,9.48,9.21,9.39,97300,7.69379
2007-02-23,9.30,9.36,9.00,9.29,84300,7.611853
2007-02-22,9.37,9.45,9.30,9.34,65500,7.652822
2007-02-21,9.60,9.90,9.27,9.40,75100,7.701983
2007-02-20,8.97,9.59,8.97,9.59,126900,7.857662
2007-02-16,9.05,9.24,8.93,8.99,83400,7.366045
2007-02-15,9.32,9.35,9.06,9.06,46400,7.423401
2007-02-14,9.20,9.39,9.03,9.34,55800,7.652822
2007-02-13,9.06,9.19,9.01,9.17,28900,7.51353
2007-02-12,9.06,9.07,8.82,9.00,63200,7.374239
2007-02-09,9.10,9.14,8.81,8.99,37100,7.366045
2007-02-08,9.07,9.19,9.00,9.10,35000,7.456175
2007-02-07,8.81,9.17,8.73,9.10,39400,7.456175
2007-02-06,8.78,8.99,8.61,8.89,141400,7.251335
2007-02-05,8.85,8.85,8.64,8.71,107900,7.104514
2007-02-02,8.95,9.10,8.85,8.94,57700,7.292118
2007-02-01,8.90,8.98,8.88,8.92,45500,7.275805
2007-01-31,8.82,8.99,8.65,8.94,90800,7.292118
2007-01-30,9.04,9.04,8.80,8.81,33800,7.186082
2007-01-29,9.01,9.07,8.89,9.07,68400,7.398156
2007-01-26,9.04,9.04,8.90,9.00,58100,7.341059
2007-01-25,9.01,9.09,8.96,9.00,63300,7.341059
2007-01-24,9.08,9.12,8.95,9.03,78200,7.365529
2007-01-23,9.10,9.25,8.80,9.08,206600,7.406313
2007-01-22,9.36,9.36,9.04,9.13,96100,7.447097
2007-01-19,9.30,9.35,9.08,9.33,73600,7.610231
2007-01-18,9.43,9.43,9.25,9.25,75700,7.544977
2007-01-17,9.50,9.56,9.32,9.45,63400,7.708112
2007-01-16,9.52,9.68,9.35,9.50,84600,7.748896
2007-01-12,9.58,9.79,9.31,9.44,74400,7.699955
2007-01-11,8.88,9.58,8.71,9.55,132600,7.78968
2007-01-10,8.66,8.93,8.62,8.87,160200,7.235021
2007-01-09,8.49,8.85,8.37,8.84,146500,7.210551
2007-01-08,9.00,9.00,8.80,8.83,57200,7.202395
2007-01-05,9.03,9.11,8.94,8.97,63800,7.316589
2007-01-04,8.91,9.13,8.79,9.00,122400,7.341059
2007-01-03,9.17,9.34,8.79,8.83,142700,7.202395
2006-12-29,9.37,9.44,9.00,9.11,214500,7.430783
2006-12-28,9.13,9.40,9.13,9.34,79100,7.618388
2006-12-27,8.83,9.32,8.75,9.10,55500,7.422627
2006-12-26,8.98,9.00,8.85,8.86,27100,7.226865
2006-12-22,9.02,9.02,8.89,8.95,49700,7.300275
2006-12-21,9.21,9.23,8.99,8.99,92900,7.332902
2006-12-20,9.01,9.40,8.86,9.17,63500,7.479724
2006-12-19,8.96,9.10,8.87,9.03,109200,7.365529
2006-12-18,9.16,9.31,8.95,9.00,60300,7.341059
2006-12-15,9.33,9.50,9.17,9.19,97600,7.496037
2006-12-14,9.13,9.33,9.09,9.31,342900,7.593918
2006-12-13,9.18,9.20,8.97,9.10,162400,7.422627
2006-12-12,9.35,9.37,8.99,9.16,202100,7.471567
2006-12-11,9.41,9.49,9.35,9.38,104400,7.651015
2006-12-08,9.53,9.53,9.33,9.38,51800,7.651015
2006-12-07,9.94,9.94,9.46,9.52,267000,7.76521
2006-12-06,10.09,10.09,9.85,9.89,53800,8.067009
2006-12-05,9.93,10.09,9.92,10.05,45500,8.197516
2006-12-04,9.85,9.98,9.80,9.84,44600,8.026225
2006-12-01,10.05,10.14,9.81,9.87,163600,8.050695
2006-11-30,9.97,10.05,9.90,10.00,65000,8.156732
2006-11-29,9.67,10.00,9.67,10.00,79400,8.156732
2006-11-28,9.64,9.72,9.51,9.69,40200,7.903873
2006-11-27,9.87,9.94,9.49,9.74,38600,7.944657
2006-11-24,9.93,9.98,9.82,9.97,7800,8.132262
2006-11-22,9.92,9.92,9.78,9.84,59100,8.026225
2006-11-21,9.76,9.92,9.76,9.84,116300,8.026225
2006-11-20,9.89,10.00,9.74,9.83,69100,8.018068
2006-11-17,10.01,10.03,9.62,9.94,46900,8.107792
2006-11-16,10.00,10.00,9.91,9.94,34700,8.107792
2006-11-15,10.05,10.05,9.70,9.93,91100,8.099635
2006-11-14,10.14,10.21,9.90,9.98,83800,8.140418
2006-11-13,9.94,10.11,9.84,10.11,60700,8.246456
2006-11-10,9.85,9.95,9.79,9.89,100100,8.067009
2006-11-09,9.95,10.23,9.84,9.88,71300,8.058852
2006-11-08,10.05,10.15,9.75,10.01,211600,8.164889
2006-11-07,9.80,10.30,9.75,10.05,480800,8.197516
2006-11-06,9.93,9.93,9.70,9.71,121200,7.920187
2006-11-03,9.58,9.85,9.57,9.76,135500,7.928344
2006-11-02,9.53,9.64,9.36,9.60,49500,7.798371
2006-11-01,9.72,9.75,9.52,9.56,71500,7.765878
2006-10-31,9.51,9.60,9.41,9.59,155100,7.790248
2006-10-30,9.65,9.65,9.30,9.48,41000,7.700891
2006-10-27,9.51,9.75,9.44,9.44,20400,7.668398
2006-10-26,9.46,9.64,9.32,9.51,198700,7.725261
2006-10-25,9.80,9.88,9.32,9.42,114100,7.652152
2006-10-24,9.25,9.89,9.24,9.77,282000,7.936467
2006-10-23,9.10,9.15,9.06,9.12,91800,7.408452
2006-10-20,8.86,9.10,8.86,9.04,155600,7.343466
2006-10-19,8.67,9.09,8.60,8.96,435100,7.27848
2006-10-18,8.75,8.76,8.49,8.60,168500,6.986041
2006-10-17,9.00,9.02,8.54,8.58,61600,6.969794
2006-10-16,9.00,9.07,8.93,9.03,67700,7.335342
2006-10-13,9.10,9.12,8.99,9.00,55600,7.310973
2006-10-12,8.97,9.25,8.90,9.04,203100,7.343466
2006-10-11,8.81,9.08,8.71,8.98,197800,7.294726
2006-10-10,9.01,9.02,8.73,8.85,47200,7.189124
2006-10-09,8.95,9.00,8.88,8.90,34000,7.229739
2006-10-06,8.84,9.01,8.73,8.85,14400,7.189124
2006-10-05,8.77,8.83,8.75,8.77,14200,7.124137
2006-10-04,8.95,8.95,8.75,8.79,36700,7.140383
2006-10-03,8.75,9.04,8.75,9.00,79600,7.310973
2006-10-02,9.00,9.02,8.82,8.83,26600,7.172877
2006-09-29,8.84,9.05,8.68,9.03,45200,7.335342
2006-09-28,8.89,9.05,8.79,8.91,53400,7.237863
2006-09-27,9.00,9.15,8.86,8.97,53000,7.286603
2006-09-26,8.50,9.05,8.50,9.00,133600,7.310973
2006-09-25,8.41,8.62,8.17,8.60,63100,6.986041
2006-09-22,8.45,8.46,8.17,8.30,53600,6.742342
2006-09-21,8.17,8.49,8.17,8.38,71200,6.807328
2006-09-20,8.10,8.23,8.05,8.20,32400,6.661108
2006-09-19,8.15,8.26,8.01,8.06,983300,6.547383
2006-09-18,8.17,8.17,8.03,8.07,47200,6.555505
2006-09-15,8.25,8.25,8.02,8.02,54500,6.514889
2006-09-14,8.38,8.57,8.33,8.34,55200,6.774835
2006-09-13,8.21,8.36,8.21,8.31,67300,6.750465
2006-09-12,8.31,8.35,8.17,8.23,57400,6.685478
2006-09-11,8.19,8.37,8.16,8.30,37100,6.742342
2006-09-08,8.27,8.37,8.24,8.26,12700,6.709849
2006-09-07,8.34,8.40,8.20,8.31,43700,6.750465
2006-09-06,8.36,8.44,8.21,8.23,160500,6.685478
2006-09-05,8.41,8.51,8.32,8.33,41900,6.766711
2006-09-01,8.49,8.68,8.43,8.50,103100,6.904808
2006-08-31,7.45,8.40,7.35,8.24,197500,6.693602
2006-08-30,7.63,7.71,7.55,7.59,38600,6.165587
2006-08-29,7.70,7.72,7.57,7.70,64600,6.254943
2006-08-28,7.62,7.72,7.55,7.72,25600,6.27119
2006-08-25,7.62,7.69,7.51,7.62,45400,6.189957
2006-08-24,7.41,7.65,7.38,7.63,31300,6.19808
2006-08-23,7.47,7.50,7.36,7.49,35100,6.084354
2006-08-22,7.55,7.57,7.39,7.49,50500,6.084354
2006-08-21,7.51,7.68,7.49,7.49,65900,6.084354
2006-08-18,7.50,7.70,7.44,7.54,82400,6.12497
2006-08-17,7.20,7.59,7.14,7.51,398200,6.100601
2006-08-16,6.99,7.22,6.99,7.22,22100,5.865025
2006-08-15,6.95,7.05,6.91,7.00,66000,5.686312
2006-08-14,7.03,7.05,6.89,7.00,115100,5.686312
2006-08-11,7.17,7.17,6.98,6.99,294300,5.678189
2006-08-10,7.01,7.21,6.98,7.02,80000,5.702559
2006-08-09,7.22,7.25,7.06,7.06,40600,5.735052
2006-08-08,7.20,7.30,7.05,7.25,36500,5.889395
2006-08-07,7.20,7.29,7.10,7.17,17800,5.824408
2006-08-04,7.07,7.28,7.07,7.22,41900,5.865025
2006-08-03,7.08,7.34,6.98,7.24,52600,5.881271
2006-08-02,6.92,7.09,6.92,7.04,22200,5.718805
2006-08-01,7.07,7.13,6.96,7.08,45200,5.751299
2006-07-31,6.94,7.14,6.85,7.10,30100,5.767545
2006-07-28,7.00,7.05,6.90,6.97,47300,5.661942
2006-07-27,7.01,7.10,6.95,7.03,35000,5.710682
2006-07-26,6.90,7.07,6.58,7.04,48900,5.718805
2006-07-25,7.03,7.09,6.82,7.04,32700,5.686312
2006-07-24,7.06,7.10,7.00,7.06,53000,5.702467
2006-07-21,7.26,7.29,7.05,7.11,59500,5.742852
2006-07-20,7.22,7.32,7.20,7.26,23400,5.86401
2006-07-19,7.26,7.40,7.20,7.25,17600,5.855932
2006-07-18,7.19,7.39,7.19,7.29,35800,5.888241
2006-07-17,7.38,7.38,7.10,7.22,86700,5.831701
2006-07-14,7.31,7.45,7.23,7.31,57000,5.904395
2006-07-13,7.30,7.44,7.30,7.38,14800,5.960935
2006-07-12,7.33,7.49,7.21,7.45,26400,6.017475
2006-07-11,7.24,7.39,7.24,7.37,34600,5.952858
2006-07-10,7.22,7.43,7.22,7.39,25000,5.969012
2006-07-07,7.42,7.47,7.29,7.41,48900,5.985167
2006-07-06,7.49,7.49,7.33,7.49,143800,6.049784
2006-07-05,7.39,7.50,7.25,7.45,112200,6.017475
2006-07-03,7.37,7.40,7.27,7.39,14200,5.969012
2006-06-30,7.38,7.47,7.18,7.35,97600,5.936704
2006-06-29,7.48,7.49,7.34,7.38,42000,5.960935
2006-06-28,7.39,7.49,7.25,7.44,158200,6.009398
2006-06-27,7.29,7.46,7.05,7.35,142100,5.936704
2006-06-26,7.10,7.16,6.95,6.99,13800,5.645926
2006-06-23,6.98,7.10,6.92,7.03,30000,5.678235
2006-06-22,6.95,7.08,6.91,7.01,28500,5.662081
2006-06-21,6.92,7.15,6.77,7.00,101500,5.654004
2006-06-20,6.93,7.06,6.82,6.94,35600,5.605541
2006-06-19,6.96,7.10,6.81,6.86,51300,5.540924
2006-06-16,6.96,7.09,6.90,7.01,15700,5.662081
2006-06-15,6.99,7.08,6.88,6.94,38500,5.605541
2006-06-14,7.10,7.20,6.93,7.00,54600,5.654004
2006-06-13,7.03,7.19,6.97,7.10,21400,5.734775
2006-06-12,7.09,7.23,7.01,7.10,18700,5.734775
2006-06-09,7.08,7.20,7.06,7.12,32600,5.750929
2006-06-08,7.13,7.22,7.00,7.07,60700,5.710544
2006-06-07,7.16,7.23,6.98,7.16,80500,5.783238
2006-06-06,7.05,7.23,7.02,7.19,29900,5.80747
2006-06-05,7.04,7.18,6.92,7.15,66600,5.775161
2006-06-02,7.02,7.11,6.80,7.01,58700,5.662081
2006-06-01,6.88,7.08,6.81,7.06,35100,5.702467
2006-05-31,6.86,6.94,6.77,6.87,55000,5.549001
2006-05-30,6.84,6.93,6.70,6.87,28300,5.549001
2006-05-26,6.73,6.96,6.73,6.89,63100,5.565155
2006-05-25,6.70,6.84,6.66,6.70,104100,5.411689
2006-05-24,6.75,6.84,6.68,6.71,29600,5.419766
2006-05-23,6.63,6.89,6.52,6.82,30100,5.508615
2006-05-22,6.73,6.98,6.54,6.60,58300,5.330918
2006-05-19,6.87,6.90,6.62,6.80,58400,5.492461
2006-05-18,7.02,7.09,6.70,6.71,71600,5.419766
2006-05-17,7.06,7.09,6.77,6.96,89000,5.621695
2006-05-16,7.05,7.13,6.89,7.05,39300,5.69439
2006-05-15,7.03,7.09,6.91,7.02,38100,5.670158
2006-05-12,7.06,7.07,6.77,7.01,33000,5.662081
2006-05-11,7.00,7.09,6.87,7.04,46100,5.686312
2006-05-10,6.96,7.09,6.95,7.03,40300,5.678235
2006-05-09,6.99,7.08,6.95,7.01,47500,5.662081
2006-05-08,6.91,7.16,6.91,7.02,93900,5.670158
2006-05-05,7.01,7.07,6.83,6.94,112000,5.573232
2006-05-04,7.10,7.20,6.83,7.02,112900,5.637477
2006-05-03,7.22,7.46,7.11,7.13,25700,5.725814
2006-05-02,7.50,7.55,7.19,7.24,70100,5.81415
2006-05-01,7.11,7.53,7.02,7.52,130700,6.039007
2006-04-28,6.88,7.24,6.84,7.09,75800,5.693691
2006-04-27,7.21,7.33,6.85,6.91,139900,5.54914
2006-04-26,7.03,7.41,7.03,7.19,109500,5.773997
2006-04-25,6.87,7.10,6.81,7.08,61600,5.68566
2006-04-24,6.82,6.99,6.79,6.99,42600,5.613385
2006-04-21,6.72,6.95,6.63,6.91,123000,5.54914
2006-04-20,6.75,6.75,6.52,6.61,144200,5.308223
2006-04-19,7.05,7.07,6.70,6.76,147900,5.428682
2006-04-18,6.99,7.26,6.90,6.92,117200,5.557171
2006-04-17,7.14,7.22,6.88,6.97,218900,5.597324
2006-04-13,7.16,7.33,7.00,7.08,125000,5.68566
2006-04-12,7.07,7.34,7.01,7.02,33600,5.637477
2006-04-11,7.04,7.28,6.95,7.05,130300,5.661569
2006-04-10,7.13,7.20,7.04,7.04,94200,5.653538
2006-04-07,7.10,7.40,7.05,7.13,114500,5.725814
2006-04-06,7.64,7.64,7.04,7.10,154900,5.701722
2006-04-05,6.91,7.68,6.24,7.59,1113900,6.095221
2006-04-04,9.28,9.34,9.23,9.23,42200,7.412238
2006-04-03,9.34,9.40,9.27,9.38,64800,7.532697
2006-03-31,9.32,9.40,9.22,9.40,61300,7.548758
2006-03-30,9.23,9.23,9.11,9.15,37500,7.347993
2006-03-29,9.05,9.38,9.05,9.25,86400,7.428299
2006-03-28,9.05,9.12,9.01,9.07,12600,7.283749
2006-03-27,9.09,9.10,8.99,9.00,32700,7.227535
2006-03-24,8.99,9.15,8.99,9.06,6200,7.275718
2006-03-23,8.99,9.16,8.99,9.10,15600,7.307841
2006-03-22,8.99,9.16,8.95,9.01,19300,7.235565
2006-03-21,9.09,9.10,8.80,9.09,128900,7.29981
2006-03-20,9.02,9.05,8.90,8.90,56000,7.147228
2006-03-17,8.85,9.05,8.85,9.05,52300,7.267688
2006-03-16,8.77,9.08,8.72,8.91,65700,7.155259
2006-03-15,8.81,8.85,8.65,8.80,66700,7.066923
2006-03-14,8.81,8.90,8.70,8.74,26200,7.018739
2006-03-13,8.96,8.98,8.85,8.88,40600,7.131168
2006-03-10,8.95,8.99,8.85,8.98,24000,7.211473
2006-03-09,8.87,8.98,8.85,8.95,27400,7.187381
2006-03-08,8.90,8.90,8.79,8.90,23500,7.147228
2006-03-07,8.86,9.00,8.70,8.98,57300,7.211473
2006-03-06,8.91,9.00,8.71,8.91,78500,7.155259
2006-03-03,8.46,9.05,8.46,9.00,87700,7.227535
2006-03-02,8.49,8.53,8.36,8.42,30500,6.76176
2006-03-01,8.27,8.55,8.27,8.44,101200,6.777821
2006-02-28,8.47,8.53,8.40,8.46,82000,6.793883
2006-02-27,8.40,8.70,8.38,8.52,55500,6.842066
2006-02-24,8.40,8.42,8.33,8.40,24200,6.745699
2006-02-23,8.43,8.55,8.32,8.50,33300,6.826005
2006-02-22,8.41,8.50,8.22,8.30,80700,6.665393
2006-02-21,8.46,8.46,8.13,8.38,47000,6.729638
2006-02-17,8.39,8.50,8.35,8.35,75900,6.705546
2006-02-16,8.43,8.50,8.35,8.43,92100,6.769791
2006-02-15,8.30,8.37,8.29,8.33,92200,6.689485
2006-02-14,8.35,8.37,8.17,8.30,89000,6.665393
2006-02-13,8.32,8.49,7.99,8.32,382400,6.681454
2006-02-10,8.04,8.07,7.91,7.94,12500,6.376292
2006-02-09,8.00,8.03,7.85,8.00,20500,6.424475
2006-02-08,7.95,8.14,7.94,8.00,52500,6.424475
2006-02-07,7.89,8.01,7.85,7.93,27500,6.336139
2006-02-06,7.96,8.02,7.87,7.97,36100,6.368099
2006-02-03,7.90,8.04,7.79,8.04,20800,6.42403
2006-02-02,7.92,8.03,7.92,8.00,8600,6.392069
2006-02-01,8.00,8.05,7.97,7.99,33600,6.384079
2006-01-31,7.99,8.09,7.82,8.01,73800,6.40006
2006-01-30,8.04,8.05,7.95,8.05,25000,6.43202
2006-01-27,8.20,8.20,7.79,7.99,76400,6.384079
2006-01-26,7.75,8.32,7.75,8.20,163500,6.551871
2006-01-25,7.47,7.79,7.47,7.76,132300,6.200307
2006-01-24,7.49,7.57,7.47,7.51,219000,6.000555
2006-01-23,7.53,7.59,7.37,7.50,321000,5.992565
2006-01-20,7.18,7.49,7.18,7.41,57700,5.920654
2006-01-19,7.10,7.30,6.94,7.23,94200,5.776833
2006-01-18,6.91,7.02,6.90,6.95,20500,5.55311
2006-01-17,7.05,7.05,6.90,6.96,41400,5.5611
2006-01-13,7.10,7.10,6.95,7.00,70400,5.593061
2006-01-12,7.38,7.38,6.89,7.05,252000,5.633011
2006-01-11,7.25,7.99,7.17,7.92,200200,6.328149
2006-01-10,7.17,7.25,7.11,7.13,75400,5.696932
2006-01-09,7.20,7.25,7.11,7.23,50200,5.776833
2006-01-06,7.15,7.15,7.11,7.14,8000,5.704922
2006-01-05,7.12,7.17,7.10,7.14,23800,5.704922
2006-01-04,7.24,7.24,7.11,7.14,8800,5.704922
2006-01-03,7.11,7.24,7.11,7.19,10900,5.744872
2005-12-30,7.09,7.25,7.09,7.24,38900,5.784823
2005-12-29,7.25,7.25,7.10,7.10,66200,5.672961
2005-12-28,7.20,7.20,7.10,7.10,41900,5.672961
2005-12-27,7.10,7.24,7.10,7.20,17200,5.752862
2005-12-23,7.24,7.31,7.18,7.25,5200,5.792813
2005-12-22,7.19,7.30,7.18,7.18,17800,5.736882
2005-12-21,7.27,7.27,7.03,7.25,52200,5.792813
2005-12-20,7.30,7.30,7.18,7.21,67900,5.760853
2005-12-19,7.48,7.48,7.17,7.21,24200,5.760853
2005-12-16,7.30,7.71,7.25,7.30,60400,5.832763
2005-12-15,7.19,7.63,7.19,7.20,60400,5.752862
2005-12-14,7.36,7.37,7.20,7.26,11200,5.800803
2005-12-13,7.28,7.43,7.15,7.24,51700,5.784823
2005-12-12,7.16,7.33,7.16,7.20,41500,5.752862
2005-12-09,7.24,7.26,7.15,7.15,49100,5.712912
2005-12-08,7.30,7.30,7.13,7.18,116100,5.736882
2005-12-07,7.33,7.33,7.28,7.31,37500,5.840753
2005-12-06,7.38,7.38,7.25,7.28,19800,5.816783
2005-12-05,7.34,7.40,7.25,7.30,41400,5.832763
2005-12-02,7.30,7.40,7.21,7.25,47700,5.792813
2005-12-01,7.25,7.28,7.19,7.28,57700,5.816783
2005-11-30,7.28,7.29,7.03,7.21,41200,5.760853
2005-11-29,7.60,7.71,7.38,7.47,32400,5.968595
2005-11-28,7.56,7.65,7.54,7.57,14400,6.048496
2005-11-25,7.63,7.66,7.59,7.65,10400,6.112416
2005-11-23,7.64,7.75,7.54,7.66,51600,6.120406
2005-11-22,8.10,8.10,7.42,7.66,68700,6.120406
2005-11-21,8.25,8.41,8.16,8.19,17700,6.543881
2005-11-18,8.30,8.41,8.17,8.25,17000,6.591822
2005-11-17,8.30,8.50,8.24,8.42,28200,6.727653
2005-11-16,8.11,8.29,8.11,8.29,10900,6.623782
2005-11-15,8.48,8.48,8.05,8.05,17900,6.43202
2005-11-14,8.45,8.49,8.42,8.44,10800,6.743633
2005-11-11,8.46,8.46,8.38,8.42,7700,6.727653
2005-11-10,8.19,8.48,8.18,8.42,24900,6.727653
2005-11-09,8.35,8.43,8.16,8.18,36600,6.535891
2005-11-08,8.30,8.50,8.30,8.35,45200,6.671723
2005-11-07,8.35,8.49,8.35,8.44,21600,6.743633
2005-11-04,8.23,8.48,8.21,8.40,15300,6.711673
2005-11-03,8.39,8.40,8.32,8.40,11300,6.679712
2005-11-02,8.17,8.49,8.11,8.36,26200,6.647904
2005-11-01,8.25,8.31,7.91,8.27,19200,6.576336
2005-10-31,8.20,8.49,8.18,8.31,22600,6.608144
2005-10-28,8.08,8.49,7.83,8.33,67200,6.624048
2005-10-27,8.22,8.50,7.60,8.21,82900,6.528624
2005-10-26,8.22,8.40,8.11,8.25,18400,6.560432
2005-10-25,8.44,8.44,8.12,8.39,6600,6.671761
2005-10-24,8.28,8.49,8.11,8.15,32700,6.480911
2005-10-21,8.41,8.50,8.11,8.25,69000,6.560432
2005-10-20,8.45,8.50,8.29,8.48,15100,6.743328
2005-10-19,8.37,8.37,7.85,8.35,17000,6.639953
2005-10-18,8.28,8.50,8.23,8.40,45600,6.679712
2005-10-17,7.94,8.19,7.84,8.07,29100,6.417295
2005-10-14,7.42,8.00,7.33,7.99,215600,6.353679
2005-10-13,7.46,7.48,7.17,7.41,133700,5.892461
2005-10-12,7.27,7.39,6.78,6.83,77400,5.431242
2005-10-11,7.35,7.40,7.24,7.31,11800,5.81294
2005-10-10,7.15,7.39,7.03,7.39,22600,5.876556
2005-10-07,7.25,7.29,6.89,7.21,36800,5.73342
2005-10-06,7.27,7.36,7.08,7.28,26200,5.789084
2005-10-05,7.18,7.43,7.15,7.43,35400,5.908365
2005-10-04,7.56,7.56,7.08,7.42,63300,5.900413
2005-10-03,7.39,7.54,7.30,7.48,116400,5.948125
2005-09-30,7.40,7.62,7.22,7.60,92800,6.043549
2005-09-29,7.34,7.50,7.21,7.45,45900,5.924269
2005-09-28,7.40,7.41,7.29,7.40,23600,5.884509
2005-09-27,7.24,7.41,7.20,7.41,36200,5.892461
2005-09-26,7.45,7.45,7.20,7.40,22500,5.884509
2005-09-23,7.27,7.40,7.20,7.24,37500,5.757276
2005-09-22,7.22,7.40,7.20,7.40,19500,5.884509
2005-09-21,7.44,7.47,7.33,7.44,7800,5.916317
2005-09-20,7.27,7.48,7.25,7.44,13700,5.916317
2005-09-19,7.27,7.39,7.27,7.28,3200,5.789084
2005-09-16,7.40,7.48,7.28,7.33,9200,5.828844
2005-09-15,7.47,7.47,7.29,7.39,10100,5.876556
2005-09-14,7.30,7.50,7.30,7.50,10400,5.964029
2005-09-13,7.60,7.60,7.26,7.49,19300,5.956077
2005-09-12,7.50,7.50,7.48,7.49,3000,5.956077
2005-09-09,7.54,7.55,7.39,7.39,6900,5.876556
2005-09-08,7.39,7.58,7.13,7.55,6900,6.003789
2005-09-07,7.25,7.59,7.20,7.20,7400,5.725468
2005-09-06,7.48,7.61,7.20,7.27,50700,5.781132
2005-09-02,7.93,7.93,7.63,7.64,13500,6.075357
2005-09-01,7.78,8.00,7.23,7.68,36800,6.107166
2005-08-31,7.61,7.80,7.44,7.76,58600,6.170782
2005-08-30,7.62,7.84,7.35,7.76,17400,6.170782
2005-08-29,7.40,7.69,7.25,7.69,21000,6.115118
2005-08-26,7.35,7.75,7.30,7.74,13300,6.154878
2005-08-25,7.75,8.11,7.23,7.90,43900,6.282111
2005-08-24,8.40,8.40,7.75,7.75,2900,6.16283
2005-08-23,7.93,7.99,7.74,7.91,12800,6.290062
2005-08-22,7.96,8.07,7.75,8.00,10600,6.361631
2005-08-19,8.21,8.21,7.96,8.10,9300,6.441152
2005-08-18,8.28,8.30,8.20,8.20,5900,6.520672
2005-08-17,8.35,8.37,8.28,8.30,11600,6.600192
2005-08-16,8.54,8.59,8.35,8.35,2700,6.639953
2005-08-15,8.34,8.70,8.34,8.56,3600,6.806945
2005-08-12,8.68,8.80,8.26,8.26,19300,6.568384
2005-08-11,8.35,8.58,8.04,8.58,16600,6.822849
2005-08-10,8.36,8.50,8.23,8.29,9300,6.59224
2005-08-09,8.50,8.50,8.22,8.29,21200,6.59224
2005-08-08,8.46,8.62,8.37,8.44,3500,6.71152
2005-08-05,8.68,8.76,8.33,8.60,47700,6.838754
2005-08-04,8.63,8.75,8.41,8.75,12000,6.958034
2005-08-03,8.38,8.58,8.37,8.40,10900,6.679712
2005-08-02,8.51,8.68,8.27,8.51,267400,6.767185
2005-08-01,8.75,8.77,8.50,8.68,11500,6.90237
2005-07-29,8.57,8.90,8.54,8.85,11200,7.037555
2005-07-28,8.51,8.98,8.51,8.75,13800,6.958034
2005-07-27,8.63,8.99,8.63,8.84,29200,7.029602
2005-07-26,8.52,8.54,8.34,8.35,1000,6.608144
2005-07-25,8.63,8.90,8.31,8.60,13900,6.805993
2005-07-22,8.53,8.75,8.24,8.73,33500,6.908873
2005-07-21,8.31,8.50,8.25,8.50,22600,6.726853
2005-07-20,8.23,8.45,8.15,8.15,17100,6.449865
2005-07-19,8.16,8.50,8.03,8.33,45500,6.592316
2005-07-18,8.50,8.50,7.90,8.30,36000,6.568574
2005-07-15,8.54,8.68,8.40,8.50,19900,6.726853
2005-07-14,8.57,8.72,8.38,8.53,80400,6.750595
2005-07-13,8.51,8.63,7.94,8.53,128400,6.750595
2005-07-12,7.93,8.63,7.91,8.52,87400,6.742681
2005-07-11,7.65,8.07,7.49,7.93,73900,6.275758
2005-07-08,7.65,7.90,7.56,7.63,41100,6.03834
2005-07-07,7.75,7.80,7.67,7.72,17500,6.109565
2005-07-06,7.95,7.95,7.62,7.81,28200,6.180791
2005-07-05,7.80,7.90,7.66,7.84,45200,6.204533
2005-07-01,7.40,8.04,7.26,7.88,42200,6.236189
2005-06-30,7.01,7.55,7.00,7.30,84100,5.77718
2005-06-29,6.97,7.20,6.91,7.08,157600,5.603073
2005-06-28,6.73,7.00,6.70,6.94,201000,5.492278
2005-06-27,7.30,7.30,6.55,6.70,1242300,5.302343
2005-06-24,7.65,7.65,7.07,7.30,28500,5.77718
2005-06-23,7.59,7.64,7.53,7.59,5000,6.006684
2005-06-22,7.97,7.98,7.55,7.60,237000,6.014598
2005-06-21,7.93,7.98,7.66,7.90,22700,6.252016
2005-06-20,8.11,8.11,7.99,7.99,19300,6.323242
2005-06-17,8.30,8.30,8.03,8.17,15000,6.465693
2005-06-16,8.09,8.31,7.96,8.31,26800,6.576488
2005-06-15,8.50,8.50,8.16,8.25,98100,6.529004
2005-06-14,8.28,8.71,8.28,8.63,23100,6.829734
2005-06-13,8.14,8.45,8.02,8.45,53800,6.687283
2005-06-10,8.10,8.33,7.98,8.33,14400,6.592316
2005-06-09,8.33,8.77,8.09,8.09,5100,6.402381
2005-06-08,8.30,8.40,8.21,8.38,13800,6.631886
2005-06-07,8.10,8.48,8.10,8.48,21000,6.711025
2005-06-06,8.43,8.60,8.21,8.48,22600,6.711025
2005-06-03,8.70,8.74,8.54,8.54,21500,6.758509
2005-06-02,8.56,8.78,8.56,8.70,13300,6.885132
2005-06-01,8.55,9.38,8.41,8.78,16300,6.948443
2005-05-31,8.61,9.30,8.49,8.90,28300,7.04341
2005-05-27,8.85,8.86,8.55,8.80,20800,6.964272
2005-05-26,8.80,8.96,8.75,8.85,15900,7.003841
2005-05-25,8.55,8.70,8.02,8.48,23700,6.711025
2005-05-24,8.74,8.74,8.14,8.42,24800,6.663542
2005-05-23,8.99,8.99,8.42,8.45,5100,6.687283
2005-05-20,8.55,8.94,8.20,8.65,8400,6.845562
2005-05-19,8.64,8.77,8.50,8.51,5200,6.734767
2005-05-18,8.57,8.93,8.27,8.64,15800,6.837649
2005-05-17,8.24,8.50,8.24,8.50,1100,6.726853
2005-05-16,8.09,8.40,8.08,8.19,11100,6.48152
2005-05-13,9.02,9.02,8.18,8.18,25200,6.473607
2005-05-12,8.50,8.50,7.81,7.98,73500,6.315328
2005-05-11,9.02,9.02,8.65,8.86,2200,7.011755
2005-05-10,8.51,9.00,8.01,8.77,16200,6.94053
2005-05-09,8.05,8.88,7.90,8.74,9000,6.916788
2005-05-06,8.04,8.04,7.46,7.96,26900,6.2995
2005-05-05,8.11,8.35,7.81,7.82,33700,6.157049
2005-05-04,8.66,8.83,7.66,8.11,22800,6.385379
2005-05-03,8.72,8.99,8.30,8.32,23500,6.550722
2005-05-02,8.94,9.19,8.62,8.98,25700,7.070371
2005-04-29,8.78,9.00,8.51,9.00,6400,7.086118
2005-04-28,9.00,9.00,8.41,8.60,11600,6.77118
2005-04-27,8.86,9.00,8.80,9.00,1400,7.086118
2005-04-26,9.00,9.25,8.87,8.99,31900,7.078244
2005-04-25,8.81,9.00,8.80,8.85,21100,6.968016
2005-04-22,8.41,9.00,8.41,9.00,60200,7.086118
2005-04-21,9.00,9.00,8.44,8.69,23100,6.84204
2005-04-20,8.97,9.00,8.50,9.00,32600,7.086118
2005-04-19,8.74,9.08,8.72,8.98,7700,7.070371
2005-04-18,8.76,9.11,8.74,8.74,9000,6.881408
2005-04-15,8.72,8.83,8.67,8.80,10800,6.928649
2005-04-14,9.19,9.20,8.74,8.92,21100,7.02313
2005-04-13,9.06,9.24,9.00,9.08,53500,7.149105
2005-04-12,9.60,9.60,9.00,9.10,62600,7.164853
2005-04-11,10.00,10.10,9.63,9.75,13900,7.676628
2005-04-08,10.02,10.07,9.98,10.04,28600,7.904958
2005-04-07,10.01,10.08,9.96,10.01,35400,7.881338
2005-04-06,10.13,10.20,9.80,10.00,65100,7.873464
2005-04-05,10.20,10.32,9.93,10.23,18800,8.054554
2005-04-04,10.42,10.46,10.20,10.30,63600,8.109668
2005-04-01,10.62,10.75,10.01,10.31,42800,8.117542
2005-03-31,9.75,10.40,9.26,10.27,100300,8.086048
2005-03-30,10.03,10.19,9.69,10.08,34000,7.936452
2005-03-29,9.43,10.43,9.43,10.19,23600,8.02306
2005-03-28,10.10,10.10,9.46,9.55,33400,7.519158
2005-03-24,9.60,10.49,9.60,10.13,23700,7.975819
2005-03-23,10.18,10.25,9.75,9.75,26200,7.676628
2005-03-22,9.90,10.31,9.90,10.14,14900,7.983693
2005-03-21,10.33,10.33,10.00,10.12,12500,7.967946
2005-03-18,10.16,10.50,10.16,10.28,28600,8.093921
2005-03-17,10.43,10.46,10.09,10.38,23100,8.172656
2005-03-16,10.08,10.43,9.98,10.33,14800,8.133288
2005-03-15,10.50,10.50,10.16,10.25,17400,8.070301
2005-03-14,10.46,10.50,10.22,10.41,30200,8.196276
2005-03-11,10.35,10.52,10.29,10.45,11200,8.22777
2005-03-10,10.24,10.61,9.84,10.41,17100,8.196276
2005-03-09,10.42,10.67,10.32,10.50,55600,8.267137
2005-03-08,10.82,10.90,10.36,10.52,36500,8.282885
2005-03-07,10.08,11.17,10.05,10.85,174300,8.542709
2005-03-04,10.06,10.08,9.65,9.95,307600,7.834097
2005-03-03,10.87,10.88,10.56,10.56,60600,8.314379
2005-03-02,11.08,11.10,10.58,10.80,105500,8.503342
2005-03-01,11.03,11.30,10.90,11.30,33200,8.897015
2005-02-28,11.49,11.49,10.76,11.28,43300,8.881267
2005-02-25,11.01,11.46,10.96,11.45,23500,9.015116
2005-02-24,11.02,11.03,10.63,10.85,10800,8.542709
2005-02-23,10.91,10.91,10.65,10.86,7400,8.550582
2005-02-22,11.34,11.37,10.81,10.91,7400,8.589949
2005-02-18,11.54,11.69,10.84,11.50,15300,9.054484
2005-02-17,11.50,11.50,11.15,11.38,15200,8.960002
2005-02-16,11.50,11.50,11.43,11.47,57600,9.030864
2005-02-15,11.41,11.50,11.30,11.45,25600,9.015116
2005-02-14,11.25,11.50,11.23,11.41,29700,8.983623
2005-02-11,11.00,11.32,10.72,11.25,16000,8.857647
2005-02-10,11.00,11.06,10.23,11.01,39000,8.668684
2005-02-09,11.17,11.19,11.04,11.18,23100,8.802533
2005-02-08,11.18,11.23,11.00,11.09,163700,8.731672
2005-02-07,11.15,11.23,11.13,11.13,6600,8.731672
2005-02-04,10.93,11.20,10.85,11.12,13800,8.723827
2005-02-03,11.02,11.15,10.83,10.99,10200,8.62184
2005-02-02,10.99,11.14,10.73,11.14,16800,8.739518
2005-02-01,10.83,10.99,10.78,10.98,30500,8.613994
2005-01-31,10.78,11.00,10.75,10.93,31200,8.574769
2005-01-28,10.40,10.98,10.32,10.97,9400,8.60615
2005-01-27,10.27,10.49,10.27,10.30,5600,8.080523
2005-01-26,9.88,10.48,9.84,10.37,23200,8.135439
2005-01-25,9.83,10.13,9.83,10.03,9700,7.868703
2005-01-24,9.97,9.99,9.75,9.82,29900,7.703955
2005-01-21,10.25,10.25,9.70,9.90,23300,7.766716
2005-01-20,9.91,10.04,9.78,9.78,11900,7.672574
2005-01-19,10.10,10.24,9.99,10.00,13100,7.845168
2005-01-18,9.83,10.25,9.83,10.11,8100,7.931465
2005-01-14,9.72,10.17,9.72,10.13,26900,7.947155
2005-01-13,10.22,10.22,9.70,9.70,96800,7.609813
2005-01-12,10.47,10.52,9.99,10.35,14000,8.119749
2005-01-11,10.10,10.54,10.01,10.33,27200,8.104059
2005-01-10,10.44,10.44,10.15,10.22,31700,8.017762
2005-01-07,10.99,11.19,10.42,10.55,30900,8.276653
2005-01-06,10.29,11.01,10.29,11.00,29800,8.629685
2005-01-05,10.71,10.99,10.29,10.35,15500,8.119749
2005-01-04,10.73,10.73,10.29,10.60,61200,8.315878
2005-01-03,10.68,10.91,10.67,10.81,8400,8.480627
2004-12-31,10.65,10.97,10.51,10.60,43300,8.315878
2004-12-30,10.25,10.82,10.25,10.76,14700,8.441401
2004-12-29,10.45,10.79,10.20,10.44,26700,8.190355
2004-12-28,10.50,10.69,10.30,10.58,14400,8.300188
2004-12-27,10.39,10.46,10.31,10.31,16900,8.088369
2004-12-23,10.32,10.56,10.13,10.46,13400,8.206046
2004-12-22,10.30,10.40,9.75,10.33,29500,8.104059
2004-12-21,9.96,10.51,9.96,10.40,42900,8.158975
2004-12-20,10.61,10.61,9.76,10.11,89400,7.931465
2004-12-17,10.95,11.04,10.14,10.80,232800,8.472782
2004-12-16,11.30,11.60,11.25,11.46,37300,8.990563
2004-12-15,11.52,11.65,11.31,11.40,38100,8.943491
2004-12-14,11.60,11.60,11.35,11.53,21200,9.045479
2004-12-13,11.67,11.76,11.40,11.45,39000,8.982717
2004-12-10,11.42,11.64,11.42,11.60,24500,9.100395
2004-12-09,11.30,11.60,11.10,11.58,163700,9.084705
2004-12-08,11.24,11.50,11.24,11.43,159900,8.967027
2004-12-07,11.22,11.49,11.22,11.25,22600,8.825814
2004-12-06,11.47,11.47,11.29,11.38,12400,8.927801
2004-12-03,11.41,11.62,11.41,11.50,25400,9.021943
2004-12-02,11.12,11.50,11.12,11.47,40000,8.998408
2004-12-01,11.38,11.50,11.17,11.42,247300,8.959182
2004-11-30,11.09,11.40,11.09,11.15,37400,8.747362
2004-11-29,10.99,11.15,10.90,11.12,84200,8.723827
2004-11-26,11.01,11.10,11.01,11.03,6100,8.65322
2004-11-24,11.01,11.14,10.42,11.09,37300,8.700292
2004-11-23,11.17,11.17,10.78,11.01,44800,8.63753
2004-11-22,10.40,11.30,10.35,11.10,134700,8.708137
2004-11-19,10.70,10.70,10.25,10.44,34700,8.190355
2004-11-18,9.95,10.75,9.95,10.50,107200,8.237427
2004-11-17,10.00,10.50,9.94,9.96,88200,7.813787
2004-11-16,9.98,10.30,9.93,9.94,32800,7.798097
2004-11-15,10.05,10.23,9.82,10.06,40000,7.892239
2004-11-12,9.88,10.02,9.49,10.00,89000,7.845168
2004-11-11,9.15,9.95,9.15,9.80,115600,7.688265
2004-11-10,9.37,9.37,9.14,9.27,81700,7.272471
2004-11-09,8.89,9.30,8.80,9.25,427000,7.256781
2004-11-08,8.97,9.05,8.59,8.90,197500,6.982199
2004-11-05,9.05,9.08,8.93,9.08,24500,7.123413
2004-11-04,9.08,9.08,8.97,9.02,25200,7.076342
2004-11-03,8.55,9.08,8.33,9.07,78500,7.084186
2004-11-02,8.37,8.54,8.23,8.50,19400,6.638984
2004-11-01,8.25,8.49,8.03,8.49,44500,6.631173
2004-10-29,8.32,8.49,8.05,8.36,94500,6.529636
2004-10-28,8.34,8.49,8.25,8.41,12100,6.568689
2004-10-27,8.32,8.43,8.22,8.35,25000,6.521826
2004-10-26,8.25,8.42,8.11,8.30,43500,6.482773
2004-10-25,8.00,8.37,7.95,8.31,37800,6.490584
2004-10-22,8.23,8.25,7.93,8.02,44300,6.264077
2004-10-21,8.02,8.24,7.95,8.23,39900,6.428098
2004-10-20,7.92,8.25,7.92,8.05,36500,6.287509
2004-10-19,7.95,8.01,7.90,7.92,58000,6.185971
2004-10-18,8.32,8.32,7.80,7.98,116400,6.232834
2004-10-15,8.33,8.41,7.99,8.41,37500,6.568689
2004-10-14,8.10,8.43,8.10,8.33,8900,6.506204
2004-10-13,8.53,8.53,7.94,8.14,88900,6.357804
2004-10-12,8.56,8.58,8.11,8.40,42400,6.560878
2004-10-11,8.69,8.69,8.39,8.64,45300,6.748332
2004-10-08,8.72,9.09,8.50,8.69,120300,6.787384
2004-10-07,8.61,8.97,8.55,8.76,36400,6.842059
2004-10-06,8.74,8.77,8.50,8.55,148700,6.678037
2004-10-05,8.86,8.97,8.61,8.77,53300,6.84987
2004-10-04,9.06,9.06,8.74,8.87,116900,6.927975
2004-10-01,9.63,9.72,9.04,9.13,106100,7.13105
2004-09-30,9.03,9.61,8.97,9.61,102100,7.505957
2004-09-29,8.70,9.07,8.70,9.06,35300,7.076376
2004-09-28,8.99,9.00,8.74,8.84,42000,6.904543
2004-09-27,9.35,9.41,8.52,8.87,99700,6.927975
2004-09-24,9.00,9.32,8.77,9.32,203300,7.27945
2004-09-23,8.54,8.73,8.54,8.64,46300,6.748332
2004-09-22,8.50,8.78,8.50,8.68,14600,6.779574
2004-09-21,8.83,8.84,8.60,8.60,63300,6.71709
2004-09-20,8.19,8.74,8.19,8.70,18700,6.795195
2004-09-17,8.25,8.28,8.16,8.24,15200,6.435909
2004-09-16,8.19,8.47,8.14,8.25,35300,6.44372
2004-09-15,7.93,8.16,7.93,8.15,54200,6.365614
2004-09-14,8.11,8.11,7.68,8.01,43500,6.256266
2004-09-13,7.65,8.11,7.52,8.10,167200,6.326562
2004-09-10,7.65,7.95,7.50,7.75,186700,6.053191
2004-09-09,8.07,8.07,7.59,7.81,109700,6.100055
2004-09-08,8.05,8.51,7.82,8.06,70400,6.295319
2004-09-07,8.13,8.15,7.93,7.98,125300,6.232834
2004-09-03,8.29,8.29,8.19,8.19,34600,6.396856
2004-09-02,8.28,8.38,8.25,8.38,10100,6.545257
2004-09-01,8.41,8.41,8.20,8.30,31500,6.482773
2004-08-31,8.10,8.40,8.10,8.38,60000,6.545257
2004-08-30,8.35,8.40,8.19,8.30,118300,6.482773
2004-08-27,8.33,8.55,8.28,8.29,51700,6.474962
2004-08-26,8.41,8.54,8.14,8.40,67700,6.560878
2004-08-25,8.16,8.65,8.16,8.56,63400,6.685848
2004-08-24,8.44,8.44,8.09,8.10,103500,6.326562
2004-08-23,8.11,8.48,8.11,8.35,79100,6.521826
2004-08-20,7.70,8.18,7.62,8.15,226900,6.365614
2004-08-19,7.80,7.90,7.57,7.58,95200,5.920412
2004-08-18,8.08,8.43,7.53,7.78,148000,6.076623
2004-08-17,8.18,8.49,8.10,8.29,57000,6.474962
2004-08-16,8.00,8.25,8.00,8.16,45600,6.373425
2004-08-13,8.51,8.51,8.07,8.15,64300,6.365614
2004-08-12,8.77,8.80,8.19,8.24,127300,6.404667
2004-08-11,9.27,9.36,8.68,8.68,32100,6.746664
2004-08-10,9.27,9.80,9.11,9.23,54600,7.17416
2004-08-09,9.02,9.60,9.02,9.26,32400,7.197478
2004-08-06,9.52,9.55,8.69,9.49,119700,7.376249
2004-08-05,9.76,10.00,9.50,9.66,67200,7.508384
2004-08-04,9.49,9.92,9.21,9.91,205300,7.7027
2004-08-03,9.26,9.50,9.15,9.38,116800,7.29075
2004-08-02,9.27,9.46,8.92,9.35,49900,7.267432
2004-07-30,9.25,9.84,9.00,9.29,86100,7.220796
2004-07-29,9.07,9.24,8.90,9.23,25800,7.17416
2004-07-28,9.00,9.13,8.70,9.09,41000,7.065343
2004-07-27,8.26,9.10,8.26,9.02,55600,7.010935
2004-07-26,9.04,9.17,8.26,8.46,194400,6.575666
2004-07-23,9.31,9.46,9.06,9.15,26900,7.111978
2004-07-22,10.14,10.14,9.25,9.36,52200,7.275204
2004-07-21,9.81,10.10,9.67,10.10,41600,7.850381
2004-07-20,9.81,9.89,9.70,9.84,48900,7.648292
2004-07-19,10.18,10.38,9.81,9.83,56700,7.640519
2004-07-16,10.15,10.36,10.00,10.33,68900,8.029152
2004-07-15,9.66,10.10,9.52,10.00,63800,7.772654
2004-07-14,9.46,9.80,9.12,9.76,71800,7.586111
2004-07-13,9.58,9.58,9.40,9.54,62100,7.415112
2004-07-12,9.83,9.83,9.48,9.51,123700,7.391794
2004-07-09,9.90,9.97,9.79,9.83,62100,7.640519
2004-07-08,10.01,10.17,9.80,9.82,80100,7.632746
2004-07-07,9.95,10.23,9.75,10.23,75000,7.951425
2004-07-06,10.30,10.30,9.75,10.00,499800,7.772654
2004-07-02,10.55,10.65,10.25,10.25,1124200,7.966971
2004-07-01,11.25,11.25,10.42,10.67,40200,8.293422
2004-06-30,11.08,11.10,10.80,11.08,63500,8.612101
2004-06-29,10.50,11.03,10.43,10.96,40600,8.518829
2004-06-28,10.49,10.75,10.04,10.70,165600,8.31674
2004-06-25,10.31,11.92,9.99,11.92,400300,9.265004
2004-06-24,10.65,10.81,10.41,10.44,59000,8.114651
2004-06-23,10.95,11.36,10.65,10.65,76300,8.277877
2004-06-22,11.26,11.50,10.77,11.21,50300,8.713145
2004-06-21,11.61,11.68,10.93,11.47,64700,8.915235
2004-06-18,11.32,11.70,11.03,11.45,45600,8.899689
2004-06-17,11.69,11.69,11.34,11.50,5200,8.938552
2004-06-16,11.84,11.84,11.65,11.66,10300,9.062915
2004-06-15,11.74,11.96,11.05,11.80,44100,9.171732
2004-06-14,11.13,11.80,11.05,11.69,70800,9.086233
2004-06-10,11.49,11.75,11.06,11.61,44800,9.024051
2004-06-09,11.50,11.80,11.19,11.35,50500,8.821963
2004-06-08,11.54,11.54,11.21,11.50,6000,8.938552
2004-06-07,10.95,11.75,10.86,11.75,58600,9.132869
2004-06-04,10.73,10.91,10.48,10.90,24800,8.472193
2004-06-03,10.75,10.80,10.46,10.50,28800,8.161287
2004-06-02,11.12,11.12,10.75,10.80,32200,8.394467
2004-06-01,11.09,11.29,10.92,11.00,4500,8.54992
2004-05-28,11.09,11.58,11.00,11.31,18200,8.790872
2004-05-27,10.80,11.18,10.80,11.07,17400,8.604328
2004-05-26,10.40,10.80,10.30,10.75,47400,8.355603
2004-05-25,9.80,10.59,9.63,10.51,22300,8.16906
2004-05-24,9.69,10.43,9.69,9.84,14900,7.648292
2004-05-21,9.89,9.89,9.41,9.87,20400,7.67161
2004-05-20,9.94,10.15,9.50,9.87,19700,7.67161
2004-05-19,10.13,10.26,9.66,9.80,61700,7.617201
2004-05-18,10.24,10.26,9.90,10.20,25600,7.928107
2004-05-17,10.33,10.33,9.80,10.23,19600,7.951425
2004-05-14,10.50,10.66,10.28,10.44,18700,8.114651
2004-05-13,10.98,11.06,10.25,10.82,16400,8.410012
2004-05-12,11.15,11.17,10.28,11.12,17500,8.643191
2004-05-11,10.96,11.19,10.72,11.02,8800,8.565465
2004-05-10,10.91,10.96,10.61,10.80,10800,8.394467
2004-05-07,11.23,11.31,10.78,10.78,7200,8.378921
2004-05-06,11.34,11.34,10.79,11.17,38600,8.682055
2004-05-05,11.55,11.55,10.93,11.32,28800,8.767554
2004-05-04,12.09,12.14,11.11,11.56,17200,8.953439
2004-05-03,11.45,12.06,11.23,11.91,32900,9.22452
2004-04-30,11.56,11.66,10.60,11.31,26100,8.759809
2004-04-29,12.00,12.00,11.36,11.51,13300,8.914713
2004-04-28,12.43,12.54,11.84,11.91,42900,9.22452
2004-04-27,12.40,12.56,11.78,12.45,42700,9.64276
2004-04-26,12.90,13.00,12.36,12.36,36200,9.573053
2004-04-23,12.96,13.00,12.34,12.95,142600,10.03002
2004-04-22,12.64,12.94,12.43,12.80,73300,9.913842
2004-04-21,11.85,12.62,11.85,12.50,69300,9.681486
2004-04-20,12.01,12.70,11.67,11.76,53800,9.108343
2004-04-19,11.64,11.92,11.46,11.86,24600,9.185794
2004-04-16,11.95,12.00,11.65,11.73,43000,9.085106
2004-04-15,11.74,11.95,11.43,11.89,12100,9.20903
2004-04-14,11.72,12.44,11.38,11.75,16200,9.100597
2004-04-13,12.01,12.16,11.62,11.66,23600,9.03089
2004-04-12,12.01,12.49,11.86,12.03,20700,9.317462
2004-04-08,12.91,13.10,12.12,12.14,19600,9.40266
2004-04-07,13.20,13.22,12.07,13.03,29400,10.091981
2004-04-06,11.99,13.21,11.99,13.03,43300,10.091981
2004-04-05,12.20,12.43,11.88,12.32,11900,9.542073
2004-04-02,12.11,12.36,12.01,12.04,12900,9.325208
2004-04-01,12.08,12.84,12.00,12.08,15100,9.356188
2004-03-31,11.90,12.16,11.80,12.12,28200,9.387169
2004-03-30,11.99,12.07,11.77,12.05,15500,9.332953
2004-03-29,11.80,12.17,11.78,12.00,10300,9.294227
2004-03-26,12.08,12.26,11.75,11.84,36400,9.170304
2004-03-25,12.19,12.23,11.89,12.06,38000,9.340698
2004-03-24,12.52,12.67,11.83,11.95,19100,9.255501
2004-03-23,11.92,12.80,11.65,12.40,35600,9.604034
2004-03-22,12.00,12.26,11.60,11.85,53400,9.178049
2004-03-19,12.40,12.40,12.14,12.20,12900,9.449131
2004-03-18,12.51,12.51,11.81,12.38,63100,9.588544
2004-03-17,11.93,12.68,11.93,12.56,8500,9.727958
2004-03-16,11.80,11.98,11.66,11.88,24200,9.201285
2004-03-15,13.25,13.25,11.50,11.74,91900,9.092852
2004-03-12,12.95,13.08,12.41,13.07,36200,10.122962
2004-03-11,12.76,13.20,12.40,12.93,58100,10.01453
2004-03-10,13.19,13.23,12.65,13.23,61700,10.246885
2004-03-09,13.31,13.40,12.75,13.12,25500,10.161688
2004-03-08,13.50,13.50,13.03,13.25,21500,10.262376
2004-03-05,13.70,13.80,12.97,13.35,18600,10.339828
2004-03-04,14.02,14.08,13.26,13.40,16800,10.378553
2004-03-03,13.72,13.72,13.25,13.46,42700,10.425025
2004-03-02,13.55,13.99,13.55,13.99,9800,10.835519
2004-03-01,13.79,14.00,13.38,14.00,21500,10.843265
2004-02-27,12.77,13.75,12.29,13.75,50600,10.649635
2004-02-26,13.06,13.26,12.67,12.82,16400,9.929332
2004-02-25,12.54,13.01,12.50,13.01,21100,10.076491
2004-02-24,12.77,12.90,12.30,12.70,50100,9.83639
2004-02-23,13.19,13.36,12.73,12.73,8200,9.859625
2004-02-20,13.10,13.77,12.95,12.98,17000,10.053255
2004-02-19,13.68,13.80,13.14,13.25,7400,10.262376
2004-02-18,13.77,14.00,13.56,13.56,11700,10.502477
2004-02-17,12.86,13.95,12.86,13.77,25700,10.665126
2004-02-13,13.52,13.52,12.78,12.92,21300,10.006784
2004-02-12,13.32,13.50,13.21,13.43,10300,10.401789
2004-02-11,13.17,13.40,13.17,13.40,14000,10.378553
2004-02-10,13.39,13.44,12.96,13.40,9400,10.378553
2004-02-09,13.78,13.78,13.28,13.35,40900,10.339828
2004-02-06,13.51,13.80,12.77,13.70,28700,10.610909
2004-02-05,12.75,13.69,12.75,13.21,61900,10.200414
2004-02-04,13.47,13.47,12.67,12.67,25400,9.78344
2004-02-03,13.45,13.56,13.26,13.49,24500,10.416622
2004-02-02,13.63,13.70,13.54,13.55,22700,10.462953
2004-01-30,13.59,13.87,13.59,13.66,68900,10.547892
2004-01-29,13.52,13.70,13.45,13.47,124700,10.401179
2004-01-28,13.55,13.75,13.55,13.61,59100,10.509283
2004-01-27,13.65,13.83,13.60,13.72,80000,10.594223
2004-01-26,13.80,13.84,13.47,13.84,100400,10.686883
2004-01-23,13.50,13.83,13.38,13.68,49500,10.563336
2004-01-22,13.43,13.61,13.39,13.50,21000,10.424344
2004-01-21,13.44,13.61,13.40,13.45,92200,10.385735
2004-01-20,12.72,13.85,12.72,13.58,57000,10.486118
2004-01-16,12.46,12.92,12.46,12.90,80500,9.96104
2004-01-15,12.40,12.58,12.30,12.51,20000,9.659892
2004-01-14,12.65,12.65,12.49,12.56,26900,9.698501
2004-01-13,12.55,12.65,12.41,12.59,21800,9.721666
2004-01-12,12.48,12.63,12.45,12.50,38700,9.652171
2004-01-09,12.82,13.00,12.40,12.40,49800,9.574953
2004-01-08,12.39,12.85,12.23,12.79,131200,9.876101
2004-01-07,12.09,12.31,12.09,12.30,16400,9.497736
2004-01-06,12.31,12.42,12.21,12.27,102700,9.474571
2004-01-05,12.50,12.50,12.31,12.38,41300,9.55951
2004-01-02,12.23,12.50,12.23,12.50,20000,9.652171
2003-12-31,12.26,12.30,11.99,12.29,63100,9.490014
2003-12-30,12.26,12.40,12.15,12.16,53300,9.389631
2003-12-29,12.16,12.44,11.90,12.24,96400,9.451405
2003-12-26,12.30,12.30,12.18,12.18,2900,9.405075
2003-12-24,12.15,12.40,12.15,12.29,23400,9.490014
2003-12-23,11.85,12.15,11.85,12.15,44300,9.381909
2003-12-22,12.15,12.15,11.61,11.89,25400,9.181145
2003-12-19,12.30,12.30,11.31,12.19,62700,9.412796
2003-12-18,11.60,12.40,11.60,12.00,70100,9.266084
2003-12-17,11.65,11.73,11.55,11.60,27400,8.957215
2003-12-16,11.73,11.73,11.54,11.67,37700,9.011266
2003-12-15,11.35,11.75,11.35,11.62,58600,8.972658
2003-12-12,11.12,11.45,10.91,11.45,115300,8.841388
2003-12-11,10.46,11.09,10.20,11.09,8700,8.563406
2003-12-10,10.94,11.00,10.39,10.41,76000,8.038328
2003-12-09,11.18,11.18,10.82,10.98,24000,8.478466
2003-12-08,10.48,11.15,10.39,11.15,122200,8.609736
2003-12-05,10.60,10.80,10.32,10.47,18000,8.084658
2003-12-04,10.15,10.69,10.15,10.68,241400,8.246815
2003-12-03,10.33,10.65,10.25,10.30,12500,7.953389
2003-12-02,10.01,10.31,10.00,10.15,26000,7.837562
2003-12-01,10.10,10.52,10.07,10.20,116800,7.876171
2003-11-28,10.29,10.31,10.15,10.24,21200,7.907058
2003-11-26,10.50,10.50,10.24,10.31,80900,7.961111
2003-11-25,10.49,10.55,10.21,10.39,42300,8.022884
2003-11-24,10.14,10.58,10.10,10.42,33600,8.046049
2003-11-21,10.15,10.31,9.84,10.19,19600,7.868449
2003-11-20,10.30,10.47,10.15,10.17,16200,7.853006
2003-11-19,10.42,10.54,10.30,10.30,14100,7.953389
2003-11-18,10.50,10.65,10.46,10.46,19100,8.076936
2003-11-17,10.90,10.90,10.20,10.50,41300,8.107823
2003-11-14,11.11,11.25,10.79,10.90,45300,8.416692
2003-11-13,11.22,11.33,11.00,11.17,47400,8.62518
2003-11-12,10.95,11.24,10.95,11.21,73800,8.656067
2003-11-11,11.29,11.35,10.55,11.09,70400,8.563406
2003-11-10,11.92,12.00,11.25,11.40,41400,8.802779
2003-11-07,12.00,12.00,11.93,11.95,41000,9.227475
2003-11-06,12.25,12.35,11.95,12.00,58700,9.266084
2003-11-05,12.19,12.50,11.63,12.15,214400,9.381909
2003-11-04,11.15,12.57,11.12,12.19,195200,9.381909
2003-11-03,10.09,11.30,10.09,11.23,58400,8.643055
2003-10-31,10.30,10.45,10.13,10.13,15500,7.796452
2003-10-30,10.24,10.41,10.08,10.10,13100,7.773363
2003-10-29,10.20,10.27,9.96,10.24,51400,7.881112
2003-10-28,9.77,10.20,9.77,10.20,10000,7.850326
2003-10-27,10.05,10.24,9.71,9.84,13300,7.573256
2003-10-24,9.98,10.12,9.98,10.08,32300,7.75797
2003-10-23,9.91,10.00,9.90,9.99,13000,7.688702
2003-10-22,9.98,10.00,9.81,9.81,26700,7.550167
2003-10-21,9.98,9.99,9.90,9.98,11700,7.681005
2003-10-20,10.00,10.01,9.81,9.99,43500,7.688702
2003-10-17,10.14,10.14,9.88,9.96,14300,7.665613
2003-10-16,10.02,10.16,9.70,10.00,102500,7.696398
2003-10-15,10.15,10.35,10.01,10.10,14100,7.773363
2003-10-14,9.70,10.15,9.65,10.14,18500,7.804148
2003-10-13,9.81,10.34,9.70,9.88,272800,7.604042
2003-10-10,10.15,10.39,9.85,9.89,10200,7.611738
2003-10-09,10.26,10.48,10.12,10.31,38500,7.934987
2003-10-08,10.37,10.38,10.14,10.22,57200,7.865719
2003-10-07,10.50,10.52,10.15,10.28,49000,7.911897
2003-10-06,10.49,10.49,10.21,10.45,24900,8.042736
2003-10-03,10.35,10.77,10.19,10.45,55800,8.042736
2003-10-02,10.87,10.89,10.16,10.40,7600,8.004254
2003-10-01,10.69,10.90,10.59,10.85,12400,8.350593
2003-09-30,10.66,10.66,10.50,10.60,18600,8.158183
2003-09-29,10.57,10.92,10.35,10.68,27700,8.219754
2003-09-26,10.65,11.00,10.28,10.72,7800,8.250539
2003-09-25,11.25,11.25,10.61,10.78,82800,8.296717
2003-09-24,11.05,11.75,10.90,11.05,206500,8.50452
2003-09-23,10.82,10.84,10.72,10.82,53300,8.327503
2003-09-22,10.89,10.99,10.75,10.90,37300,8.389074
2003-09-19,10.88,11.05,10.88,11.05,33400,8.50452
2003-09-18,10.96,11.00,10.76,10.95,44700,8.427556
2003-09-17,10.82,11.00,10.81,10.85,32400,8.350593
2003-09-16,10.64,11.05,10.61,10.95,25200,8.427556
2003-09-15,10.57,10.81,10.50,10.50,5100,8.081218
2003-09-12,10.31,10.75,10.03,10.74,26700,8.265932
2003-09-11,10.63,10.65,10.25,10.30,14100,7.927291
2003-09-10,10.58,10.80,10.26,10.26,12300,7.896505
2003-09-09,10.61,10.90,10.61,10.80,12500,8.312111
2003-09-08,10.80,10.80,10.75,10.75,31200,8.273628
2003-09-05,10.82,10.82,10.56,10.79,2800,8.304414
2003-09-04,10.62,10.80,10.61,10.80,15900,8.312111
2003-09-03,10.72,10.80,10.39,10.75,11800,8.273628
2003-09-02,10.31,10.80,10.11,10.80,17200,8.312111
2003-08-29,10.35,10.71,10.35,10.41,22800,8.011951
2003-08-28,10.44,10.79,10.33,10.50,36600,8.081218
2003-08-27,10.38,10.60,10.38,10.60,4700,8.158183
2003-08-26,10.45,10.60,10.44,10.52,3900,8.096612
2003-08-25,10.45,10.60,10.32,10.60,5000,8.158183
2003-08-22,10.39,10.60,9.78,10.50,42800,8.081218
2003-08-21,10.18,10.37,9.81,10.37,20900,7.981165
2003-08-20,10.20,10.20,10.15,10.19,3500,7.84263
2003-08-19,9.60,10.20,9.25,10.20,44400,7.850326
2003-08-18,9.30,9.60,9.03,9.30,7800,7.157651
2003-08-15,9.26,9.48,9.00,9.25,2100,7.119169
2003-08-14,9.31,9.45,9.21,9.29,7100,7.119169
2003-08-13,9.47,9.54,9.39,9.39,3100,7.195801
2003-08-12,9.40,9.50,9.40,9.49,10700,7.272434
2003-08-11,9.50,9.55,9.50,9.55,6100,7.318414
2003-08-08,9.50,9.59,9.50,9.51,11600,7.287761
2003-08-07,9.58,9.60,9.49,9.55,16000,7.318414
2003-08-06,9.68,9.68,9.49,9.58,3500,7.341403
2003-08-05,9.79,9.80,9.62,9.68,11800,7.418036
2003-08-04,9.77,10.00,9.68,10.00,9300,7.66326
2003-08-01,9.87,9.87,9.63,9.72,6300,7.448689
2003-07-31,10.05,10.20,9.86,9.98,6600,7.647933
2003-07-30,10.10,10.20,9.95,10.17,20300,7.793536
2003-07-29,10.30,10.40,9.75,10.13,69900,7.762883
2003-07-28,9.94,10.48,9.94,10.45,42000,8.008107
2003-07-25,9.65,9.90,9.60,9.77,44600,7.487005
2003-07-24,9.82,10.23,9.59,9.93,85400,7.609618
2003-07-23,9.93,9.93,9.69,9.69,2900,7.425699
2003-07-22,9.60,9.93,9.60,9.93,12200,7.609618
2003-07-21,9.54,9.75,9.47,9.47,13400,7.257108
2003-07-18,9.82,9.88,9.60,9.70,27100,7.433362
2003-07-17,10.45,10.50,9.81,10.00,15100,7.66326
2003-07-16,9.33,10.69,9.33,10.50,45300,8.046423
2003-07-15,9.63,9.81,9.44,9.57,4400,7.33374
2003-07-14,9.60,10.13,9.57,10.02,32500,7.678587
2003-07-11,8.50,9.55,8.48,9.55,19700,7.318414
2003-07-10,8.40,8.43,8.25,8.43,16400,6.460129
2003-07-09,8.02,8.39,7.99,8.39,12800,6.429475
2003-07-08,8.18,8.26,8.00,8.14,44400,6.237894
2003-07-07,8.05,8.15,8.04,8.08,11700,6.191914
2003-07-03,8.08,8.08,8.01,8.01,3600,6.138272
2003-07-02,8.30,8.30,8.00,8.08,24200,6.191914
2003-07-01,8.20,8.41,8.03,8.24,18700,6.314526
2003-06-30,8.21,8.21,8.00,8.06,32000,6.176588
2003-06-27,8.40,8.40,8.05,8.05,10600,6.168925
2003-06-26,8.05,8.15,7.96,8.15,44600,6.245557
2003-06-25,8.17,8.30,7.88,8.00,27500,6.130608
2003-06-24,8.02,8.29,7.95,8.29,38400,6.352843
2003-06-23,8.23,8.30,8.13,8.13,9800,6.230231
2003-06-20,8.15,8.33,8.15,8.23,5400,6.306863
2003-06-19,8.19,8.41,8.18,8.20,14700,6.283873
2003-06-18,8.16,8.25,8.10,8.11,27000,6.214904
2003-06-17,8.60,8.60,8.00,8.15,28700,6.245557
2003-06-16,7.99,8.87,7.99,8.65,41500,6.62872
2003-06-13,8.20,8.20,7.95,7.99,62800,6.122945
2003-06-12,8.50,8.53,8.17,8.19,7800,6.27621
2003-06-11,8.04,8.49,7.98,8.44,7400,6.467791
2003-06-10,8.15,8.16,7.83,8.16,15300,6.25322
2003-06-09,8.40,8.40,8.06,8.10,12000,6.207241
2003-06-06,8.41,8.70,8.41,8.50,21200,6.513771
2003-06-05,8.66,8.70,8.27,8.41,8500,6.444802
2003-06-04,8.28,8.70,8.25,8.70,16800,6.667036
2003-06-03,8.71,8.71,8.28,8.28,10000,6.345179
2003-06-02,8.99,9.19,8.45,8.51,28700,6.521435
2003-05-30,8.00,9.33,8.00,9.05,113300,6.935251
2003-05-29,7.98,8.12,7.96,8.11,77300,6.214904
2003-05-28,7.94,8.00,7.73,7.84,16100,6.007996
2003-05-27,7.75,7.94,7.75,7.94,24500,6.084629
2003-05-23,7.76,7.84,7.76,7.80,4800,5.977343
2003-05-22,7.51,7.76,7.51,7.75,15000,5.939027
2003-05-21,7.51,7.53,7.51,7.53,3000,5.770435
2003-05-20,7.77,7.77,7.41,7.60,46500,5.824078
2003-05-19,8.09,8.09,7.58,7.80,13400,5.977343
2003-05-16,8.50,8.64,8.00,8.01,13000,6.138272
2003-05-15,8.20,8.69,8.11,8.60,46700,6.590404
2003-05-14,8.30,8.30,8.15,8.15,22700,6.245557
2003-05-13,7.96,8.34,7.96,8.28,53700,6.345179
2003-05-12,7.79,8.00,7.57,7.97,67000,6.107618
2003-05-09,7.58,7.82,7.57,7.79,16400,5.96968
2003-05-08,7.78,7.78,7.58,7.58,17100,5.808751
2003-05-07,8.00,8.00,7.79,7.79,1900,5.96968
2003-05-06,7.91,8.03,7.91,7.92,8800,6.038649
2003-05-05,7.94,8.05,7.91,8.02,36900,6.114895
2003-05-02,7.97,7.99,7.87,7.99,16700,6.092021
2003-05-01,7.86,7.97,7.61,7.97,20800,6.076772
2003-04-30,7.85,7.90,7.82,7.90,11100,6.0234
2003-04-29,7.78,7.90,7.78,7.87,8200,6.000526
2003-04-28,7.71,7.76,7.57,7.73,22900,5.893783
2003-04-25,7.76,7.76,7.76,7.76,1200,5.916656
2003-04-24,8.09,8.09,7.50,7.76,18900,5.916656
2003-04-23,8.14,8.15,8.07,8.15,31500,6.214014
2003-04-22,8.11,8.14,8.07,8.14,29200,6.20639
2003-04-21,8.15,8.21,8.07,8.10,33500,6.175891
2003-04-17,8.23,8.25,7.94,8.20,2500,6.252137
2003-04-16,8.17,8.42,8.00,8.10,275400,6.175891
2003-04-15,8.10,8.19,8.06,8.13,16900,6.198765
2003-04-14,8.00,8.11,7.72,8.07,7300,6.153017
2003-04-11,7.83,7.99,7.72,7.99,2900,6.092021
2003-04-10,7.97,8.01,7.77,8.01,5000,6.10727
2003-04-09,8.00,8.17,7.97,7.97,39200,6.076772
2003-04-08,7.95,8.08,7.90,7.90,24200,6.0234
2003-04-07,7.88,8.08,7.88,8.05,26300,6.137769
2003-04-04,7.86,8.00,7.83,7.90,20500,6.0234
2003-04-03,7.97,7.98,7.59,7.92,10700,6.038649
2003-04-02,7.60,7.96,7.60,7.96,1700,6.069147
2003-04-01,7.86,8.27,7.66,7.85,10100,5.985277
2003-03-31,7.82,8.65,7.81,8.29,32000,6.320758
2003-03-28,8.01,8.02,7.82,8.00,4800,6.099646
2003-03-27,7.91,8.03,7.90,7.95,65100,6.061523
2003-03-26,8.07,8.07,7.90,7.90,34800,6.0234
2003-03-25,8.01,8.23,8.00,8.04,6300,6.130144
2003-03-24,8.18,8.19,8.01,8.17,5400,6.229263
2003-03-21,8.18,8.25,7.98,8.15,75600,6.214014
2003-03-20,7.91,8.18,7.79,8.00,22700,6.099646
2003-03-19,8.00,8.07,8.00,8.00,1800,6.099646
2003-03-18,8.17,8.17,7.55,7.96,27500,6.069147
2003-03-17,8.09,8.21,7.88,8.00,21500,6.099646
2003-03-14,8.12,8.20,8.09,8.09,16200,6.168267
2003-03-13,8.17,8.17,7.95,8.12,17900,6.19114
2003-03-12,8.18,8.25,8.09,8.11,4500,6.183515
2003-03-11,8.22,8.33,8.09,8.10,19700,6.175891
2003-03-10,8.07,8.30,7.83,8.12,11900,6.19114
2003-03-07,7.90,8.30,7.90,8.13,6400,6.198765
2003-03-06,8.12,8.22,8.06,8.19,18900,6.244512
2003-03-05,8.01,8.17,8.01,8.12,1500,6.19114
2003-03-04,8.48,8.48,8.00,8.22,31800,6.267386
2003-03-03,8.04,8.58,8.01,8.55,24100,6.518996
2003-02-28,8.32,8.32,8.11,8.11,1300,6.183515
2003-02-27,8.27,8.50,8.12,8.34,5300,6.358881
2003-02-26,8.13,8.37,8.05,8.29,7700,6.320758
2003-02-25,8.41,8.44,8.04,8.25,5500,6.29026
2003-02-24,8.00,8.75,8.00,8.49,31600,6.473249
2003-02-21,8.12,8.29,8.00,8.27,8700,6.305509
2003-02-20,8.21,8.25,8.12,8.25,19500,6.29026
2003-02-19,8.06,8.20,8.06,8.20,5300,6.252137
2003-02-18,7.99,8.20,7.99,8.20,18600,6.252137
2003-02-14,8.05,8.10,8.00,8.10,18500,6.175891
2003-02-13,7.96,8.05,7.92,8.04,4100,6.130144
2003-02-12,7.94,8.06,7.85,7.87,36000,6.000526
2003-02-11,7.89,7.96,7.65,7.95,8300,6.061523
2003-02-10,7.65,8.00,7.59,7.87,10000,6.000526
2003-02-07,7.56,7.68,7.54,7.68,6000,5.85566
2003-02-06,7.76,7.92,7.56,7.63,7600,5.817537
2003-02-05,7.82,7.92,7.65,7.82,6500,5.931905
2003-02-04,7.98,8.00,7.62,7.73,47800,5.863635
2003-02-03,7.96,8.07,7.92,8.01,24800,6.076031
2003-01-31,7.78,7.86,7.59,7.83,45900,5.939491
2003-01-30,7.57,7.78,7.57,7.78,14200,5.901563
2003-01-29,7.60,7.86,7.57,7.79,13500,5.909148
2003-01-28,7.72,7.89,7.60,7.85,26000,5.954662
2003-01-27,8.01,8.10,7.70,7.91,24500,6.000175
2003-01-24,7.87,8.17,7.71,8.17,19500,6.1974
2003-01-23,7.97,8.10,7.96,8.05,14100,6.106373
2003-01-22,7.96,8.08,7.96,8.00,5200,6.068445
2003-01-21,8.31,8.69,7.96,7.98,20800,6.053274
2003-01-17,8.32,8.60,8.30,8.56,4900,6.493237
2003-01-16,8.59,8.73,8.47,8.59,10600,6.515993
2003-01-15,8.84,8.84,8.35,8.57,3700,6.500822
2003-01-14,8.66,8.90,8.32,8.84,7500,6.705632
2003-01-13,8.79,8.90,8.42,8.66,14500,6.569092
2003-01-10,8.75,8.90,8.37,8.77,18100,6.652533
2003-01-09,8.56,8.88,8.42,8.72,9800,6.614605
2003-01-08,8.67,8.90,8.57,8.58,6000,6.508407
2003-01-07,8.73,9.00,8.55,8.78,201000,6.660118
2003-01-06,8.43,8.90,8.43,8.72,113600,6.614605
2003-01-03,8.49,8.60,8.24,8.44,21600,6.402209
2003-01-02,8.45,8.85,8.31,8.50,6900,6.447723
2002-12-31,7.31,9.18,7.31,8.66,74400,6.569092
2002-12-30,8.00,8.00,7.24,7.78,41900,5.901563
2002-12-27,7.30,7.96,7.30,7.86,9000,5.962248
2002-12-26,7.78,7.78,7.14,7.71,34100,5.848464
2002-12-24,7.79,7.80,7.57,7.70,25500,5.840878
2002-12-23,7.80,7.89,7.21,7.89,71200,5.985004
2002-12-20,7.90,7.98,7.35,7.75,70600,5.878806
2002-12-19,8.00,8.02,7.61,7.64,72500,5.795365
2002-12-18,7.68,8.01,7.48,7.59,113800,5.757438
2002-12-17,8.14,8.15,7.49,7.71,32000,5.848464
2002-12-16,7.51,7.96,7.50,7.70,12900,5.840878
2002-12-13,7.75,8.72,7.75,7.81,35200,5.92432
2002-12-12,8.04,8.04,7.30,7.94,71900,6.022932
2002-12-11,8.05,8.25,7.80,8.14,31900,6.174643
2002-12-10,8.17,8.22,7.92,8.00,35400,6.068445
2002-12-09,8.25,8.72,7.85,8.23,30400,6.242913
2002-12-06,8.41,9.18,8.15,8.98,28200,6.811829
2002-12-05,8.94,9.17,8.60,9.17,11800,6.955955
2002-12-04,8.40,8.81,8.40,8.62,11400,6.53875
2002-12-03,8.11,8.57,8.11,8.44,4100,6.402209
2002-12-02,8.54,8.54,7.84,8.03,5000,6.091202
2002-11-29,8.39,8.55,8.29,8.55,23200,6.485651
2002-11-27,8.08,8.48,7.73,8.48,32600,6.432552
2002-11-26,8.52,8.52,7.48,8.00,34200,6.068445
2002-11-25,7.91,8.60,7.91,8.49,37500,6.440137
2002-11-22,8.49,8.50,7.74,8.50,18300,6.447723
2002-11-21,7.73,8.55,7.72,8.50,39300,6.447723
2002-11-20,7.71,7.73,7.53,7.70,57400,5.840878
2002-11-19,7.79,7.79,7.50,7.70,41000,5.840878
2002-11-18,7.59,7.85,7.59,7.73,8000,5.863635
2002-11-15,7.60,7.60,7.43,7.60,18700,5.765023
2002-11-14,7.35,7.65,7.29,7.60,15500,5.765023
2002-11-13,7.51,7.72,7.30,7.35,9200,5.575384
2002-11-12,7.26,7.63,6.82,7.62,18400,5.780194
2002-11-11,7.86,7.86,7.35,7.35,44300,5.575384
2002-11-08,8.46,8.46,7.76,7.86,21600,5.962248
2002-11-07,8.67,8.71,8.01,8.33,26600,6.318769
2002-11-06,8.88,8.95,8.63,8.72,26200,6.614605
2002-11-05,7.87,8.83,7.80,8.77,49200,6.622191
2002-11-04,7.60,7.98,7.58,7.97,13700,6.018114
2002-11-01,7.26,7.55,7.25,7.55,9600,5.700974
2002-10-31,7.21,7.45,7.21,7.26,7800,5.481996
2002-10-30,6.97,7.20,6.94,7.19,49200,5.42914
2002-10-29,6.89,6.96,6.61,6.91,78600,5.217713
2002-10-28,6.85,6.90,6.84,6.90,22500,5.210162
2002-10-25,6.82,6.94,6.82,6.85,6000,5.172407
2002-10-24,6.70,6.98,6.70,6.84,34800,5.164856
2002-10-23,6.31,6.75,6.31,6.70,64900,5.059142
2002-10-22,6.25,6.39,6.25,6.30,33800,4.757104
2002-10-21,6.04,6.23,5.75,6.23,8300,4.704247
2002-10-18,6.24,6.25,5.98,6.03,6100,4.553228
2002-10-17,5.77,6.09,5.62,6.01,7600,4.538127
2002-10-16,6.25,6.25,5.75,5.75,9800,4.341801
2002-10-15,6.17,6.53,6.00,6.48,27800,4.893021
2002-10-14,5.75,6.38,5.75,6.19,93000,4.674044
2002-10-11,5.67,6.00,5.67,5.79,225200,4.372005
2002-10-10,5.90,6.00,5.60,5.68,39800,4.288945
2002-10-09,6.00,6.08,5.84,5.84,11700,4.40976
2002-10-08,6.30,6.51,5.80,6.06,26600,4.575881
2002-10-07,6.28,6.38,6.27,6.31,112200,4.764655
2002-10-04,6.44,6.65,6.30,6.32,48200,4.772206
2002-10-03,6.62,6.65,6.42,6.45,47300,4.870368
2002-10-02,6.73,6.82,6.63,6.66,27200,5.028939
2002-10-01,6.52,6.91,6.52,6.73,151300,5.081795
2002-09-30,6.60,6.70,6.36,6.58,254800,4.968531
2002-09-27,6.79,6.84,6.50,6.50,207100,4.908123
2002-09-26,7.11,7.15,6.74,6.82,197400,5.149754
2002-09-25,7.45,7.50,7.11,7.24,136600,5.466894
2002-09-24,7.70,7.72,7.30,7.45,36700,5.625464
2002-09-23,8.10,8.20,7.65,7.75,37100,5.851993
2002-09-20,9.00,9.00,8.16,8.16,74900,6.161582
2002-09-19,8.55,8.78,8.15,8.28,48300,6.252194
2002-09-18,8.10,8.80,8.10,8.60,19100,6.493825
2002-09-17,8.12,8.20,8.12,8.15,7400,6.154031
2002-09-16,8.10,8.20,8.10,8.13,20000,6.13893
2002-09-13,8.16,8.20,8.12,8.19,3300,6.184235
2002-09-12,8.15,8.34,8.15,8.28,2400,6.252194
2002-09-11,8.40,8.58,8.40,8.42,4100,6.357908
2002-09-10,8.23,8.41,8.11,8.41,7100,6.350356
2002-09-09,8.41,8.41,8.32,8.35,2900,6.305051
2002-09-06,8.35,8.69,8.32,8.41,17000,6.350356
2002-09-05,8.50,8.50,8.25,8.25,2200,6.229541
2002-09-04,8.52,8.53,8.11,8.53,7200,6.440968
2002-09-03,8.86,8.86,8.41,8.51,29300,6.425866
2002-08-30,8.99,9.00,8.64,8.87,8600,6.697701
2002-08-29,8.92,9.00,8.88,9.00,18700,6.795863
2002-08-28,9.05,9.05,8.76,8.89,21500,6.712803
2002-08-27,9.27,9.40,9.03,9.05,11100,6.833618
2002-08-26,8.61,9.00,8.60,8.98,14900,6.780761
2002-08-23,8.75,8.97,8.65,8.97,5700,6.77321
2002-08-22,8.84,9.06,8.51,9.00,11700,6.795863
2002-08-21,9.00,9.10,9.00,9.00,14100,6.795863
2002-08-20,9.33,9.34,8.98,9.00,32600,6.795863
2002-08-19,9.01,9.25,9.00,9.04,33200,6.826067
2002-08-16,8.76,9.05,8.11,9.05,3500,6.833618
2002-08-15,9.08,9.08,8.64,8.79,35100,6.607089
2002-08-14,8.58,9.83,8.58,9.04,95300,6.795004
2002-08-13,9.46,9.48,8.53,8.59,22700,6.456757
2002-08-12,9.45,9.55,9.15,9.47,15400,7.118218
2002-08-09,9.45,9.59,9.36,9.46,103900,7.110701
2002-08-08,9.64,9.95,9.30,9.53,70400,7.163317
2002-08-07,9.80,9.80,9.42,9.53,5700,7.163317
2002-08-06,9.40,9.60,9.35,9.60,14600,7.215934
2002-08-05,9.80,10.05,9.25,9.54,19200,7.170834
2002-08-02,9.75,9.85,9.52,9.81,10400,7.373782
2002-08-01,9.00,9.54,8.79,9.54,8400,7.170834
2002-07-31,9.50,9.55,9.33,9.36,7200,7.035535
2002-07-30,8.68,9.73,8.68,9.73,15700,7.313649
2002-07-29,8.49,9.37,8.17,8.67,16500,6.51689
2002-07-26,8.63,8.71,8.30,8.40,19100,6.313942
2002-07-25,8.95,9.00,8.18,8.64,7300,6.494341
2002-07-24,8.51,8.95,8.35,8.94,14800,6.719838
2002-07-23,9.30,9.37,8.60,8.95,38700,6.727355
2002-07-22,9.35,9.60,9.25,9.25,8000,6.952853
2002-07-19,10.11,10.11,9.35,9.35,115200,7.028019
2002-07-18,10.10,10.25,10.07,10.11,34600,7.59928
2002-07-17,10.10,10.45,10.10,10.20,7000,7.666929
2002-07-16,10.25,10.50,10.25,10.35,11400,7.779679
2002-07-15,10.80,10.80,10.25,10.40,9700,7.817261
2002-07-12,11.00,11.30,10.71,10.80,14200,8.117925
2002-07-11,11.05,11.43,10.94,11.00,15200,8.268257
2002-07-10,10.65,11.19,10.60,11.07,29800,8.320873
2002-07-09,10.70,11.00,10.37,10.98,30100,8.253224
2002-07-08,10.64,10.88,10.38,10.40,24400,7.817261
2002-07-05,10.88,11.01,10.74,10.99,6600,8.26074
2002-07-03,10.90,10.90,10.41,10.89,33000,8.185575
2002-07-02,10.89,11.00,10.55,10.91,16400,8.200608
2002-07-01,10.53,11.00,10.38,10.55,31900,7.930011
2002-06-28,11.00,11.45,10.07,10.73,107600,8.065309
2002-06-27,10.50,10.97,10.40,10.80,61600,8.117925
2002-06-26,10.07,10.50,10.07,10.47,23000,7.869878
2002-06-25,10.50,10.55,10.08,10.20,14900,7.666929
2002-06-24,10.13,10.50,10.13,10.50,12200,7.892427
2002-06-21,10.10,10.90,10.08,10.13,26300,7.614313
2002-06-20,10.13,10.14,10.07,10.10,13500,7.591764
2002-06-19,10.48,10.52,10.19,10.19,6800,7.659413
2002-06-18,10.60,10.60,10.48,10.51,2900,7.899944
2002-06-17,10.62,10.68,10.60,10.64,21100,7.99766
2002-06-14,10.75,10.75,10.60,10.67,15800,8.02021
2002-06-13,11.00,11.00,10.91,10.91,7300,8.200608
2002-06-12,10.99,11.09,10.92,10.95,4900,8.230674
2002-06-11,11.10,11.10,10.91,10.92,3000,8.208125
2002-06-10,10.99,11.07,10.82,10.92,9500,8.208125
2002-06-07,10.96,11.05,10.89,10.89,7800,8.185575
2002-06-06,11.00,11.09,10.97,11.00,62200,8.268257
2002-06-05,10.85,10.91,10.84,10.90,12500,8.193091
2002-06-04,11.17,11.18,10.78,10.95,25100,8.230674
2002-06-03,11.07,11.20,11.00,11.13,18400,8.365973
2002-05-31,10.65,11.15,10.65,11.12,10000,8.358456
2002-05-30,11.20,11.20,10.59,10.64,19300,7.99766
2002-05-29,11.25,11.48,11.11,11.17,26900,8.396039
2002-05-28,11.59,11.70,11.26,11.30,18100,8.493755
2002-05-24,11.65,11.75,11.50,11.50,39800,8.644087
2002-05-23,11.63,11.80,11.60,11.65,37600,8.756836
2002-05-22,11.75,11.85,11.61,11.65,8600,8.756836
2002-05-21,11.70,11.88,11.61,11.71,25200,8.801936
2002-05-20,11.88,11.90,11.50,11.55,29500,8.68167
2002-05-17,11.80,11.90,11.72,11.80,17300,8.869585
2002-05-16,11.73,11.90,11.70,11.78,39400,8.854552
2002-05-15,11.75,11.78,11.66,11.73,52400,8.816969
2002-05-14,11.65,12.00,11.64,11.90,17700,8.944751
2002-05-13,11.96,11.96,11.53,11.65,190900,8.756836
2002-05-10,11.90,11.98,11.88,11.97,16400,8.997367
2002-05-09,11.91,12.00,11.87,11.90,38100,8.944751
2002-05-08,11.99,12.00,11.88,11.95,78900,8.982334
2002-05-07,11.99,12.00,11.91,11.99,5500,8.982334
2002-05-06,12.07,12.07,11.88,12.00,54500,8.989825
2002-05-03,11.80,12.00,11.80,12.00,260400,8.989825
2002-05-02,11.58,11.80,11.58,11.80,148400,8.839995
2002-05-01,11.54,11.79,11.28,11.72,15800,8.780063
2002-04-30,11.75,11.77,11.53,11.75,14100,8.802537
2002-04-29,11.85,11.85,11.73,11.73,1700,8.787554
2002-04-26,11.65,11.75,11.40,11.73,6000,8.787554
2002-04-25,11.98,11.98,11.60,11.85,38200,8.877453
2002-04-24,11.49,12.00,11.41,11.96,22000,8.959859
2002-04-23,11.98,11.98,11.45,11.53,13000,8.637724
2002-04-22,11.65,11.85,11.65,11.85,15700,8.877453
2002-04-19,11.81,11.85,11.72,11.72,3600,8.780063
2002-04-18,12.00,12.00,11.81,11.88,6600,8.899927
2002-04-17,11.90,12.05,11.90,11.94,30900,8.944876
2002-04-16,11.65,12.00,11.65,12.00,33600,8.989825
2002-04-15,11.74,11.82,11.59,11.65,1300,8.727622
2002-04-12,11.60,11.89,11.60,11.88,17600,8.899927
2002-04-11,11.98,11.99,11.27,11.65,65400,8.727622
2002-04-10,11.48,11.84,11.45,11.84,22800,8.869961
2002-04-09,11.29,11.72,11.11,11.48,28400,8.600266
2002-04-08,11.33,11.40,11.30,11.40,14800,8.540334
2002-04-05,11.48,11.50,11.22,11.44,80700,8.5703
2002-04-04,11.50,11.64,11.40,11.40,55800,8.540334
2002-04-03,11.53,11.76,11.51,11.58,6400,8.675182
2002-04-02,11.61,11.66,11.42,11.50,79300,8.615249
2002-04-01,12.02,12.10,11.54,11.74,47100,8.795046
2002-03-28,11.86,12.14,11.86,12.14,12300,9.094707
2002-03-27,11.71,11.90,11.71,11.90,19900,8.91491
2002-03-26,11.34,11.80,11.34,11.80,66600,8.839995
2002-03-25,11.71,12.01,11.35,11.45,61400,8.577792
2002-03-22,11.78,12.20,11.01,11.80,44400,8.839995
2002-03-21,11.76,12.04,11.65,11.85,16300,8.877453
2002-03-20,12.74,12.84,11.88,12.01,62500,8.997317
2002-03-19,12.83,13.05,12.65,13.00,56200,9.738978
2002-03-18,12.47,12.80,12.47,12.80,31500,9.589147
2002-03-15,12.61,12.80,12.50,12.50,9900,9.364402
2002-03-14,12.55,12.68,12.55,12.57,3400,9.416842
2002-03-13,12.55,12.80,12.48,12.63,15000,9.461791
2002-03-12,12.31,12.75,12.08,12.50,17300,9.364402
2002-03-11,12.83,12.98,12.61,12.88,9900,9.649079
2002-03-08,13.16,13.16,12.71,12.92,32000,9.679045
2002-03-07,12.87,12.93,12.66,12.76,45500,9.559181
2002-03-06,12.55,12.85,12.55,12.78,7300,9.574164
2002-03-05,12.38,12.86,12.38,12.70,63200,9.514232
2002-03-04,12.09,12.53,12.09,12.52,10700,9.379385
2002-03-01,12.36,12.50,12.09,12.29,18400,9.20708
2002-02-28,11.90,12.45,11.89,12.45,119800,9.326944
2002-02-27,11.90,11.95,11.60,11.90,14700,8.91491
2002-02-26,11.65,11.90,11.65,11.90,6200,8.91491
2002-02-25,11.65,11.75,11.43,11.75,30800,8.802537
2002-02-22,11.47,11.92,11.30,11.78,40300,8.825012
2002-02-21,11.73,11.75,11.47,11.48,5300,8.600266
2002-02-20,11.32,11.75,11.32,11.75,36000,8.802537
2002-02-19,11.35,11.74,11.35,11.40,11100,8.540334
2002-02-15,11.49,11.75,11.35,11.52,54600,8.630233
2002-02-14,11.49,11.57,11.30,11.30,4100,8.465419
2002-02-13,11.00,11.57,11.00,11.47,11500,8.592775
2002-02-12,11.25,11.25,11.08,11.08,53100,8.300605
2002-02-11,11.50,11.55,11.10,11.20,38700,8.390504
2002-02-08,11.12,11.50,11.12,11.45,17300,8.577792
2002-02-07,11.51,11.51,11.10,11.26,18600,8.435453
2002-02-06,11.85,11.85,11.55,11.55,9700,8.622741
2002-02-05,11.83,12.00,11.83,11.85,7600,8.846708
2002-02-04,12.03,12.03,11.83,11.99,41900,8.951226
2002-02-01,11.95,12.02,11.95,12.02,64400,8.973623
2002-01-31,12.01,12.05,11.91,12.00,95300,8.958692
2002-01-30,11.85,12.00,11.85,12.00,52200,8.958692
2002-01-29,11.52,12.06,11.52,12.06,50300,9.003486
2002-01-28,11.70,12.00,11.70,12.00,75000,8.958692
2002-01-25,11.95,12.00,11.63,12.00,32300,8.958692
2002-01-24,11.85,11.88,11.81,11.82,2100,8.824311
2002-01-23,11.51,11.95,11.51,11.81,8900,8.816846
2002-01-22,11.71,11.94,11.51,11.64,7700,8.689931
2002-01-18,11.45,11.85,11.45,11.61,11700,8.667534
2002-01-17,11.52,11.61,11.15,11.45,217000,8.548085
2002-01-16,11.86,11.97,11.58,11.61,111100,8.667534
2002-01-15,12.00,12.03,11.87,12.03,13200,8.981088
2002-01-14,12.16,12.30,12.00,12.00,21800,8.958692
2002-01-11,12.30,12.38,12.16,12.30,27300,9.182659
2002-01-10,12.35,12.35,12.30,12.30,15000,9.182659
2002-01-09,12.48,12.48,12.30,12.35,5700,9.219987
2002-01-08,12.26,12.49,12.26,12.35,29500,9.219987
2002-01-07,12.01,12.49,12.00,12.34,51300,9.212522
2002-01-04,12.23,12.23,11.89,12.02,16100,8.973623
2002-01-03,11.90,12.22,11.90,12.11,14900,9.040813
2002-01-02,12.04,12.10,11.71,12.10,21500,9.033348
2001-12-31,12.00,12.14,11.80,12.10,29200,9.033348
2001-12-28,12.05,12.06,11.99,12.00,102800,8.958692
2001-12-27,11.77,12.02,11.76,12.00,23800,8.958692
2001-12-26,11.76,12.04,11.76,11.96,21900,8.92883
2001-12-24,12.03,12.03,11.90,11.95,26000,8.921364
2001-12-21,11.99,12.05,11.75,11.95,34800,8.921364
2001-12-20,12.04,12.05,11.80,11.90,94000,8.884036
2001-12-19,11.51,12.05,11.51,12.04,52000,8.988554
2001-12-18,11.90,11.90,11.40,11.82,50100,8.824311
2001-12-17,11.65,12.13,11.65,11.90,13300,8.884036
2001-12-14,11.65,11.65,11.31,11.50,8800,8.585413
2001-12-13,11.50,11.61,11.25,11.49,21400,8.577947
2001-12-12,11.70,12.04,11.24,11.60,20900,8.660069
2001-12-11,12.00,12.11,11.83,11.84,90300,8.839243
2001-12-10,12.00,12.35,11.95,12.05,31300,8.99602
2001-12-07,11.91,12.36,11.91,12.36,6100,9.227452
2001-12-06,12.20,12.40,12.03,12.40,31400,9.257315
2001-12-05,12.05,12.25,11.96,12.20,164800,9.108003
2001-12-04,12.05,12.05,11.76,12.00,46300,8.958692
2001-12-03,12.05,12.05,11.85,12.00,4700,8.958692
2001-11-30,12.05,12.06,11.95,11.95,34900,8.921364
2001-11-29,11.74,12.00,11.74,12.00,12800,8.958692
2001-11-28,12.02,12.12,11.90,11.93,26000,8.906433
2001-11-27,11.97,12.20,11.97,12.18,4400,9.093072
2001-11-26,11.74,12.20,11.74,12.20,3600,9.108003
2001-11-23,11.56,12.01,11.54,12.01,15200,8.966158
2001-11-21,11.42,11.75,11.42,11.55,4100,8.622741
2001-11-20,11.90,11.95,11.47,11.60,32000,8.660069
2001-11-19,12.09,12.29,11.81,11.96,35900,8.92883
2001-11-16,11.95,12.34,11.83,12.10,52900,9.033348
2001-11-15,12.00,12.35,12.00,12.15,3300,9.070675
2001-11-14,12.30,12.50,12.00,12.26,38000,9.152797
2001-11-13,12.20,12.48,12.15,12.45,36400,9.294643
2001-11-12,11.76,12.20,11.76,12.19,38600,9.100537
2001-11-09,11.86,12.00,11.49,12.00,18700,8.958692
2001-11-08,12.05,12.18,11.86,12.00,10800,8.958692
2001-11-07,11.70,12.10,11.65,11.80,86200,8.80938
2001-11-06,11.50,12.05,11.41,12.00,91600,8.928829
2001-11-05,11.30,11.98,11.30,11.55,38600,8.593998
2001-11-02,10.16,11.42,10.16,11.25,41700,8.370777
2001-11-01,9.80,10.16,9.75,10.16,20800,7.559742
2001-10-31,9.65,9.86,9.65,9.75,9100,7.254674
2001-10-30,9.67,10.00,9.26,9.74,15100,7.247233
2001-10-29,9.85,10.00,9.81,10.00,17700,7.440691
2001-10-26,10.08,10.10,9.85,10.03,5800,7.463013
2001-10-25,9.90,10.05,9.72,10.05,41200,7.477895
2001-10-24,9.82,10.00,9.36,9.99,18900,7.43325
2001-10-23,9.68,9.99,9.67,9.85,23500,7.329081
2001-10-22,9.50,9.90,9.50,9.84,17500,7.32164
2001-10-19,9.99,9.99,9.10,9.95,44800,7.403487
2001-10-18,9.25,10.00,9.04,10.00,20700,7.440691
2001-10-17,9.35,9.73,9.25,9.38,26900,6.979368
2001-10-16,9.60,9.60,9.00,9.25,20200,6.882639
2001-10-15,9.10,9.75,8.86,9.51,32200,7.076097
2001-10-12,8.55,9.11,8.50,9.11,92500,6.778469
2001-10-11,8.59,8.78,8.50,8.58,83000,6.384113
2001-10-10,8.25,8.58,8.20,8.36,91100,6.220417
2001-10-09,8.65,8.65,8.25,8.25,7500,6.13857
2001-10-08,8.43,8.86,8.03,8.69,38900,6.46596
2001-10-05,8.79,8.82,8.53,8.55,28300,6.361791
2001-10-04,8.90,8.90,8.60,8.66,10500,6.443638
2001-10-03,8.50,9.03,8.33,8.76,22900,6.518045
2001-10-02,8.13,8.36,8.11,8.21,85300,6.108807
2001-10-01,8.59,8.72,8.02,8.13,40900,6.049282
2001-09-28,7.91,8.26,7.90,8.26,282700,6.146011
2001-09-27,7.80,7.95,7.80,7.91,6100,5.885586
2001-09-26,7.58,7.94,7.54,7.75,71000,5.766536
2001-09-25,7.27,7.66,7.25,7.65,77300,5.692129
2001-09-24,7.35,7.60,7.01,7.47,57100,5.558196
2001-09-21,6.93,7.10,6.36,7.06,110700,5.253128
2001-09-20,7.57,7.70,7.00,7.09,163400,5.27545
2001-09-19,8.45,8.45,7.50,7.75,28100,5.766536
2001-09-18,8.13,8.68,8.13,8.44,70200,6.279943
2001-09-17,8.30,8.37,7.75,8.15,43100,6.064163
2001-09-10,9.02,9.40,8.64,8.89,27400,6.614775
2001-09-07,9.02,9.52,9.02,9.10,20800,6.771029
2001-09-06,9.75,10.01,9.20,9.28,42400,6.904961
2001-09-05,10.10,10.21,9.80,9.89,63800,7.358844
2001-09-04,9.72,10.28,9.72,10.10,117800,7.515098
2001-08-31,9.51,9.88,9.51,9.82,36200,7.306758
2001-08-30,9.76,9.80,9.66,9.67,29100,7.195148
2001-08-29,9.80,10.10,9.80,10.00,25900,7.440691
2001-08-28,10.00,10.04,9.89,9.97,12900,7.418369
2001-08-27,10.22,10.22,10.05,10.14,15800,7.544861
2001-08-24,9.90,10.22,9.90,10.22,185000,7.604386
2001-08-23,9.94,10.09,9.88,9.94,128300,7.396047
2001-08-22,10.44,10.44,10.00,10.00,43500,7.440691
2001-08-21,10.98,10.98,10.42,10.42,26200,7.7532
2001-08-20,11.17,11.17,10.80,10.84,19100,8.065709
2001-08-17,11.00,11.12,10.87,11.03,11000,8.207082
2001-08-16,11.06,11.25,10.93,11.25,20300,8.370777
2001-08-15,11.32,11.32,11.08,11.15,5500,8.266608
2001-08-14,11.31,11.49,11.25,11.38,44700,8.43713
2001-08-13,11.31,11.60,11.10,11.31,9000,8.385232
2001-08-10,11.50,11.62,10.98,11.56,35400,8.570582
2001-08-09,11.71,11.75,11.44,11.45,12100,8.489028
2001-08-08,12.00,12.00,11.65,11.92,6600,8.837486
2001-08-07,12.07,12.07,11.90,11.96,7400,8.867142
2001-08-06,12.04,12.09,11.86,11.98,8600,8.88197
2001-08-03,12.00,12.25,11.93,12.08,121100,8.95611
2001-08-02,12.13,12.30,11.90,12.02,40500,8.911626
2001-08-01,11.71,12.08,11.55,11.98,50700,8.88197
2001-07-31,11.08,12.00,11.02,11.76,62900,8.718862
2001-07-30,12.10,12.11,10.65,11.32,164100,8.392646
2001-07-27,12.25,12.25,12.09,12.18,18100,9.03025
2001-07-26,12.04,12.30,12.04,12.08,12800,8.95611
2001-07-25,12.29,12.30,12.05,12.30,6700,9.119218
2001-07-24,12.28,12.40,12.15,12.29,54700,9.111804
2001-07-23,12.20,12.52,12.18,12.40,125600,9.193358
2001-07-20,12.25,12.57,12.21,12.28,149300,9.10439
2001-07-19,12.40,12.40,12.05,12.26,92300,9.089562
2001-07-18,12.45,12.45,12.15,12.15,35200,9.008008
2001-07-17,12.70,12.70,12.40,12.46,96600,9.237842
2001-07-16,13.49,13.58,12.60,12.74,60600,9.445434
2001-07-13,12.94,13.57,12.94,13.49,45700,10.001483
2001-07-12,13.07,13.07,12.90,12.94,22700,9.593713
2001-07-11,12.81,13.01,12.81,13.00,16400,9.638198
2001-07-10,13.30,13.55,12.85,13.00,78500,9.638198
2001-07-09,12.55,13.30,12.35,13.30,32500,9.860618
2001-07-06,12.60,12.74,12.48,12.60,10300,9.341638
2001-07-05,12.59,12.63,12.28,12.60,24000,9.341638
2001-07-03,13.00,13.00,12.65,12.72,40100,9.430606
2001-07-02,13.16,13.30,12.68,13.00,65000,9.638198
2001-06-29,13.17,14.96,12.77,14.00,102600,10.379598
2001-06-28,13.06,13.42,12.78,13.30,34400,9.860618
2001-06-27,13.45,13.55,12.63,13.01,110800,9.645612
2001-06-26,12.65,13.73,12.55,13.56,64300,10.053382
2001-06-25,12.43,12.99,12.22,12.80,43900,9.489918
2001-06-22,12.46,12.60,12.40,12.42,22900,9.208186
2001-06-21,12.75,12.85,12.30,12.45,31000,9.230428
2001-06-20,12.93,12.93,12.63,12.75,139300,9.452848
2001-06-19,12.91,12.93,12.81,12.93,47000,9.5863
2001-06-18,12.41,12.92,12.34,12.79,23200,9.482504
2001-06-15,12.40,13.03,12.10,12.64,38000,9.371294
2001-06-14,12.37,12.39,12.26,12.38,12100,9.17853
2001-06-13,12.43,12.46,12.14,12.33,42500,9.14146
2001-06-12,12.79,12.80,12.32,12.42,35700,9.208186
2001-06-11,13.42,13.44,12.70,12.76,47600,9.460262
2001-06-08,13.26,13.45,13.15,13.44,42400,9.964413
2001-06-07,13.32,13.32,13.13,13.23,25700,9.808719
2001-06-06,13.65,13.89,13.25,13.25,118500,9.823548
2001-06-05,12.38,13.99,12.37,13.89,90600,10.298044
2001-06-04,12.30,12.41,12.10,12.39,78800,9.185944
2001-06-01,12.45,12.58,12.05,12.06,84900,8.941282
2001-05-31,12.59,12.60,12.45,12.54,68300,9.297154
2001-05-30,13.35,13.35,12.65,12.65,49500,9.378707
2001-05-29,13.95,13.96,13.38,13.38,56200,9.91993
2001-05-25,14.00,14.05,13.77,13.96,124000,10.349942
2001-05-24,13.94,14.03,13.77,13.98,76000,10.364769
2001-05-23,13.50,14.84,13.50,13.93,251500,10.3277
2001-05-22,12.43,13.39,12.43,13.36,150100,9.905101
2001-05-21,12.35,12.63,12.35,12.63,24200,9.36388
2001-05-18,12.25,12.62,12.25,12.60,18600,9.341638
2001-05-17,12.50,12.69,12.15,12.35,17000,9.156288
2001-05-16,12.24,13.50,12.03,12.15,61700,9.008008
2001-05-15,12.52,12.63,12.21,12.35,28800,9.156288
2001-05-14,12.75,12.80,12.49,12.51,32300,9.274912
2001-05-11,12.19,12.75,12.16,12.54,22000,9.297154
2001-05-10,12.19,12.60,12.19,12.30,11000,9.119218
2001-05-09,12.27,12.27,12.15,12.19,7800,9.037664
2001-05-08,12.28,12.28,12.15,12.21,23700,9.022836
2001-05-07,12.22,12.27,12.14,12.21,30100,9.022836
2001-05-04,12.31,12.33,12.00,12.16,70100,8.985887
2001-05-03,12.55,12.73,12.35,12.35,64500,9.126292
2001-05-02,12.81,12.81,12.55,12.70,38600,9.384931
2001-05-01,12.87,12.88,12.73,12.80,25500,9.458829
2001-04-30,12.30,12.99,12.00,12.76,119400,9.42927
2001-04-27,12.30,12.30,12.10,12.30,17200,9.089343
2001-04-26,11.91,12.17,11.60,12.17,87000,8.993277
2001-04-25,12.08,12.18,11.92,12.00,11400,8.867652
2001-04-24,12.45,12.45,12.07,12.08,3800,8.92677
2001-04-23,12.75,12.75,12.07,12.43,8400,9.18541
2001-04-20,12.61,12.75,12.50,12.52,36200,9.251917
2001-04-19,12.42,12.62,12.25,12.61,28400,9.318424
2001-04-18,12.08,12.51,12.00,12.42,126800,9.17802
2001-04-17,12.05,12.16,11.96,12.09,14500,8.934159
2001-04-16,12.06,12.06,11.88,12.00,19900,8.867652
2001-04-12,12.06,12.07,11.88,12.06,29900,8.911991
2001-04-11,11.71,12.08,11.50,12.07,25200,8.91938
2001-04-10,11.78,11.81,11.54,11.59,50800,8.564674
2001-04-09,11.81,11.81,11.61,11.66,73200,8.616402
2001-04-06,12.50,12.50,11.625,11.8125,38200,8.729095
2001-04-05,12.25,12.6875,12.0625,12.5625,44900,9.283323
2001-04-04,12.00,12.4375,11.875,12.00,175900,8.867652
2001-04-03,12.9375,12.9375,12.00,12.0625,61400,8.913838
2001-04-02,12.875,12.9375,12.75,12.9375,32200,9.560437
2001-03-30,12.34375,12.9375,12.3125,12.9375,36400,9.560437
2001-03-29,12.25,12.50,12.25,12.25,32900,9.052395
2001-03-28,12.25,12.375,12.25,12.3125,3800,9.09858
2001-03-27,12.625,12.625,12.1875,12.3125,15000,9.09858
2001-03-26,12.00,12.875,11.9375,12.0625,12100,8.913838
2001-03-23,11.875,12.125,11.875,11.875,19200,8.775281
2001-03-22,12.125,12.3125,11.71875,11.875,22100,8.775281
2001-03-21,12.4375,12.5625,12.125,12.25,73800,9.052395
2001-03-20,11.89062,12.875,11.875,12.375,22000,9.144766
2001-03-19,11.875,12.375,11.75,12.25,42200,9.052395
2001-03-16,12.25,12.375,11.4375,11.8125,126500,8.729095
2001-03-15,12.625,12.875,12.25,12.4375,113000,9.190952
2001-03-14,12.6875,12.8125,12.5625,12.5625,16900,9.283323
2001-03-13,12.25,12.75,12.25,12.6875,28700,9.375694
2001-03-12,12.00,13.125,11.75,12.50,147900,9.237137
2001-03-09,12.25,12.75,11.875,12.75,92200,9.42188
2001-03-08,12.50,12.8125,12.25,12.375,14400,9.144766
2001-03-07,13.0625,13.0625,12.50,12.50,14000,9.237137
2001-03-06,12.35938,13.0625,12.25,12.9375,22400,9.560437
2001-03-05,12.10938,12.375,11.50,12.375,24100,9.144766
2001-03-02,11.6875,12.375,11.625,12.125,66400,8.960023
2001-03-01,12.1875,12.50,11.6875,11.6875,160400,8.636724
2001-02-28,12.50,12.50,12.00,12.1875,77500,9.006209
2001-02-27,12.48438,12.75,12.375,12.50,12200,9.237137
2001-02-26,12.25,12.625,12.25,12.50,17500,9.237137
2001-02-23,12.6875,12.6875,11.875,12.25,84900,9.052395
2001-02-22,13.0625,13.0625,12.625,12.625,217000,9.329509
2001-02-21,13.70312,13.8125,13.00,13.25,21600,9.791366
2001-02-20,13.9375,14.0625,13.6875,13.6875,31600,10.114665
2001-02-16,14.25,14.50,13.75,14.125,53300,10.437965
2001-02-15,14.4375,14.625,14.0625,14.3125,50900,10.576522
2001-02-14,14.01562,14.50,13.75,14.23438,53800,10.518794
2001-02-13,14.3125,14.75,14.1875,14.25,67600,10.530337
2001-02-12,14.0625,14.625,14.0625,14.3125,37100,10.576522
2001-02-09,14.26562,14.875,14.00,14.75,66300,10.899822
2001-02-08,14.4375,14.625,14.25,14.375,20400,10.622708
2001-02-07,14.75,14.75,14.00,14.34375,66800,10.599615
2001-02-06,14.3125,15.00,14.3125,15.00,3700,11.055006
2001-02-05,15.25,15.25,14.375,14.5625,24100,10.732568
2001-02-02,14.625,15.75,14.54688,14.9375,73900,11.008944
2001-02-01,14.54688,14.625,14.00,14.625,24100,10.778631
2001-01-31,14.125,14.50,13.75,14.50,76300,10.686506
2001-01-30,14.125,14.375,13.75,13.8125,22600,10.179818
2001-01-29,14.25,14.375,14.125,14.17188,20100,10.444681
2001-01-26,14.3125,14.375,14.00,14.375,53800,10.594381
2001-01-25,14.1875,14.375,14.00,14.125,12100,10.410131
2001-01-24,14.3125,14.50,14.125,14.125,54500,10.410131
2001-01-23,14.375,14.375,14.125,14.1875,22600,10.456193
2001-01-22,14.50,14.50,14.125,14.1875,83900,10.456193
2001-01-19,14.00,14.50,13.9375,14.375,84300,10.594381
2001-01-18,13.625,14.0625,13.375,14.00,82200,10.318006
2001-01-17,13.875,13.875,13.50,13.6875,99700,10.087693
2001-01-16,13.75,13.875,13.50,13.75,5700,10.133756
2001-01-12,13.9375,13.9375,13.00,13.25,20200,9.765255
2001-01-11,13.625,13.875,13.1875,13.875,26000,10.225881
2001-01-10,13.00,13.75,12.8125,13.35938,56400,9.845868
2001-01-09,13.5625,13.5625,12.875,13.00,49900,9.581005
2001-01-08,13.625,13.875,13.4375,13.625,11300,10.041631
2001-01-05,13.625,13.75,13.4375,13.625,12100,10.041631
2001-01-04,13.53125,13.9375,13.53125,13.75,112000,10.133756
2001-01-03,13.00,13.50,12.9375,13.50,28200,9.949505
2001-01-02,13.25,13.875,13.00,13.00,15600,9.581005
2000-12-29,13.50,13.875,13.25,13.75,50400,10.133756
2000-12-28,13.125,13.75,13.00,13.48438,28300,9.937993
2000-12-27,13.6875,13.75,12.875,13.50,33500,9.949505
2000-12-26,12.75,13.8125,12.75,13.8125,29700,10.179818
2000-12-22,12.50,13.125,12.50,12.875,31800,9.48888
2000-12-21,12.00,13.00,11.625,12.875,29900,9.48888
2000-12-20,11.50,12.1875,11.3125,12.125,120900,8.93613
2000-12-19,13.00,13.5625,12.0625,12.375,38000,9.12038
2000-12-18,13.6875,14.125,12.25,12.875,85700,9.48888
2000-12-15,13.75,13.75,13.375,13.625,15800,10.041631
2000-12-14,13.625,14.25,13.625,13.75,28100,10.133756
2000-12-13,13.625,13.625,13.25,13.50,42500,9.949505
2000-12-12,13.5625,13.75,13.125,13.50,14800,9.949505
2000-12-11,13.8125,13.875,13.50,13.875,8300,10.225881
2000-12-08,13.50,14.125,13.50,14.0625,17600,10.364068
2000-12-07,14.0625,14.07812,12.89062,13.1875,26700,9.719193
2000-12-06,14.48438,14.75,14.00,14.125,28600,10.410131
2000-12-05,13.3125,14.4375,13.00,14.35938,52100,10.582869
2000-12-04,13.0625,13.375,12.9375,13.0625,33500,9.627068
2000-12-01,12.50,13.375,12.50,13.1875,20200,9.719193
2000-11-30,12.875,12.9375,12.125,12.375,58800,9.12038
2000-11-29,13.5625,13.625,12.875,12.875,17800,9.48888
2000-11-28,13.9375,13.9375,13.00,13.00,81900,9.581005
2000-11-27,13.50,14.125,13.50,13.75,59600,10.133756
2000-11-24,13.8125,14.00,13.5625,13.75,5500,10.133756
2000-11-22,14.1875,14.25,13.375,13.875,146800,10.225881
2000-11-21,14.375,14.5625,13.50,14.25,480700,10.502256
2000-11-20,14.50,15.00,14.03125,14.92188,109600,10.997431
2000-11-17,14.25,15.00,14.25,14.875,27500,10.962881
2000-11-16,13.9375,14.50,13.9375,14.25,83600,10.502256
2000-11-15,13.875,14.25,13.6875,13.9375,60400,10.271943
2000-11-14,13.375,14.00,13.375,13.75,61200,10.133756
2000-11-13,13.00,13.00,12.25,12.50,93600,9.212505
2000-11-10,12.9375,13.3125,12.75,12.8125,128100,9.442818
2000-11-09,13.8125,14.125,13.1875,13.6875,43100,10.087693
2000-11-08,14.00,15.00,13.875,13.875,58900,10.225881
2000-11-07,13.0625,13.9375,12.8125,13.75,596500,10.104275
2000-11-06,13.5625,13.625,12.8125,13.25,97700,9.736847
2000-11-03,13.625,13.9375,13.5625,13.5625,13600,9.966489
2000-11-02,13.50,14.125,13.00,13.625,91300,10.012418
2000-11-01,13.6875,14.125,13.50,13.75,33300,10.104275
2000-10-31,13.0625,13.6875,13.0625,13.6875,70600,10.058347
2000-10-30,11.875,13.375,11.75,13.375,202200,9.828704
2000-10-27,13.125,13.75,12.00,12.375,197300,9.093848
2000-10-26,12.76562,13.5625,12.5625,12.9375,110600,9.507204
2000-10-25,13.4375,13.6875,12.6875,12.6875,27900,9.32349
2000-10-24,13.25,13.625,13.25,13.625,157600,10.012418
2000-10-23,13.25,13.875,13.125,13.5625,39200,9.966489
2000-10-20,13.375,13.875,13.125,13.375,37700,9.828704
2000-10-19,13.50,14.25,13.25,13.25,54700,9.736847
2000-10-18,13.50,13.625,12.75,13.375,100600,9.828704
2000-10-17,13.50,14.125,13.1875,13.375,87800,9.828704
2000-10-16,12.89062,13.75,12.6875,13.4375,51600,9.874632
2000-10-13,13.125,13.50,12.25,13.00,208000,9.553133
2000-10-12,14.25,14.375,13.00,13.125,153900,9.64499
2000-10-11,14.875,14.9375,14.00,14.3125,93400,10.517632
2000-10-10,15.0625,15.375,15.0625,15.125,35500,11.114703
2000-10-09,16.00,16.4375,14.00,15.0625,47900,11.068774
2000-10-06,16.9375,17.00,16.00,16.00,26400,11.757702
2000-10-05,16.375,16.9375,16.3125,16.6875,26500,12.262916
2000-10-04,16.875,17.00,16.375,16.375,42700,12.033273
2000-10-03,16.625,17.125,16.375,17.125,185000,12.584415
2000-10-02,16.375,16.8125,16.375,16.4375,37500,12.079202
2000-09-29,16.875,17.00,16.375,16.75,58700,12.308844
2000-09-28,17.00,17.0625,16.75,16.8125,106100,12.354773
2000-09-27,16.1875,17.75,16.125,17.00,136400,12.492558
2000-09-26,15.00,16.125,15.00,16.0625,141900,11.80363
2000-09-25,15.96875,16.125,14.75,15.00,293400,11.022846
2000-09-22,14.50,16.25,14.00,15.6875,323800,11.528059
2000-09-21,14.0625,14.50,13.875,14.50,39800,10.655417
2000-09-20,14.125,14.125,13.875,14.0625,275100,10.333918
2000-09-19,14.125,14.3125,13.3125,13.9375,152000,10.242061
2000-09-18,13.75,14.25,13.625,14.125,169700,10.379846
2000-09-15,13.625,13.9375,13.5625,13.9375,240000,10.242061
2000-09-14,14.0625,14.25,13.59375,13.8125,139100,10.150204
2000-09-13,14.53125,14.53125,12.875,14.3125,252000,10.517632
2000-09-12,15.00,15.25,14.3125,14.53125,147500,10.678382
2000-09-11,15.00,15.0625,14.6875,14.875,71600,10.930988
2000-09-08,15.0625,15.3125,14.75,14.875,60300,10.930988
2000-09-07,14.3125,15.4375,14.125,15.125,176400,11.114703
2000-09-06,14.375,14.6875,14.125,14.375,55300,10.56356
2000-09-05,14.75,14.8125,14.50,14.50,222900,10.655417
2000-09-01,15.00,15.125,14.75,14.875,236900,10.930988
2000-08-31,14.75,15.4375,14.75,15.21875,85000,11.183595
2000-08-30,15.0625,15.0625,14.625,14.875,56800,10.930988
2000-08-29,14.5625,15.125,14.5625,15.00,22900,11.022846
2000-08-28,15.00,15.1875,14.4375,14.875,187000,10.930988
2000-08-25,15.1875,15.3125,14.625,15.10938,46600,11.103224
2000-08-24,15.50,15.6875,15.00,15.3125,52500,11.252488
2000-08-23,15.875,16.00,14.8125,15.00,61900,11.022846
2000-08-22,15.00,16.00,15.00,15.9375,158600,11.711773
2000-08-21,14.6875,15.00,14.50,14.875,48600,10.930988
2000-08-18,15.00,15.00,14.125,14.50,30400,10.655417
2000-08-17,14.375,15.00,14.375,14.75,48400,10.839131
2000-08-16,14.75,15.25,14.125,14.1875,79400,10.425775
2000-08-15,15.21875,15.25,14.9375,14.9375,58700,10.947523
2000-08-14,15.00,15.50,14.875,15.00,16600,10.993329
2000-08-11,15.625,15.625,14.875,15.125,15900,11.08494
2000-08-10,15.00,15.75,15.00,15.625,23300,11.451384
2000-08-09,15.00,15.50,14.9375,15.50,104600,11.359773
2000-08-08,14.625,15.375,14.50,14.875,28700,10.901718
2000-08-07,15.75,15.75,14.125,14.75,70900,10.810107
2000-08-04,14.625,15.6875,14.625,15.375,62000,11.268162
2000-08-03,14.1875,14.6875,14.0625,14.5625,110800,10.67269
2000-08-02,14.25,15.25,14.00,15.25,111300,11.176551
2000-08-01,14.50,14.53125,14.00,14.25,30000,10.443662
2000-07-31,15.00,15.125,14.0625,15.00,116200,10.993329
2000-07-28,15.375,15.9375,13.5625,15.375,236200,11.268162
2000-07-27,17.125,17.125,15.00,15.875,111200,11.634606
2000-07-26,16.5625,17.25,16.50,17.00,172300,12.459106
2000-07-25,16.9375,17.9375,16.25,17.25,191000,12.642328
2000-07-24,17.125,17.50,16.25,17.25,245500,12.642328
2000-07-21,17.00,17.50,17.00,17.00,136300,12.459106
2000-07-20,17.5625,17.75,16.625,17.609381,169700,12.905714
2000-07-19,16.875,17.6875,16.75,17.6875,278000,12.962967
2000-07-18,17.3125,17.3125,16.00,16.50,134300,12.092662
2000-07-17,18.3125,18.50,15.75,17.50,373000,12.82555
2000-07-14,18.75,18.875,18.125,18.375,131400,13.466828
2000-07-13,18.59375,18.8125,18.375,18.75,170100,13.741661
2000-07-12,18.375,18.50,17.9375,18.125,239100,13.283606
2000-07-11,18.75,18.75,17.5625,17.9375,184000,13.146189
2000-07-10,18.875,18.875,17.75,18.50,329800,13.558439
2000-07-07,17.53125,18.625,17.4375,18.625,594500,13.65005
2000-07-06,17.5625,17.5625,17.0625,17.375,276400,12.733939
2000-07-05,17.5625,17.625,16.50,17.00,492600,12.459106
2000-07-03,15.875,17.75,15.875,17.6875,294800,12.962967
2000-06-30,16.375,16.4375,15.875,16.0625,214900,11.772023
2000-06-29,16.50,16.625,15.875,16.375,276600,12.00105
2000-06-28,16.875,16.9375,15.3125,16.5625,224100,12.138467
2000-06-27,16.00,16.875,15.375,16.4375,253700,12.046856
2000-06-26,15.125,15.625,15.125,15.5625,134100,11.405579
2000-06-23,15.1875,15.875,14.75,15.5625,154000,11.405579
2000-06-22,14.9375,15.1875,14.75,15.00,231700,10.993329
2000-06-21,15.125,15.125,14.3125,14.625,155900,10.718495
2000-06-20,16.00,16.375,14.875,15.125,323500,11.08494
2000-06-19,14.0625,15.75,14.00,15.60938,666500,11.439936
2000-06-16,13.8125,14.00,13.75,14.00,186900,10.26044
2000-06-15,14.25,14.25,13.5625,13.9375,127900,10.214635
2000-06-14,14.00,14.875,13.5625,14.1875,235700,10.397857
2000-06-13,14.50,14.50,12.25,14.00,374000,10.26044
2000-06-12,14.75,14.75,14.0625,14.4375,309200,10.581079
2000-06-09,14.25,14.375,13.50,13.9375,254700,10.214635
2000-06-08,13.125,14.50,13.00,13.9375,656200,10.214635
2000-06-07,12.75,13.0625,12.75,13.00,133600,9.527552
2000-06-06,13.00,13.1875,12.6875,12.875,66300,9.43594
2000-06-05,12.8125,13.0625,12.75,13.00,85400,9.527552
2000-06-02,12.6875,13.125,12.625,12.75,187900,9.344329
2000-06-01,12.375,12.875,12.00,12.625,131200,9.252718
2000-05-31,12.125,12.3125,12.00,12.3125,27000,9.023691
2000-05-30,11.75,12.125,11.75,12.125,65100,8.886274
2000-05-26,12.0625,12.0625,11.4375,11.50,21900,8.428219
2000-05-25,11.25,12.25,11.25,11.75,80200,8.611441
2000-05-24,11.46875,11.50,10.9375,11.1875,147600,8.199191
2000-05-23,11.375,11.50,11.3125,11.3125,15800,8.290802
2000-05-22,11.6875,11.6875,11.00,11.3125,33300,8.290802
2000-05-19,12.00,12.00,11.625,11.8125,30900,8.657246
2000-05-18,12.00,12.0625,11.50,12.0625,23700,8.840468
2000-05-17,11.3125,12.25,11.125,12.125,96700,8.886274
2000-05-16,11.50,11.5625,11.1875,11.3125,86500,8.290802
2000-05-15,11.5625,11.625,11.25,11.50,82100,8.428219
2000-05-12,11.50,11.75,11.00,11.25,60800,8.244997
2000-05-11,10.8125,11.6875,10.8125,11.625,44000,8.51983
2000-05-10,11.6875,11.6875,10.00,11.00,124400,8.061774
2000-05-09,12.125,12.1875,11.8125,12.0625,54100,8.811153
2000-05-08,12.25,12.50,12.1875,12.1875,25000,8.90246
2000-05-05,12.125,12.375,11.9375,12.1875,90800,8.90246
2000-05-04,12.00,12.25,12.00,12.125,147100,8.856806
2000-05-03,12.25,12.50,11.375,12.125,152200,8.856806
2000-05-02,12.875,13.25,12.50,12.50,169800,9.130728
2000-05-01,12.125,12.875,12.00,12.875,153000,9.40465
2000-04-28,13.375,13.625,11.875,12.6875,229000,9.267689
2000-04-27,13.5625,13.625,12.50,12.9375,198800,9.450304
2000-04-26,12.125,13.50,12.09375,13.25,583600,9.678572
2000-04-25,11.4375,12.375,11.4375,12.0625,181600,8.811153
2000-04-24,12.0625,12.125,11.00,11.375,64700,8.308963
2000-04-20,11.75,12.25,11.6875,12.00,34400,8.765499
2000-04-19,12.0625,12.1875,11.50,11.6875,41800,8.537231
2000-04-18,11.50,12.125,11.375,12.0625,64300,8.811153
2000-04-17,11.375,11.75,10.9375,11.50,53200,8.40027
2000-04-14,11.625,12.00,10.9375,11.125,24300,8.126348
2000-04-13,11.8125,12.125,11.5625,11.875,108900,8.674192
2000-04-12,12.00,12.00,11.75,11.8125,26900,8.628538
2000-04-11,11.6875,12.50,11.5625,12.00,232900,8.765499
2000-04-10,10.8125,11.75,10.75,11.75,123500,8.582885
2000-04-07,10.6875,10.8125,10.25,10.75,15000,7.852426
2000-04-06,10.625,10.9375,10.625,10.6875,4900,7.806773
2000-04-05,10.8125,11.00,10.50,10.625,28300,7.761119
2000-04-04,11.125,11.125,10.00,11.00,50000,8.035041
2000-04-03,10.875,11.25,10.8125,11.00,28200,8.035041
2000-03-31,10.8125,11.125,10.75,11.00,23700,8.035041
2000-03-30,11.25,11.25,10.50,10.75,34800,7.852426
2000-03-29,11.625,11.9375,11.50,11.5625,33700,8.445924
2000-03-28,11.4375,11.75,11.25,11.50,43400,8.40027
2000-03-27,12.375,12.375,11.3125,11.375,104200,8.308963
2000-03-24,12.125,12.4375,12.00,12.1875,99000,8.90246
2000-03-23,12.25,12.50,11.875,12.125,466100,8.856806
2000-03-22,11.25,11.25,11.125,11.25,194900,8.217655
2000-03-21,11.375,11.5625,11.00,11.00,35000,8.035041
2000-03-20,11.5625,11.5625,11.1875,11.3125,49500,8.263309
2000-03-17,11.125,11.50,10.875,11.125,77000,8.126348
2000-03-16,11.00,11.375,11.00,11.375,122300,8.308963
2000-03-15,11.0625,11.375,11.00,11.125,43000,8.126348
2000-03-14,10.9375,12.00,10.9375,11.0625,64800,8.080694
2000-03-13,10.625,11.1875,10.375,10.875,70700,7.943734
2000-03-10,10.5625,11.00,10.0625,11.00,204100,8.035041
2000-03-09,11.125,11.125,10.5625,10.5625,34000,7.715465
2000-03-08,10.75,11.00,10.625,10.625,18900,7.761119
2000-03-07,11.1875,11.50,10.75,10.75,27000,7.852426
2000-03-06,11.875,12.50,10.75,11.125,122300,8.126348
2000-03-03,11.125,12.1875,10.875,12.0625,179900,8.811153
2000-03-02,10.65625,11.00,10.50,10.875,63000,7.943734
2000-03-01,10.0625,10.8125,10.0625,10.8125,92400,7.89808
2000-02-29,10.00,10.375,9.9375,10.00,55200,7.304583
2000-02-28,9.875,11.4375,9.50,10.00,203500,7.304583
2000-02-25,9.00,10.125,8.875,9.875,199600,7.213275
2000-02-24,8.00,9.00,7.875,8.875,87700,6.482817
2000-02-23,7.9375,8.03125,7.9375,7.9375,53700,5.798012
2000-02-22,8.03125,8.375,7.9375,7.9375,83800,5.798012
2000-02-18,7.75,8.25,7.65625,8.1875,77000,5.980627
2000-02-17,7.375,7.75,7.1875,7.75,35200,5.661052
2000-02-16,7.1875,7.3125,7.1875,7.25,6200,5.295822
2000-02-15,7.0625,7.25,7.0625,7.125,149300,5.204515
2000-02-14,7.25,7.25,7.125,7.125,2400,5.204515
2000-02-11,7.25,7.25,7.00,7.125,18200,5.204515
2000-02-10,7.25,7.3125,7.1875,7.1875,20500,5.250169
2000-02-09,7.25,7.50,7.25,7.25,108700,5.295822
2000-02-08,7.75,7.75,7.25,7.4375,40300,5.403565
2000-02-07,7.75,7.9375,7.6875,7.75,8400,5.630606
2000-02-04,7.375,7.75,7.375,7.75,7300,5.630606
2000-02-03,7.50,7.625,7.375,7.50,14500,5.448973
2000-02-02,7.125,7.375,7.125,7.25,14200,5.267341
2000-02-01,7.0625,7.1875,7.0625,7.0625,11200,5.131117
2000-01-31,7.375,7.50,7.00,7.00,35300,5.085708
2000-01-28,7.3125,7.625,7.3125,7.375,12800,5.358157
2000-01-27,7.5625,7.625,7.125,7.34375,67600,5.335453
2000-01-26,7.625,7.8125,7.50,7.625,53200,5.53979
2000-01-25,7.6875,7.75,7.50,7.50,4700,5.448973
2000-01-24,7.78125,7.78125,7.625,7.6875,75600,5.585198
2000-01-21,7.75,7.78125,7.75,7.78125,17100,5.65331
2000-01-20,7.625,7.75,7.50,7.75,25500,5.630606
2000-01-19,7.75,7.75,7.25,7.375,58300,5.358157
2000-01-18,8.00,8.00,7.75,7.75,109100,5.630606
2000-01-14,7.50,8.00,7.50,8.00,46200,5.812238
2000-01-13,7.50,7.75,7.50,7.50,52200,5.448973
2000-01-12,7.5625,7.625,7.50,7.625,27100,5.53979
2000-01-11,7.75,7.75,7.50,7.5625,5300,5.494381
2000-01-10,7.875,7.875,7.50,7.6875,28600,5.585198
2000-01-07,8.00,8.00,7.5625,7.9375,16000,5.76683
2000-01-06,7.875,8.125,7.875,8.00,27600,5.812238
2000-01-05,7.25,8.00,7.25,8.00,27400,5.812238
2000-01-04,7.1875,7.75,7.00,7.75,10900,5.630606
2000-01-03,7.625,7.625,7.125,7.25,18200,5.267341
1999-12-31,7.375,7.75,7.125,7.50,25900,5.448973
1999-12-30,7.125,7.625,7.125,7.50,32700,5.448973
1999-12-29,7.625,7.8125,7.0625,7.3125,41300,5.312749
1999-12-28,7.6875,7.6875,7.625,7.625,17600,5.53979
1999-12-27,7.8125,7.8125,7.50,7.75,29000,5.630606
1999-12-23,7.375,7.875,7.34375,7.625,46700,5.53979
1999-12-22,8.1875,8.25,7.25,7.25,158200,5.267341
1999-12-21,7.00,7.375,7.00,7.3125,20800,5.312749
1999-12-20,6.6875,7.625,6.6875,7.00,33300,5.085708
1999-12-17,6.875,7.125,6.625,6.625,35000,4.81326
1999-12-16,6.75,6.75,6.3125,6.53125,28500,4.745148
1999-12-15,6.875,7.0625,6.3125,6.50,122200,4.722444
1999-12-14,7.0625,7.375,7.00,7.00,13300,5.085708
1999-12-13,7.25,7.25,7.00,7.125,14600,5.176525
1999-12-10,7.9375,7.9375,7.50,7.50,20300,5.448973
1999-12-09,7.5625,7.9375,7.5625,7.875,58100,5.721422
1999-12-08,7.0625,7.875,7.00,7.5625,39900,5.494381
1999-12-07,6.625,6.9375,6.50,6.875,228600,4.994892
1999-12-06,6.6875,6.6875,6.50,6.50,12500,4.722444
1999-12-03,6.625,6.6875,6.625,6.625,4200,4.81326
1999-12-02,6.6875,6.6875,6.6875,6.6875,800,4.858668
1999-12-01,6.6875,6.75,6.625,6.75,33400,4.904076
1999-11-30,6.84375,6.875,6.625,6.625,56600,4.81326
1999-11-29,7.00,7.00,6.75,6.75,25400,4.904076
1999-11-26,6.8125,6.8125,6.8125,6.8125,400,4.949484
1999-11-24,6.875,7.0625,6.8125,6.9375,5000,5.0403
1999-11-23,7.125,7.125,6.75,6.875,3600,4.994892
1999-11-22,7.0625,7.0625,6.875,6.875,4000,4.994892
1999-11-19,7.125,7.25,7.0625,7.0625,12200,5.131117
1999-11-18,7.3125,7.3125,7.0625,7.125,6400,5.176525
1999-11-17,7.3125,7.3125,7.125,7.125,14500,5.176525
1999-11-16,7.0625,7.3125,7.0625,7.25,15600,5.267341
1999-11-15,7.3125,7.4375,6.875,7.3125,16700,5.312749
1999-11-12,7.1875,7.1875,7.125,7.125,14300,5.176525
1999-11-11,7.00,7.3125,6.875,7.25,39100,5.267341
1999-11-10,7.25,7.4375,7.125,7.125,14700,5.176525
1999-11-09,7.4375,7.4375,7.375,7.4375,26500,5.403565
1999-11-08,7.375,7.4375,7.375,7.4375,5800,5.403565
1999-11-05,7.375,7.4375,7.375,7.375,6300,5.329096
1999-11-04,7.375,7.4375,7.3125,7.4375,25600,5.374258
1999-11-03,7.1875,7.375,7.125,7.3125,85200,5.283934
1999-11-02,7.25,7.25,7.00,7.00,27500,5.058125
1999-11-01,7.25,7.3125,7.25,7.25,145200,5.238772
1999-10-29,6.875,7.3125,6.75,7.3125,19600,5.283934
1999-10-28,6.875,7.00,6.875,7.00,46700,5.058125
1999-10-27,6.75,7.125,6.625,6.75,27100,4.877477
1999-10-26,7.125,7.125,6.9375,7.00,14900,5.058125
1999-10-25,7.46875,7.46875,7.00,7.00,23600,5.058125
1999-10-22,7.4375,7.5625,7.375,7.375,4900,5.329096
1999-10-21,7.5625,7.5625,7.5625,7.5625,2200,5.464581
1999-10-20,7.50,7.625,7.50,7.5625,46800,5.464581
1999-10-19,7.75,7.75,7.5625,7.5625,34100,5.464581
1999-10-18,7.625,7.75,7.50,7.75,22700,5.600067
1999-10-15,7.75,7.75,7.6875,7.6875,7000,5.554905
1999-10-14,8.125,8.3125,7.75,7.875,4500,5.69039
1999-10-13,8.3125,8.375,8.1875,8.1875,7700,5.9162
1999-10-12,8.0625,8.375,8.00,8.375,77400,6.051685
1999-10-11,8.3125,8.3125,7.875,7.875,16500,5.69039
1999-10-08,8.625,8.625,8.25,8.25,22400,5.961361
1999-10-07,8.6875,9.0625,8.50,8.50,90100,6.142009
1999-10-06,8.75,8.75,8.375,8.375,8500,6.051685
1999-10-05,8.375,9.00,8.25,8.75,37200,6.322656
1999-10-04,8.25,8.25,8.00,8.1875,47600,5.9162
1999-10-01,8.25,8.50,8.25,8.375,8900,6.051685
1999-09-30,8.07812,8.50,8.07812,8.3125,27700,6.006523
1999-09-29,8.03125,8.125,8.03125,8.03125,1500,5.803295
1999-09-28,8.00,8.03125,7.75,7.9375,17400,5.735552
1999-09-27,8.03125,8.03125,7.9375,8.00,2600,5.780714
1999-09-24,8.25,8.3125,7.5625,7.75,64700,5.600067
1999-09-23,7.9375,8.25,7.875,8.03125,19400,5.803295
1999-09-22,7.50,7.9375,7.50,7.9375,14300,5.735552
1999-09-21,7.625,7.625,7.50,7.50,12700,5.419419
1999-09-20,7.625,7.6875,7.625,7.6875,23900,5.554905
1999-09-17,7.5625,7.6875,7.50,7.6875,38600,5.554905
1999-09-16,7.625,7.8125,7.625,7.75,26900,5.600067
1999-09-15,7.59375,7.625,7.59375,7.59375,1100,5.487162
1999-09-14,7.5625,7.75,7.50,7.5625,34000,5.464581
1999-09-13,7.625,7.75,7.53125,7.53125,8800,5.442
1999-09-10,7.75,7.75,7.50,7.50,12600,5.419419
1999-09-09,7.75,7.75,7.25,7.625,33400,5.509743
1999-09-08,7.75,7.75,7.4375,7.75,14900,5.600067
1999-09-07,7.8125,7.875,7.5625,7.6875,55200,5.554905
1999-09-03,7.84375,7.875,7.75,7.875,20300,5.69039
1999-09-02,7.6875,7.8125,7.6875,7.8125,7800,5.645229
1999-09-01,7.50,7.8125,7.4375,7.8125,42700,5.645229
1999-08-31,7.50,7.5625,7.50,7.50,7300,5.419419
1999-08-30,7.50,7.50,7.50,7.50,100,5.419419
1999-08-27,7.4375,7.5625,7.4375,7.50,21500,5.419419
1999-08-26,7.59375,7.59375,7.50,7.50,42400,5.419419
1999-08-25,7.625,7.625,7.50,7.50,3300,5.419419
1999-08-24,7.875,7.875,7.625,7.625,34800,5.509743
1999-08-23,7.75,7.875,7.50,7.75,58200,5.600067
1999-08-20,7.50,7.5625,7.4375,7.50,6900,5.419419
1999-08-19,7.75,7.75,7.4375,7.4375,4200,5.374258
1999-08-18,7.25,7.75,7.25,7.50,29200,5.419419
1999-08-17,7.75,7.75,7.00,7.0625,41600,5.074383
1999-08-16,7.25,7.9375,7.25,7.8125,30100,5.613256
1999-08-13,7.00,7.375,6.8125,7.21875,26000,5.186648
1999-08-12,6.875,6.90625,6.65625,6.75,12700,4.849853
1999-08-11,6.625,6.875,6.625,6.75,4500,4.849853
1999-08-10,6.75,6.75,6.625,6.65625,294800,4.782494
1999-08-09,6.8125,6.8125,6.8125,6.8125,2400,4.894759
1999-08-06,6.6875,6.875,6.6875,6.875,58500,4.939665
1999-08-05,6.6875,6.6875,6.6875,6.6875,2500,4.804947
1999-08-04,6.8125,6.8125,6.6875,6.6875,3200,4.804947
1999-08-03,6.875,6.875,6.6875,6.6875,8200,4.804947
1999-08-02,6.9375,6.9375,6.875,6.875,12300,4.939665
1999-07-30,6.625,6.9375,6.625,6.9375,23000,4.984571
1999-07-29,6.75,6.9375,6.6875,6.6875,15900,4.804947
1999-07-28,7.00,7.00,6.9375,6.9375,24000,4.984571
1999-07-27,7.00,7.00,6.9375,6.9375,4600,4.984571
1999-07-26,6.875,6.9375,6.875,6.9375,5600,4.984571
1999-07-23,6.9375,6.9375,6.875,6.9375,6400,4.984571
1999-07-22,6.8125,6.875,6.75,6.875,15100,4.939665
1999-07-21,6.75,6.8125,6.75,6.8125,31300,4.894759
1999-07-20,6.875,6.875,6.75,6.75,39000,4.849853
1999-07-19,6.8125,7.00,6.8125,6.875,146000,4.939665
1999-07-16,7.00,7.125,6.9375,6.9375,55200,4.984571
1999-07-15,7.00,7.00,6.75,6.875,16300,4.939665
1999-07-14,6.6875,7.125,6.6875,6.75,641100,4.849853
1999-07-13,6.625,6.75,6.625,6.75,4200,4.849853
1999-07-12,6.8125,6.8125,6.625,6.625,2900,4.760041
1999-07-09,6.75,6.8125,6.6875,6.8125,21900,4.894759
1999-07-08,6.625,6.75,6.625,6.75,5200,4.849853
1999-07-07,6.8125,6.8125,6.625,6.625,11800,4.760041
1999-07-06,6.8125,6.8125,6.75,6.75,12800,4.849853
1999-07-02,6.75,6.8125,6.625,6.75,10600,4.849853
1999-07-01,6.6875,6.75,6.4375,6.625,13200,4.760041
1999-06-30,6.75,6.8125,6.6875,6.8125,17600,4.894759
1999-06-29,6.50,6.8125,6.50,6.8125,16200,4.894759
1999-06-28,6.40625,6.75,6.40625,6.6875,18700,4.804947
1999-06-25,6.00,6.375,6.00,6.375,41000,4.580417
1999-06-24,6.25,6.25,6.125,6.125,6800,4.400793
1999-06-23,6.21875,6.375,6.1875,6.375,14900,4.580417
1999-06-22,6.25,6.3125,6.125,6.21875,37900,4.468152
1999-06-21,6.375,6.375,6.1875,6.1875,8000,4.445699
1999-06-18,6.125,6.4375,6.125,6.375,18700,4.580417
1999-06-17,6.625,6.625,6.375,6.50,15200,4.670229
1999-06-16,6.375,6.375,6.26562,6.375,25200,4.580417
1999-06-15,6.78125,6.8125,6.15625,6.25,17500,4.490605
1999-06-14,6.875,6.875,6.625,6.75,13000,4.849853
1999-06-11,6.75,6.96875,6.75,6.875,4800,4.939665
1999-06-10,6.40625,7.00,6.375,7.00,19700,5.029477
1999-06-09,6.3125,6.3125,5.78125,6.3125,29600,4.535511
1999-06-08,6.8125,6.8125,6.3125,6.3125,6000,4.535511
1999-06-07,6.875,6.875,6.875,6.875,1800,4.939665
1999-06-04,6.78125,6.90625,6.75,6.8125,17000,4.894759
1999-06-03,6.71875,6.8125,6.46875,6.8125,20900,4.894759
1999-06-02,6.8125,6.8125,6.1875,6.46875,27000,4.647776
1999-06-01,6.50,6.5625,6.50,6.5625,4500,4.715135
1999-05-28,6.4375,6.625,6.375,6.5625,5100,4.715135
1999-05-27,6.75,6.875,6.375,6.50,26200,4.670229
1999-05-26,6.125,6.625,6.0625,6.625,92100,4.760041
1999-05-25,6.125,6.25,6.00,6.125,32800,4.400793
1999-05-24,6.125,6.125,6.00,6.00,7200,4.31098
1999-05-21,6.00,6.50,5.875,6.125,105600,4.400793
1999-05-20,5.6875,5.8125,5.625,5.8125,121700,4.176262
1999-05-19,5.4375,5.5625,5.4375,5.5625,64400,3.996638
1999-05-18,5.625,5.625,5.4375,5.4375,11300,3.906826
1999-05-17,5.5625,5.5625,5.1875,5.50,458100,3.951732
1999-05-14,5.625,5.625,5.46875,5.625,2400,4.041544
1999-05-13,5.75,5.75,5.50,5.50,100800,3.951732
1999-05-12,5.6875,5.75,5.4375,5.5625,19100,3.996638
1999-05-11,5.625,5.625,5.50,5.625,16600,4.041544
1999-05-10,5.625,5.625,5.375,5.50,45800,3.922992
1999-05-07,5.4375,5.50,5.1875,5.375,26600,3.833833
1999-05-06,5.375,5.4375,5.25,5.4375,5600,3.878412
1999-05-05,5.375,5.50,5.3125,5.50,27400,3.922992
1999-05-04,5.375,5.4375,5.3125,5.375,7400,3.833833
1999-05-03,5.375,5.50,5.28125,5.28125,9700,3.766964
1999-04-30,5.50,5.5625,5.3125,5.375,44400,3.833833
1999-04-29,5.50,5.50,5.50,5.50,1100,3.922992
1999-04-28,5.375,5.50,5.3125,5.50,13100,3.922992
1999-04-27,5.50,5.50,5.3125,5.40625,14000,3.856123
1999-04-26,5.3125,5.48438,5.3125,5.48438,3700,3.91185
1999-04-23,5.5625,5.5625,5.3125,5.375,17900,3.833833
1999-04-22,5.3125,5.50,5.3125,5.4375,7800,3.878412
1999-04-21,5.375,5.375,5.375,5.375,500,3.833833
1999-04-20,5.5625,5.5625,5.375,5.375,8600,3.833833
1999-04-19,5.50,5.59375,5.50,5.50,17800,3.922992
1999-04-16,5.6875,5.6875,5.50,5.50,26700,3.922992
1999-04-15,5.6875,5.6875,5.5625,5.5625,600,3.967571
1999-04-14,5.8125,5.8125,5.625,5.625,21700,4.012151
1999-04-13,5.625,5.6875,5.5625,5.625,13000,4.012151
1999-04-12,5.75,5.8125,5.50,5.6875,24700,4.05673
1999-04-09,5.5625,5.75,5.50,5.75,5600,4.10131
1999-04-08,5.0625,5.5625,5.0625,5.50,23400,3.922992
1999-04-07,5.125,5.125,4.875,5.0625,289300,3.610936
1999-04-06,5.125,5.1875,5.125,5.15625,6500,3.677805
1999-04-05,5.125,5.375,5.125,5.1875,14500,3.700095
1999-04-01,5.25,5.375,5.25,5.25,17300,3.744674
1999-03-31,5.1875,5.1875,5.1875,5.1875,2600,3.700095
1999-03-30,5.3125,5.375,5.00,5.125,28400,3.655515
1999-03-29,5.3125,5.3125,5.3125,5.3125,400,3.789254
1999-03-26,5.4375,5.4375,5.3125,5.3125,9500,3.789254
1999-03-25,5.34375,5.40625,5.1875,5.40625,1344700,3.856123
1999-03-24,5.3125,5.46875,5.3125,5.46875,2700,3.900702
1999-03-23,5.4375,5.4375,5.34375,5.34375,4900,3.811543
1999-03-22,5.4375,5.50,5.375,5.4375,12200,3.878412
1999-03-19,5.50,5.50,5.1875,5.375,691400,3.833833
1999-03-18,5.625,5.75,5.375,5.625,105600,4.012151
1999-03-17,5.625,5.75,5.5625,5.625,52800,4.012151
1999-03-16,5.75,5.75,5.5625,5.5625,84400,3.967571
1999-03-15,5.5625,5.75,5.5625,5.75,102200,4.10131
1999-03-12,5.71875,5.8125,5.53125,5.53125,49900,3.945282
1999-03-11,5.84375,5.84375,5.5625,5.65625,46900,4.034441
1999-03-10,5.5625,5.5625,5.5625,5.5625,000,3.967571
1999-03-09,5.875,5.875,5.5625,5.5625,14600,3.967571
1999-03-08,5.9375,5.9375,5.6875,5.8125,1400,4.145889
1999-03-05,5.8125,5.875,5.75,5.75,76300,4.10131
1999-03-04,5.9375,5.9375,5.75,5.875,17500,4.190469
1999-03-03,5.6875,5.875,5.6875,5.875,9400,4.190469
1999-03-02,5.6875,5.9375,5.6875,5.8125,12200,4.145889
1999-03-01,5.9375,5.9375,5.75,5.75,11300,4.10131
1999-02-26,5.9375,5.9375,5.9375,5.9375,1800,4.235048
1999-02-25,5.75,5.75,5.75,5.75,800,4.10131
1999-02-24,5.875,5.875,5.75,5.75,1900,4.10131
1999-02-23,5.50,5.875,5.50,5.8125,11000,4.145889
1999-02-22,5.50,5.9375,5.50,5.50,23200,3.922992
1999-02-19,5.25,5.6875,5.25,5.6875,55200,4.05673
1999-02-18,5.9375,5.9375,5.25,5.50,32400,3.922992
1999-02-17,6.00,6.00,5.75,6.00,6300,4.279628
1999-02-16,6.25,6.25,5.9375,6.00,46900,4.279628
1999-02-12,6.0625,6.125,6.00,6.00,10700,4.279628
1999-02-11,6.0625,6.1875,5.4375,6.125,523500,4.368786
1999-02-10,6.125,6.1875,6.0625,6.1875,3000,4.413366
1999-02-09,6.25,6.25,5.75,6.1875,12700,4.413366
1999-02-08,6.125,6.375,5.9375,5.9375,85800,4.206518
1999-02-05,6.625,6.625,5.875,6.125,47600,4.339355
1999-02-04,6.53125,6.75,6.50,6.625,12500,4.693588
1999-02-03,6.875,6.875,5.9375,6.8125,958800,4.826425
1999-02-02,6.96875,7.00,6.5625,6.75,182800,4.782146
1999-02-01,7.50,7.625,6.75,6.75,204500,4.782146
1999-01-29,9.125,9.50,9.125,9.50,79400,6.730428
1999-01-28,9.25,9.25,9.00,9.25,10200,6.553312
1999-01-27,9.50,9.75,9.50,9.50,4000,6.730428
1999-01-26,9.50,9.5625,9.50,9.5625,3400,6.774707
1999-01-25,10.00,10.00,9.50,9.50,2200,6.730428
1999-01-22,9.375,10.00,9.375,9.50,24200,6.730428
1999-01-21,9.25,9.75,9.1875,9.375,199000,6.64187
1999-01-20,8.9375,9.1875,8.9375,9.1875,6000,6.509032
1999-01-19,8.875,9.125,8.875,8.875,23700,6.287637
1999-01-15,8.25,8.9375,8.00,8.875,12200,6.287637
1999-01-14,7.75,8.1875,7.6875,8.1875,56500,5.800566
1999-01-13,7.75,8.0625,7.5625,7.6875,233100,5.446333
1999-01-12,7.875,8.03125,7.875,8.00,55200,5.667729
1999-01-11,8.00,8.00,7.75,8.00,46600,5.667729
1999-01-08,8.50,8.50,7.50,7.625,31600,5.402054
1999-01-07,8.875,8.875,8.25,8.625,8400,6.11052
1999-01-06,9.125,9.375,8.875,8.875,54000,6.287637
1999-01-05,9.125,9.50,9.125,9.50,3400,6.730428
1999-01-04,9.625,9.625,9.25,9.375,4000,6.64187
1998-12-31,9.625,9.625,9.5625,9.625,9100,6.818986
1998-12-30,9.375,9.625,9.375,9.50,32900,6.730428
1998-12-29,9.25,9.4375,9.25,9.4375,12900,6.686149
1998-12-28,9.125,9.4375,9.125,9.375,9100,6.64187
1998-12-24,9.375,9.375,9.125,9.125,12400,6.464753
1998-12-23,9.375,9.375,9.125,9.125,200,6.464753
1998-12-22,8.875,9.375,8.875,9.375,59200,6.64187
1998-12-21,9.00,9.00,8.875,8.875,1400,6.287637
1998-12-18,9.00,9.125,8.875,9.00,13200,6.376195
1998-12-17,9.3125,9.375,9.00,9.00,13700,6.376195
1998-12-16,9.25,9.25,8.9375,8.9375,93000,6.331916
1998-12-15,9.125,9.375,9.125,9.125,3400,6.464753
1998-12-14,9.1875,9.375,9.125,9.1875,9200,6.509032
1998-12-11,9.25,9.375,9.1875,9.375,9200,6.64187
1998-12-10,9.1875,9.1875,9.1875,9.1875,1100,6.509032
1998-12-09,9.1875,9.50,9.1875,9.1875,31900,6.509032
1998-12-08,9.00,9.625,9.00,9.50,3100,6.730428
1998-12-07,9.0625,9.0625,9.00,9.00,2300,6.376195
1998-12-04,8.9375,9.25,8.625,9.25,44700,6.553312
1998-12-03,8.375,9.00,8.375,9.00,11400,6.376195
1998-12-02,8.25,8.50,8.25,8.50,9300,6.021962
1998-12-01,8.25,8.50,8.25,8.50,6300,6.021962
1998-11-30,8.50,8.50,8.25,8.50,8800,6.021962
1998-11-27,8.4375,8.625,8.3125,8.50,10400,6.021962
1998-11-25,8.25,8.25,8.25,8.25,4700,5.844845
1998-11-24,8.125,8.50,8.125,8.50,29600,6.021962
1998-11-23,8.25,8.375,8.00,8.125,3900,5.756287
1998-11-20,8.25,8.375,8.00,8.375,6300,5.933404
1998-11-19,8.00,8.00,8.00,8.00,900,5.667729
1998-11-18,8.00,8.00,8.00,8.00,500,5.667729
1998-11-17,8.125,8.50,8.125,8.50,1000,6.021962
1998-11-16,8.375,8.625,8.125,8.625,4800,6.11052
1998-11-13,8.125,8.25,8.125,8.25,800,5.844845
1998-11-12,8.625,8.625,8.125,8.125,1900,5.756287
1998-11-11,8.50,8.5625,8.125,8.375,42500,5.933404
1998-11-10,8.4375,8.4375,8.4375,8.4375,1500,5.977683
1998-11-09,8.75,8.75,8.1875,8.1875,14000,5.800566
1998-11-06,8.375,8.50,8.00,8.50,11100,6.021962
1998-11-05,8.125,8.25,8.125,8.25,2400,5.816507
1998-11-04,8.50,8.50,8.00,8.1875,3200,5.772442
1998-11-03,8.125,8.25,7.375,7.875,27200,5.55212
1998-11-02,7.75,8.125,7.75,8.125,9100,5.728378
1998-10-30,7.75,8.25,7.75,7.75,12200,5.463991
1998-10-29,7.75,8.25,7.75,7.75,1500,5.463991
1998-10-28,7.75,8.00,7.75,8.00,6700,5.640249
1998-10-27,7.375,8.00,7.25,7.75,29400,5.463991
1998-10-26,7.25,7.375,7.00,7.375,13900,5.199604
1998-10-23,7.25,7.25,6.875,7.00,57900,4.935218
1998-10-22,7.00,7.25,6.625,7.25,93700,5.111475
1998-10-21,7.50,7.625,7.125,7.50,38400,5.287733
1998-10-20,7.50,8.00,7.50,7.625,48100,5.375862
1998-10-19,7.6875,7.6875,7.375,7.375,6600,5.199604
1998-10-16,7.6875,8.00,7.6875,7.875,13500,5.55212
1998-10-15,7.25,8.00,7.25,8.00,3100,5.640249
1998-10-14,7.25,7.625,7.125,7.25,26000,5.111475
1998-10-13,7.00,7.25,7.00,7.25,2800,5.111475
1998-10-12,7.125,7.125,6.75,7.125,29100,5.023347
1998-10-09,7.00,7.125,6.75,6.75,3100,4.75896
1998-10-08,6.625,6.8125,6.625,6.625,178500,4.670831
1998-10-07,6.9375,6.9375,6.625,6.625,15000,4.670831
1998-10-06,7.00,7.125,6.75,7.125,13800,5.023347
1998-10-05,7.125,7.125,6.625,6.6875,2200,4.714895
1998-10-02,7.125,7.125,6.90625,6.90625,16500,4.869121
1998-10-01,7.00,7.125,6.875,7.00,3100,4.935218
1998-09-30,7.00,7.00,6.625,7.00,6400,4.935218
1998-09-29,7.125,7.125,6.625,6.96875,13200,4.913185
1998-09-28,6.75,7.0625,6.625,7.0625,15500,4.979282
1998-09-25,6.625,7.00,6.625,6.9375,215600,4.891153
1998-09-24,6.875,7.00,6.75,6.75,80600,4.75896
1998-09-23,7.00,7.125,6.875,6.875,79800,4.847089
1998-09-22,7.00,7.125,6.8125,7.00,23500,4.935218
1998-09-21,6.75,6.8125,6.625,6.8125,26400,4.803024
1998-09-18,6.875,7.00,6.875,6.875,24000,4.847089
1998-09-17,7.25,7.25,6.875,6.875,33300,4.847089
1998-09-16,7.375,7.75,6.4375,7.375,1657700,5.199604
1998-09-15,7.75,7.75,7.375,7.375,49100,5.199604
1998-09-14,7.875,7.875,7.75,7.875,4800,5.55212
1998-09-11,7.875,7.875,7.50,7.75,49800,5.463991
1998-09-10,8.125,8.125,7.50,7.50,9800,5.287733
1998-09-09,8.25,8.375,7.875,7.875,20600,5.55212
1998-09-08,8.625,8.75,8.25,8.25,37000,5.816507
1998-09-04,8.375,8.50,8.25,8.25,15200,5.816507
1998-09-03,8.25,8.625,8.25,8.375,7100,5.904635
1998-09-02,8.4375,8.50,8.25,8.25,7600,5.816507
1998-09-01,8.25,8.625,8.25,8.375,19000,5.904635
1998-08-31,8.75,9.00,8.375,8.375,33200,5.904635
1998-08-28,8.75,9.25,8.625,8.75,24200,6.169022
1998-08-27,8.00,8.50,7.50,8.50,74200,5.992764
1998-08-26,9.00,9.00,8.50,8.50,17400,5.992764
1998-08-25,10.00,10.00,9.0625,9.0625,98200,6.389344
1998-08-24,9.75,9.75,9.50,9.50,4100,6.697795
1998-08-21,9.50,10.00,9.25,10.00,37700,7.050311
1998-08-20,10.00,10.00,9.625,9.625,35700,6.785924
1998-08-19,10.50,10.75,10.25,10.25,17700,7.226569
1998-08-18,11.25,11.25,10.50,10.625,21500,7.490955
1998-08-17,11.00,11.00,10.50,10.50,9300,7.374625
1998-08-14,11.50,11.50,11.00,11.50,31500,8.07697
1998-08-13,10.50,11.50,10.50,11.50,11300,8.07697
1998-08-12,11.00,11.25,10.25,10.75,9200,7.550211
1998-08-11,10.50,11.125,9.875,10.50,19700,7.374625
1998-08-10,10.875,11.25,10.875,11.25,11500,7.901384
1998-08-07,10.25,10.50,10.25,10.25,57800,7.199039
1998-08-06,11.00,11.00,10.25,10.25,104000,7.199039
1998-08-05,11.375,11.375,10.50,10.50,14700,7.374625
1998-08-04,12.125,12.125,10.875,11.00,58400,7.725798
1998-08-03,12.125,12.125,11.50,11.50,5900,8.07697
1998-07-31,11.75,12.25,11.75,12.00,16600,8.428143
1998-07-30,12.25,12.25,12.0625,12.0625,2100,8.47204
1998-07-29,11.75,12.125,11.75,11.75,2900,8.252557
1998-07-28,12.125,12.125,11.50,11.75,14500,8.252557
1998-07-27,12.00,12.5625,12.00,12.00,1500,8.428143
1998-07-24,12.625,12.625,12.25,12.25,3300,8.603729
1998-07-23,12.00,12.00,12.00,12.00,500,8.428143
1998-07-22,12.375,13.00,12.125,12.25,13100,8.603729
1998-07-21,12.75,13.125,12.75,12.75,52900,8.954902
1998-07-20,12.875,13.25,12.625,12.875,3100,9.042695
1998-07-17,13.00,13.25,12.625,12.75,18600,8.954902
1998-07-16,13.00,13.25,12.50,12.75,137800,8.954902
1998-07-15,12.375,13.25,12.00,13.00,105700,9.130488
1998-07-14,11.875,12.00,11.75,12.00,15400,8.428143
1998-07-13,12.00,12.00,11.625,11.875,17900,8.34035
1998-07-10,12.625,12.625,12.25,12.375,6300,8.691522
1998-07-09,12.25,12.25,12.25,12.25,200,8.603729
1998-07-08,12.625,13.00,12.25,12.25,11200,8.603729
1998-07-07,12.75,13.00,12.50,12.50,5800,8.779316
1998-07-06,13.00,13.25,12.75,13.25,3600,9.306075
1998-07-02,12.875,13.50,12.875,13.375,1500,9.393868
1998-07-01,13.50,13.5625,12.875,12.875,37200,9.042695
1998-06-30,13.50,13.9375,13.50,13.50,9600,9.481661
1998-06-29,13.50,13.75,13.50,13.50,32000,9.481661
1998-06-26,13.375,13.75,13.375,13.50,88500,9.481661
1998-06-25,13.00,14.00,13.00,13.625,191300,9.569454
1998-06-24,13.375,13.375,13.00,13.00,5400,9.130488
1998-06-23,13.00,13.25,12.75,13.25,24300,9.306075
1998-06-22,12.875,13.00,12.75,12.75,10900,8.954902
1998-06-19,12.75,12.875,12.75,12.875,7400,9.042695
1998-06-18,13.125,13.1875,12.75,13.00,7700,9.130488
1998-06-17,12.875,13.125,12.625,13.125,2600,9.218281
1998-06-16,12.875,12.875,12.625,12.6875,230100,8.911005
1998-06-15,12.50,12.875,12.50,12.625,107700,8.867109
1998-06-12,13.125,13.125,12.50,12.625,42100,8.867109
1998-06-11,13.125,13.125,13.00,13.00,7800,9.130488
1998-06-10,13.25,13.50,13.125,13.125,14900,9.218281
1998-06-09,13.375,13.375,13.125,13.375,17900,9.393868
1998-06-08,13.125,13.50,13.125,13.375,12400,9.393868
1998-06-05,13.25,13.50,13.125,13.125,12700,9.218281
1998-06-04,13.50,13.50,13.125,13.25,1600,9.306075
1998-06-03,13.25,13.50,13.00,13.125,11100,9.218281
1998-06-02,13.25,13.50,13.125,13.25,14500,9.306075
1998-06-01,13.00,13.375,13.00,13.125,34200,9.218281
1998-05-29,13.50,13.50,13.00,13.1875,7400,9.262178
1998-05-28,13.25,13.50,13.00,13.00,2300,9.130488
1998-05-27,12.875,13.50,12.875,13.125,4500,9.218281
1998-05-26,13.50,13.50,13.00,13.375,22000,9.393868
1998-05-22,13.125,13.125,13.00,13.00,37000,9.130488
1998-05-21,13.25,13.50,13.00,13.25,57100,9.306075
1998-05-20,13.25,13.25,13.25,13.25,200,9.306075
1998-05-19,13.25,13.50,13.25,13.50,21000,9.481661
1998-05-18,13.50,13.875,13.25,13.25,49000,9.306075
1998-05-15,13.75,13.75,13.50,13.50,61200,9.481661
1998-05-14,14.25,14.25,13.75,13.75,23100,9.657247
1998-05-13,13.625,14.25,13.5625,13.875,38200,9.74504
1998-05-12,13.5625,13.625,13.5625,13.5625,61800,9.497464
1998-05-11,13.6875,13.6875,13.5625,13.5625,25800,9.497464
1998-05-08,13.50,13.625,13.50,13.625,69300,9.541231
1998-05-07,13.75,13.75,13.1875,13.1875,36600,9.234861
1998-05-06,13.625,14.00,13.50,13.75,110000,9.628765
1998-05-05,14.25,14.50,13.625,13.625,116300,9.541231
1998-05-04,13.50,14.125,13.25,14.125,117100,9.891368
1998-05-01,12.50,13.5625,12.50,13.3125,1074300,9.322395
1998-04-30,12.00,12.50,12.00,12.50,6500,8.753423
1998-04-29,12.625,12.625,11.75,12.00,10100,8.403286
1998-04-28,13.00,13.00,12.375,12.625,7200,8.840957
1998-04-27,13.50,13.50,12.50,12.50,8500,8.753423
1998-04-24,13.50,13.50,13.50,13.50,2400,9.453696
1998-04-23,13.25,13.25,12.625,13.00,10800,9.10356
1998-04-22,12.625,12.625,12.625,12.625,1100,8.840957
1998-04-21,13.50,13.50,12.625,12.75,16000,8.928491
1998-04-20,13.00,13.00,13.00,13.00,1000,9.10356
1998-04-17,12.625,13.00,12.625,13.00,2300,9.10356
1998-04-16,12.875,12.875,12.625,12.625,8000,8.840957
1998-04-15,12.875,13.50,12.75,13.50,16100,9.453696
1998-04-14,12.875,12.875,12.50,12.625,16100,8.840957
1998-04-13,13.75,13.75,12.50,12.50,31800,8.753423
1998-04-09,12.6875,13.50,12.6875,13.50,12500,9.453696
1998-04-08,13.00,13.00,12.6875,12.6875,1000,8.884724
1998-04-07,12.6875,12.75,12.6875,12.75,4900,8.928491
1998-04-06,12.625,12.6875,12.625,12.6875,1400,8.884724
1998-04-03,12.625,12.875,12.625,12.875,1200,9.016025
1998-04-02,12.75,12.875,12.75,12.8125,11700,8.972258
1998-04-01,13.125,13.125,12.25,13.00,22300,9.10356
1998-03-31,13.25,13.375,13.25,13.375,1200,9.366162
1998-03-30,13.25,13.75,13.25,13.50,6900,9.453696
1998-03-27,13.1875,13.75,13.1875,13.375,13700,9.366162
1998-03-26,13.25,13.25,12.8125,13.25,19900,9.278628
1998-03-25,13.25,13.25,12.8125,13.0625,39400,9.147327
1998-03-24,13.75,13.75,12.8125,12.9375,21600,9.059792
1998-03-23,13.75,14.00,13.25,13.25,52700,9.278628
1998-03-20,13.00,13.75,12.75,13.75,84300,9.628765
1998-03-19,14.00,14.00,12.50,12.75,24000,8.928491
1998-03-18,13.25,14.00,13.00,13.75,18400,9.628765
1998-03-17,12.00,13.25,12.00,13.125,34100,9.191094
1998-03-16,10.50,12.0625,10.50,12.0625,23900,8.447053
1998-03-13,11.00,11.25,11.00,11.00,16800,7.703012
1998-03-12,10.375,11.00,10.375,11.00,2100,7.703012
1998-03-11,10.25,10.75,10.25,10.75,7600,7.527943
1998-03-10,10.75,10.75,10.75,10.75,000,7.527943
1998-03-09,10.75,10.75,10.75,10.75,100,7.527943
1998-03-06,11.00,11.00,11.00,11.00,000,7.703012
1998-03-05,11.00,11.00,11.00,11.00,000,7.703012
1998-03-04,11.00,11.00,10.375,11.00,2700,7.703012
1998-03-03,11.00,11.00,11.00,11.00,400,7.703012
1998-03-02,10.50,10.75,10.50,10.6875,600,7.484176
1998-02-27,10.625,11.00,10.25,10.5625,4100,7.396642
1998-02-26,11.00,11.00,10.25,10.50,11200,7.352875
1998-02-25,10.125,11.00,10.125,10.875,24600,7.615478
1998-02-24,10.75,11.00,10.125,10.75,8300,7.527943
1998-02-23,10.375,10.375,10.375,10.375,000,7.265341
1998-02-20,10.375,10.375,10.375,10.375,000,7.265341
1998-02-19,10.375,10.375,10.375,10.375,1400,7.265341
1998-02-18,10.4375,10.4375,10.125,10.125,10100,7.090272
1998-02-17,10.125,10.125,10.125,10.125,000,7.090272
1998-02-13,10.125,10.125,10.125,10.125,100,7.090272
1998-02-12,10.125,10.50,10.125,10.50,2600,7.352875
1998-02-11,10.3125,10.3125,10.3125,10.3125,000,7.221574
1998-02-10,10.25,10.3125,10.25,10.3125,7600,7.193563
1998-02-09,10.625,11.00,10.125,10.125,24500,7.062771
1998-02-06,10.125,10.125,10.125,10.125,500,7.062771
1998-02-05,10.125,10.125,10.125,10.125,1000,7.062771
1998-02-04,10.00,10.00,10.00,10.00,200,6.975576
1998-02-03,10.00,10.1875,10.00,10.1875,200,7.106368
1998-02-02,10.00,11.25,10.00,10.1875,1400,7.106368
1998-01-30,10.00,10.00,10.00,10.00,000,6.975576
1998-01-29,9.875,10.00,9.875,10.00,2000,6.975576
1998-01-28,10.125,10.125,9.875,10.125,1600,7.062771
1998-01-27,9.875,9.875,9.875,9.875,000,6.888382
1998-01-26,11.00,11.00,9.875,9.875,1300,6.888382
1998-01-23,9.875,10.50,9.875,10.50,8400,7.324355
1998-01-22,10.00,10.00,10.00,10.00,3300,6.975576
1998-01-21,10.00,10.00,10.00,10.00,1400,6.975576
1998-01-20,11.00,11.00,11.00,11.00,2000,7.673134
1998-01-16,10.5625,10.5625,10.4375,10.4375,12100,7.280758
1998-01-15,10.50,10.50,10.50,10.50,000,7.324355
1998-01-14,10.50,10.50,10.50,10.50,000,7.324355
1998-01-13,11.00,11.25,10.50,10.50,12500,7.324355
1998-01-12,9.875,10.00,9.875,10.00,8500,6.975576
1998-01-09,10.25,10.25,9.875,9.875,1300,6.888382
1998-01-08,10.00,10.00,10.00,10.00,000,6.975576
1998-01-07,10.00,10.00,10.00,10.00,2500,6.975576
1998-01-06,9.875,9.875,9.8125,9.875,1000,6.888382
1998-01-05,10.75,11.00,9.75,9.875,9300,6.888382
1998-01-02,11.125,11.125,11.125,11.125,000,7.760329
1997-12-31,10.875,11.75,10.75,11.125,20000,7.760329
1997-12-30,11.125,11.125,11.125,11.125,400,7.760329
1997-12-29,11.50,11.50,10.75,10.75,9500,7.498745
1997-12-26,11.00,11.00,11.00,11.00,100,7.673134
1997-12-24,10.50,10.50,10.50,10.50,000,7.324355
1997-12-23,10.50,10.5625,10.50,10.50,10800,7.324355
1997-12-22,10.75,10.75,10.75,10.75,400,7.498745
1997-12-19,11.00,11.375,11.00,11.25,5900,7.847523
1997-12-18,11.75,11.75,11.00,11.00,5100,7.673134
1997-12-17,11.00,11.625,11.00,11.25,2600,7.847523
1997-12-16,10.875,10.875,10.875,10.875,100,7.585939
1997-12-15,11.75,11.75,10.75,10.75,1500,7.498745
1997-12-12,11.00,11.00,11.00,11.00,1000,7.673134
1997-12-11,11.00,11.00,11.00,11.00,200,7.673134
1997-12-10,11.00,11.00,11.00,11.00,100,7.673134
1997-12-09,11.75,11.75,11.75,11.75,000,8.196302
1997-12-08,11.125,11.75,11.125,11.75,800,8.196302
1997-12-05,11.375,11.375,11.125,11.25,9400,7.847523
1997-12-04,11.4375,11.875,11.25,11.875,15600,8.283497
1997-12-03,11.9375,11.9375,11.50,11.50,2700,8.021913
1997-12-02,12.00,12.00,12.00,12.00,000,8.370692
1997-12-01,12.625,12.625,12.00,12.00,9300,8.370692
1997-11-28,11.00,12.00,11.00,11.50,6500,8.021913
1997-11-26,11.00,11.25,11.00,11.25,25800,7.847523
1997-11-25,10.75,10.75,10.75,10.75,000,7.498745
1997-11-24,10.50,10.75,10.50,10.75,600,7.498745
1997-11-21,11.25,11.25,11.25,11.25,800,7.847523
1997-11-20,10.375,10.625,10.375,10.625,1200,7.41155
1997-11-19,10.375,10.4375,10.375,10.375,82400,7.23716
1997-11-18,11.25,11.25,10.625,11.00,1300,7.673134
1997-11-17,10.75,10.75,10.75,10.75,000,7.498745
1997-11-14,11.00,11.00,10.125,10.75,23400,7.498745
1997-11-13,11.75,11.75,10.875,11.00,21000,7.673134
1997-11-12,11.375,11.375,10.875,11.00,2000,7.673134
1997-11-11,11.00,11.00,11.00,11.00,000,7.673134
1997-11-10,11.125,11.125,11.00,11.00,9300,7.673134
1997-11-07,11.50,11.50,11.50,11.50,000,8.021913
1997-11-06,11.375,11.50,11.00,11.50,21300,8.021913
1997-11-05,11.625,11.625,11.625,11.625,000,8.081205
1997-11-04,11.50,11.625,11.125,11.625,10900,8.081205
1997-11-03,12.50,12.50,11.75,11.75,11200,8.1681
1997-10-31,12.00,12.25,11.75,12.25,5800,8.515678
1997-10-30,11.25,12.00,11.125,11.25,2100,7.820521
1997-10-29,12.00,12.00,11.25,12.00,900,8.341889
1997-10-28,11.25,11.50,11.25,11.25,3200,7.820521
1997-10-27,12.1875,12.25,11.875,11.875,31100,8.254994
1997-10-24,12.375,12.75,12.375,12.75,1300,8.863257
1997-10-23,13.00,13.00,12.875,13.00,16700,9.037046
1997-10-22,13.00,13.50,13.00,13.50,1600,9.384625
1997-10-21,12.50,13.50,12.50,13.00,15800,9.037046
1997-10-20,13.00,13.00,12.75,12.75,3300,8.863257
1997-10-17,13.00,13.00,12.50,13.00,10500,9.037046
1997-10-16,12.75,13.25,12.75,13.25,2000,9.210836
1997-10-15,13.00,13.625,12.875,13.625,15400,9.47152
1997-10-14,12.75,13.25,12.25,12.50,14900,8.689468
1997-10-13,13.125,13.25,12.75,13.00,13400,9.037046
1997-10-10,13.25,13.25,13.125,13.125,1600,9.123941
1997-10-09,13.75,13.75,13.25,13.25,22600,9.210836
1997-10-08,13.75,13.75,13.25,13.25,64800,9.210836
1997-10-07,13.00,13.75,12.875,13.3125,22300,9.254283
1997-10-06,12.375,13.00,12.25,12.75,41400,8.863257
1997-10-03,12.00,13.00,12.00,12.50,20200,8.689468
1997-10-02,12.50,12.875,11.25,11.75,23200,8.1681
1997-10-01,13.375,13.375,12.50,12.875,42600,8.950152
1997-09-30,12.125,13.375,11.875,12.875,88900,8.950152
1997-09-29,11.875,12.25,11.75,12.00,211300,8.341889
1997-09-26,12.75,12.75,11.875,12.00,75700,8.341889
1997-09-25,10.125,12.625,10.00,12.00,146500,8.341889
1997-09-24,9.25,9.25,9.00,9.00,2600,6.256417
1997-09-23,9.00,9.25,8.875,9.00,27700,6.256417
1997-09-22,9.00,9.00,9.00,9.00,000,6.256417
1997-09-19,8.875,9.00,8.875,9.00,6900,6.256417
1997-09-18,8.875,9.25,8.875,9.125,37100,6.343311
1997-09-17,9.00,9.00,9.00,9.00,000,6.256417
1997-09-16,9.00,9.00,9.00,9.00,200,6.256417
1997-09-15,8.75,8.8125,8.75,8.8125,7100,6.126075
1997-09-12,8.875,8.875,8.875,8.875,600,6.169522
1997-09-11,9.00,9.00,9.00,9.00,000,6.256417
1997-09-10,8.75,9.125,8.75,9.00,24100,6.256417
1997-09-09,8.50,8.875,8.50,8.875,6800,6.169522
1997-09-08,8.50,8.50,8.50,8.50,400,5.908838
1997-09-05,8.50,8.50,8.50,8.50,000,5.908838
1997-09-04,8.50,8.50,8.50,8.50,1000,5.908838
1997-09-03,8.50,8.875,8.375,8.75,18700,6.082627
1997-09-02,8.375,8.375,8.375,8.375,000,5.821943
1997-08-29,8.375,8.375,8.375,8.375,200,5.821943
1997-08-28,8.375,8.375,8.375,8.375,000,5.821943
1997-08-27,8.375,8.375,8.375,8.375,000,5.821943
1997-08-26,8.375,8.375,8.375,8.375,200,5.821943
1997-08-25,8.50,8.50,8.50,8.50,000,5.908838
1997-08-22,8.375,8.50,8.375,8.50,1000,5.908838
1997-08-21,8.625,8.625,8.625,8.625,2500,5.995733
1997-08-20,8.75,8.75,8.375,8.375,65700,5.821943
1997-08-19,8.375,8.375,8.375,8.375,000,5.821943
1997-08-18,8.4375,8.4375,8.375,8.375,4200,5.821943
1997-08-15,8.50,8.50,8.50,8.50,78000,5.881032
1997-08-14,8.75,8.75,8.75,8.75,000,6.054003
1997-08-13,8.75,8.75,8.75,8.75,000,6.054003
1997-08-12,8.75,8.75,8.75,8.75,500,6.054003
1997-08-11,8.50,8.50,8.50,8.50,2000,5.881032
1997-08-08,8.3125,8.50,8.3125,8.50,41000,5.881032
1997-08-07,8.3125,8.375,8.3125,8.3125,6300,5.751303
1997-08-06,8.3125,8.3125,8.3125,8.3125,1900,5.751303
1997-08-05,8.3125,8.375,8.3125,8.375,4000,5.794546
1997-08-04,8.3125,8.3125,8.3125,8.3125,100,5.751303
1997-08-01,8.375,8.375,8.375,8.375,3500,5.794546
1997-07-31,8.3125,8.3125,8.3125,8.3125,5700,5.751303
1997-07-30,8.375,8.50,8.375,8.50,8900,5.881032
1997-07-29,8.50,8.50,8.50,8.50,000,5.881032
1997-07-28,8.3125,8.50,8.3125,8.50,10500,5.881032
1997-07-25,8.375,8.375,8.375,8.375,000,5.794546
1997-07-24,8.3125,8.375,8.3125,8.375,8500,5.794546
1997-07-23,8.50,8.50,8.50,8.50,19800,5.881032
1997-07-22,8.3125,8.3125,8.3125,8.3125,2800,5.751303
1997-07-21,8.3125,8.375,8.25,8.375,15500,5.794546
1997-07-18,8.50,8.625,8.375,8.375,10600,5.794546
1997-07-17,8.625,8.75,8.50,8.625,7100,5.967517
1997-07-16,8.50,8.75,8.375,8.375,12900,5.794546
1997-07-15,8.625,8.625,8.50,8.50,51100,5.881032
1997-07-14,8.625,8.625,8.625,8.625,2500,5.967517
1997-07-11,8.50,8.50,8.50,8.50,000,5.881032
1997-07-10,8.50,8.75,8.50,8.50,10900,5.881032
1997-07-09,8.50,8.75,8.50,8.75,1700,6.054003
1997-07-08,8.25,8.50,8.25,8.50,13800,5.881032
1997-07-07,8.375,8.375,8.375,8.375,000,5.794546
1997-07-03,8.375,8.375,8.375,8.375,000,5.794546
1997-07-02,8.375,8.375,8.375,8.375,000,5.794546
1997-07-01,8.25,8.375,8.25,8.375,9700,5.794546
1997-06-30,8.25,8.3125,8.25,8.3125,1700,5.751303
1997-06-27,8.3125,8.3125,8.3125,8.3125,000,5.751303
1997-06-26,8.375,8.375,8.25,8.3125,21600,5.751303
1997-06-25,8.375,8.375,8.375,8.375,43800,5.794546
1997-06-24,8.375,8.375,8.375,8.375,600,5.794546
1997-06-23,8.75,8.75,8.75,8.75,000,6.054003
1997-06-20,8.375,8.75,8.375,8.75,104000,6.054003
1997-06-19,8.375,8.75,8.375,8.375,2600,5.794546
1997-06-18,8.25,8.25,8.25,8.25,000,5.70806
1997-06-17,8.25,8.75,8.25,8.25,2300,5.70806
1997-06-16,8.125,8.50,8.125,8.50,5800,5.881032
1997-06-13,8.5625,8.625,8.00,8.625,10000,5.967517
1997-06-12,8.00,8.25,8.00,8.25,17500,5.70806
1997-06-11,8.375,8.375,8.375,8.375,12900,5.794546
1997-06-10,8.125,8.375,8.00,8.125,19900,5.621574
1997-06-09,8.00,8.00,8.00,8.00,200,5.535089
1997-06-06,8.00,8.50,8.00,8.50,2400,5.881032
1997-06-05,8.375,8.375,8.00,8.125,21000,5.621574
1997-06-04,8.25,8.25,8.25,8.25,3200,5.70806
1997-06-03,8.25,8.25,8.25,8.25,600,5.70806
1997-06-02,8.00,8.75,8.00,8.25,11100,5.70806
1997-05-30,7.625,8.25,7.625,8.25,122200,5.70806
1997-05-29,7.6875,7.6875,7.625,7.625,1800,5.275631
1997-05-28,7.6875,7.75,7.6875,7.75,4800,5.362117
1997-05-27,7.75,7.75,7.75,7.75,4000,5.362117
1997-05-23,7.5625,7.625,7.5625,7.625,1800,5.275631
1997-05-22,7.625,7.625,7.5625,7.625,10600,5.275631
1997-05-21,7.8125,7.8125,7.625,7.625,8900,5.275631
1997-05-20,7.6875,7.6875,7.6875,7.6875,3000,5.318874
1997-05-19,7.6875,7.75,7.6875,7.75,3300,5.362117
1997-05-16,7.6875,7.75,7.6875,7.6875,20200,5.318874
1997-05-15,7.78125,7.78125,7.78125,7.78125,2900,5.383738
1997-05-14,7.6875,8.00,7.6875,7.6875,19600,5.318874
1997-05-13,8.25,8.25,7.6875,7.6875,8000,5.291199
1997-05-12,7.5625,7.75,7.5625,7.6875,7200,5.291199
1997-05-09,7.50,7.50,7.50,7.50,402400,5.162145
1997-05-08,7.50,7.625,7.50,7.625,3000,5.248181
1997-05-07,7.4375,7.4375,7.4375,7.4375,900,5.119127
1997-05-06,7.25,7.75,7.25,7.75,48700,5.334217
1997-05-05,7.25,7.25,7.25,7.25,000,4.990074
1997-05-02,7.25,7.25,7.25,7.25,600,4.990074
1997-05-01,7.25,7.875,7.25,7.875,1800,5.420252
1997-04-30,7.50,7.50,7.125,7.375,4900,5.076109
1997-04-29,7.25,7.25,7.25,7.25,000,4.990074
1997-04-28,7.125,7.25,7.125,7.25,1100,4.990074
1997-04-25,7.125,7.125,7.125,7.125,000,4.904038
1997-04-24,7.125,7.25,7.125,7.125,17900,4.904038
1997-04-23,7.125,7.125,7.125,7.125,9200,4.904038
1997-04-22,7.125,7.25,7.125,7.25,2000,4.990074
1997-04-21,7.25,7.25,7.25,7.25,000,4.990074
1997-04-18,7.125,7.25,7.125,7.25,1700,4.990074
1997-04-17,7.1875,7.625,7.1875,7.625,7300,5.248181
1997-04-16,7.375,7.375,7.125,7.125,22400,4.904038
1997-04-15,7.4375,7.625,7.125,7.625,4300,5.248181
1997-04-14,7.00,7.50,7.00,7.00,800,4.818002
1997-04-11,7.50,7.50,7.50,7.50,000,5.162145
1997-04-10,7.50,7.50,7.00,7.50,800,5.162145
1997-04-09,6.875,7.125,6.8125,7.125,16000,4.904038
1997-04-08,7.00,7.00,7.00,7.00,000,4.818002
1997-04-07,6.75,7.00,6.75,7.00,2000,4.818002
1997-04-04,6.75,7.00,6.75,7.00,5800,4.818002
1997-04-03,7.00,7.125,7.00,7.00,6200,4.818002
1997-04-02,7.00,7.375,7.00,7.125,7800,4.904038
1997-04-01,7.25,7.25,7.25,7.25,1600,4.990074
1997-03-31,7.25,7.375,7.25,7.375,1200,5.076109
1997-03-27,7.25,7.25,7.25,7.25,500,4.990074
1997-03-26,7.25,7.375,7.25,7.375,9300,5.076109
1997-03-25,7.25,7.50,7.25,7.25,39500,4.990074
1997-03-24,7.50,7.625,7.25,7.25,16300,4.990074
1997-03-21,7.50,7.50,7.50,7.50,500,5.162145
1997-03-20,7.50,7.50,7.50,7.50,500,5.162145
1997-03-19,7.75,7.75,7.50,7.50,7700,5.162145
1997-03-18,7.625,8.00,7.625,8.00,700,5.506288
1997-03-17,7.625,7.625,7.625,7.625,000,5.248181
1997-03-14,7.8125,7.8125,7.625,7.625,6700,5.248181
1997-03-13,7.625,7.75,7.625,7.75,1400,5.334217
1997-03-12,8.00,8.00,7.625,7.75,2300,5.334217
1997-03-11,8.00,8.00,8.00,8.00,4400,5.506288
1997-03-10,7.625,7.625,7.625,7.625,000,5.248181
1997-03-07,7.75,8.00,7.625,7.625,17600,5.248181
1997-03-06,8.00,8.00,8.00,8.00,000,5.506288
1997-03-05,7.75,8.25,7.75,8.00,1700,5.506288
1997-03-04,8.00,8.00,7.75,7.75,4300,5.334217
1997-03-03,8.00,8.00,8.00,8.00,600,5.506288
1997-02-28,8.00,8.00,8.00,8.00,3500,5.506288
1997-02-27,8.25,8.25,8.25,8.25,6400,5.67836
1997-02-26,8.25,8.25,8.25,8.25,200,5.67836
1997-02-25,8.125,8.125,8.125,8.125,100,5.592324
1997-02-24,8.75,8.75,8.75,8.75,000,6.022503
1997-02-21,8.25,8.75,8.00,8.75,9800,6.022503
1997-02-20,8.50,8.50,8.125,8.25,18200,5.67836
1997-02-19,9.25,9.25,8.50,8.50,2200,5.850431
1997-02-18,8.50,8.50,8.50,8.50,3300,5.850431
1997-02-14,8.50,8.50,8.50,8.50,800,5.850431
1997-02-13,8.50,8.50,8.375,8.50,39400,5.850431
1997-02-12,8.50,8.50,8.50,8.50,000,5.850431
1997-02-11,8.50,8.50,8.50,8.50,600,5.8229
1997-02-10,8.75,8.75,8.75,8.75,000,5.994162
1997-02-07,8.75,8.75,8.75,8.75,000,5.994162
1997-02-06,9.00,9.00,8.75,8.75,1800,5.994162
1997-02-05,9.00,9.00,9.00,9.00,200,6.165423
1997-02-04,9.00,9.00,9.00,9.00,000,6.165423
1997-02-03,9.25,9.75,9.00,9.00,12300,6.165423
1997-01-31,9.25,9.25,9.25,9.25,000,6.336685
1997-01-30,9.25,9.25,9.25,9.25,000,6.336685
1997-01-29,9.25,9.25,9.25,9.25,000,6.336685
1997-01-28,9.25,9.25,9.25,9.25,000,6.336685
1997-01-27,9.25,9.25,9.25,9.25,1300,6.336685
1997-01-24,9.875,9.875,9.125,9.25,29600,6.336685
1997-01-23,10.25,10.25,9.50,9.50,4200,6.507947
1997-01-22,9.875,10.125,9.875,10.00,150100,6.85047
1997-01-21,8.25,9.50,8.25,9.50,16300,6.507947
1997-01-20,8.00,9.00,8.00,8.00,1100,5.480376
1997-01-17,8.00,8.00,8.00,8.00,100,5.480376
1997-01-16,8.50,8.50,8.00,8.50,15300,5.8229
1997-01-15,8.00,8.00,8.00,8.00,1000,5.480376
1997-01-14,8.00,8.00,8.00,8.00,000,5.480376
1997-01-13,8.00,8.00,8.00,8.00,500,5.480376
1997-01-10,8.00,8.00,8.00,8.00,1000,5.480376
1997-01-09,8.25,8.375,8.25,8.375,14000,5.737269
1997-01-08,8.00,8.00,8.00,8.00,000,5.480376
1997-01-07,8.00,8.00,8.00,8.00,200,5.480376
1997-01-06,8.4375,8.75,8.4375,8.75,4200,5.994162
1997-01-03,8.25,8.375,8.25,8.25,21700,5.651638
1997-01-02,8.25,8.25,8.25,8.25,000,5.651638
1996-12-31,8.00,8.25,8.00,8.25,1900,5.651638
1996-12-30,8.00,8.125,8.00,8.125,8000,5.566007
1996-12-27,8.00,8.25,8.00,8.25,3300,5.651638
1996-12-26,8.00,8.25,8.00,8.25,7200,5.651638
1996-12-24,8.00,8.00,8.00,8.00,500,5.480376
1996-12-23,8.00,8.125,8.00,8.00,11000,5.480376
1996-12-20,8.00,8.00,8.00,8.00,5100,5.480376
1996-12-19,8.50,8.50,8.00,8.25,5900,5.651638
1996-12-18,8.00,8.00,8.00,8.00,7700,5.480376
1996-12-17,8.75,9.00,8.75,9.00,7600,6.165423
1996-12-16,9.00,9.00,9.00,9.00,000,6.165423
1996-12-13,8.75,9.00,8.50,9.00,4600,6.165423
1996-12-12,9.00,9.00,9.00,9.00,3000,6.165423
1996-12-11,9.25,9.25,9.25,9.25,4400,6.336685
1996-12-10,9.25,9.25,9.25,9.25,200,6.336685
1996-12-09,9.25,9.75,9.25,9.50,8000,6.507947
1996-12-06,9.25,9.25,9.25,9.25,000,6.336685
1996-12-05,9.25,9.25,9.25,9.25,000,6.336685
1996-12-04,9.25,9.25,9.25,9.25,1300,6.336685
1996-12-03,9.25,9.75,9.25,9.50,3300,6.507947
1996-12-02,9.25,9.25,9.25,9.25,100,6.336685
1996-11-29,9.25,9.25,9.25,9.25,000,6.336685
1996-11-27,9.25,10.00,9.25,9.25,2300,6.336685
1996-11-26,9.50,9.75,9.25,9.25,6500,6.336685
1996-11-25,9.00,10.00,9.00,9.75,31500,6.679209
1996-11-22,8.50,8.75,8.25,8.25,4400,5.651638
1996-11-21,8.00,8.75,7.75,8.75,19200,5.994162
1996-11-20,7.75,7.75,7.75,7.75,6800,5.309114
1996-11-19,7.50,7.50,7.50,7.50,3000,5.137853
1996-11-18,7.50,7.75,7.00,7.00,7900,4.795329
1996-11-15,7.375,7.375,7.1875,7.25,34400,4.966591
1996-11-14,7.25,7.375,7.00,7.25,141600,4.966591
1996-11-13,7.25,7.25,7.00,7.00,7800,4.795329
1996-11-12,7.00,7.50,7.00,7.50,48300,5.137853
1996-11-11,7.00,7.125,7.00,7.125,2700,4.853558
1996-11-08,7.00,7.50,7.00,7.00,1900,4.768408
1996-11-07,7.00,7.00,7.00,7.00,000,4.768408
1996-11-06,7.00,7.00,7.00,7.00,6400,4.768408
1996-11-05,7.25,7.375,7.00,7.00,6100,4.768408
1996-11-04,7.25,7.25,7.25,7.25,000,4.938708
1996-11-01,7.50,7.875,7.25,7.25,8600,4.938708
1996-10-31,7.50,7.50,7.50,7.50,3000,5.109009
1996-10-30,7.75,8.50,7.50,7.50,3600,5.109009
1996-10-29,7.75,7.75,7.75,7.75,203500,5.279309
1996-10-28,7.75,8.00,7.75,8.00,51900,5.449609
1996-10-25,7.75,7.75,7.75,7.75,400,5.279309
1996-10-24,8.00,8.00,7.75,7.75,2400,5.279309
1996-10-23,7.875,8.125,7.875,8.00,15500,5.449609
1996-10-22,7.875,8.00,7.875,8.00,9000,5.449609
1996-10-21,8.125,8.125,8.125,8.125,1500,5.534759
1996-10-18,7.75,7.75,7.75,7.75,600,5.279309
1996-10-17,7.875,8.00,7.75,8.00,24600,5.449609
1996-10-16,7.75,8.00,7.75,8.00,500,5.449609
1996-10-15,7.75,7.75,7.75,7.75,1500,5.279309
1996-10-14,8.00,8.00,7.75,8.00,20000,5.449609
1996-10-11,7.75,7.75,7.75,7.75,000,5.279309
1996-10-10,7.75,7.75,7.75,7.75,300,5.279309
1996-10-09,7.75,7.75,7.75,7.75,400,5.279309
1996-10-08,7.75,7.75,7.75,7.75,600,5.279309
1996-10-07,8.50,8.50,7.75,8.50,7400,5.79021
1996-10-04,8.00,8.00,8.00,8.00,000,5.449609
1996-10-03,8.25,8.25,8.00,8.00,7300,5.449609
1996-10-02,8.375,8.375,7.875,8.25,4900,5.61991
1996-10-01,8.00,8.375,7.875,8.375,3500,5.70506
1996-09-30,8.25,8.25,8.00,8.00,4900,5.449609
1996-09-27,8.25,8.25,8.25,8.25,200,5.61991
1996-09-26,9.00,9.00,8.25,8.25,7300,5.61991
1996-09-25,9.00,9.00,9.00,9.00,5300,6.13081
1996-09-24,9.00,9.375,9.00,9.375,10900,6.386261
1996-09-23,9.25,9.25,9.25,9.25,700,6.301111
1996-09-20,9.00,9.25,9.00,9.25,700,6.301111
1996-09-19,9.00,9.00,9.00,9.00,1900,6.13081
1996-09-18,9.00,9.00,9.00,9.00,500,6.13081
1996-09-17,9.00,9.25,9.00,9.25,2600,6.301111
1996-09-16,9.00,9.25,9.00,9.00,5600,6.13081
1996-09-13,9.00,9.00,9.00,9.00,000,6.13081
1996-09-12,9.00,9.00,9.00,9.00,2800,6.13081
1996-09-11,9.00,9.00,9.00,9.00,000,6.13081
1996-09-10,9.00,9.00,9.00,9.00,500,6.13081
1996-09-09,9.25,9.25,9.00,9.00,900,6.13081
1996-09-06,9.00,9.375,9.00,9.375,92500,6.386261
1996-09-05,9.00,9.00,9.00,9.00,000,6.13081
1996-09-04,9.00,9.00,9.00,9.00,000,6.13081
1996-09-03,9.00,9.00,9.00,9.00,400,6.13081
1996-08-30,9.25,9.25,9.25,9.25,000,6.301111
1996-08-29,9.25,9.25,9.25,9.25,000,6.301111
1996-08-28,9.625,9.625,9.25,9.25,400,6.301111
1996-08-27,9.375,9.5625,9.375,9.5625,214500,6.513986
1996-08-26,9.00,9.00,9.00,9.00,200,6.13081
1996-08-23,9.00,9.00,9.00,9.00,000,6.13081
1996-08-22,9.00,9.00,9.00,9.00,300,6.13081
1996-08-21,9.00,9.00,9.00,9.00,1000,6.13081
1996-08-20,9.375,9.375,9.375,9.375,000,6.386261
1996-08-19,9.375,9.375,9.375,9.375,000,6.386261
1996-08-16,9.00,9.375,9.00,9.375,900,6.386261
1996-08-15,9.00,9.00,9.00,9.00,1000,6.103562
1996-08-14,9.00,9.00,9.00,9.00,400,6.103562
1996-08-13,9.5625,9.5625,9.5625,9.5625,000,6.485035
1996-08-12,9.5625,9.5625,9.5625,9.5625,000,6.485035
1996-08-09,9.625,9.625,9.4375,9.5625,247800,6.485035
1996-08-08,9.00,9.625,9.00,9.625,5900,6.527421
1996-08-07,9.00,9.00,9.00,9.00,600,6.103562
1996-08-06,9.00,9.50,9.00,9.00,18900,6.103562
1996-08-05,9.50,9.50,9.50,9.50,000,6.442649
1996-08-02,9.00,9.50,9.00,9.50,2300,6.442649
1996-08-01,9.00,9.00,9.00,9.00,000,6.103562
1996-07-31,9.00,9.00,9.00,9.00,2300,6.103562
1996-07-30,9.25,9.25,9.25,9.25,000,6.273106
1996-07-29,9.25,9.25,9.25,9.25,000,6.273106
1996-07-26,9.75,9.75,9.25,9.25,700,6.273106
1996-07-25,9.00,9.00,9.00,9.00,3000,6.103562
1996-07-24,9.75,9.75,9.75,9.75,000,6.612193
1996-07-23,9.75,9.75,9.75,9.75,000,6.612193
1996-07-22,9.75,9.75,9.75,9.75,000,6.612193
1996-07-19,9.75,9.75,9.75,9.75,200,6.612193
1996-07-18,9.875,9.875,9.75,9.75,1600,6.612193
1996-07-17,10.00,10.00,10.00,10.00,100,6.781736
1996-07-16,9.50,9.5625,9.50,9.5625,5400,6.485035
1996-07-15,9.50,10.00,9.50,10.00,1000,6.781736
1996-07-12,9.50,9.5625,9.50,9.5625,11300,6.485035
1996-07-11,9.50,9.50,9.50,9.50,100,6.442649
1996-07-10,9.50,9.50,9.50,9.50,000,6.442649
1996-07-09,9.50,9.50,9.50,9.50,000,6.442649
1996-07-08,9.50,9.50,9.50,9.50,500,6.442649
1996-07-05,9.50,9.50,9.50,9.50,1000,6.442649
1996-07-03,9.50,9.625,9.50,9.625,10000,6.527421
1996-07-02,9.5625,9.5625,9.5625,9.5625,50000,6.485035
1996-07-01,9.50,9.50,9.50,9.50,900,6.442649
1996-06-28,9.50,9.50,9.50,9.50,000,6.442649
1996-06-27,9.50,9.50,9.50,9.50,200,6.442649
1996-06-26,9.50,9.50,9.50,9.50,000,6.442649
1996-06-25,9.50,9.50,9.50,9.50,000,6.442649
1996-06-24,9.50,9.50,9.50,9.50,300,6.442649
1996-06-21,10.50,10.50,9.75,9.75,2500,6.612193
1996-06-20,9.50,9.50,9.50,9.50,100,6.442649
1996-06-19,9.625,9.625,9.625,9.625,000,6.527421
1996-06-18,9.625,9.625,9.625,9.625,000,6.527421
1996-06-17,9.625,9.625,9.625,9.625,100,6.527421
1996-06-14,9.50,10.375,9.50,10.375,400,7.036051
1996-06-13,9.50,9.50,9.50,9.50,100,6.442649
1996-06-12,10.25,10.25,10.25,10.25,000,6.951279
1996-06-11,10.25,10.25,10.25,10.25,000,6.951279
1996-06-10,9.625,10.375,9.625,10.25,10200,6.951279
1996-06-07,10.25,10.25,10.25,10.25,100,6.951279
1996-06-06,10.00,10.00,10.00,10.00,000,6.781736
1996-06-05,10.50,10.50,10.00,10.00,2400,6.781736
1996-06-04,10.25,10.25,10.25,10.25,1000,6.951279
1996-06-03,10.25,10.375,10.25,10.375,10000,7.036051
1996-05-31,10.375,10.375,10.375,10.375,700,7.036051
1996-05-30,10.50,10.50,10.00,10.375,5000,7.036051
1996-05-29,10.50,10.50,10.4375,10.50,2500,7.120823
1996-05-28,10.50,10.50,10.25,10.50,7300,7.120823
1996-05-24,10.125,10.50,10.125,10.25,10900,6.951279
1996-05-23,9.75,10.375,9.75,10.375,23700,7.036051
1996-05-22,9.75,10.375,9.75,10.25,3900,6.951279
1996-05-21,9.75,9.75,9.75,9.75,1400,6.612193
1996-05-20,9.75,10.00,9.75,9.75,1400,6.612193
1996-05-17,10.50,10.50,10.50,10.50,5000,7.120823
1996-05-16,9.75,9.75,9.75,9.75,6300,6.612193
1996-05-15,10.00,10.00,10.00,10.00,100,6.781736
1996-05-14,10.50,10.50,10.25,10.25,6700,6.951279
1996-05-13,10.50,10.50,10.50,10.50,000,7.093696
1996-05-10,10.50,10.50,10.50,10.50,000,7.093696
1996-05-09,10.75,10.75,10.25,10.50,12100,7.093696
1996-05-08,10.25,10.25,10.25,10.25,1000,6.924799
1996-05-07,10.75,10.875,10.375,10.50,82100,7.093696
1996-05-06,10.75,10.75,10.75,10.75,27000,7.262594
1996-05-03,10.375,10.50,10.375,10.50,400000,7.093696
1996-05-02,10.8125,10.8125,10.8125,10.8125,000,7.304818
1996-05-01,10.8125,10.8125,10.8125,10.8125,12000,7.304818
1996-04-30,10.75,10.8125,10.75,10.8125,2100,7.304818
1996-04-29,10.75,10.75,10.75,10.75,000,7.262594
1996-04-26,10.75,10.75,10.75,10.75,600,7.262594
1996-04-25,10.75,11.25,10.75,11.25,3200,7.600389
1996-04-24,10.75,10.75,10.75,10.75,3600,7.262594
1996-04-23,11.125,11.125,10.75,10.75,4100,7.262594
1996-04-22,10.75,10.75,10.75,10.75,200,7.262594
1996-04-19,11.00,11.00,11.00,11.00,000,7.431491
1996-04-18,11.00,11.00,11.00,11.00,7000,7.431491
1996-04-17,11.00,11.125,11.00,11.125,12300,7.51594
1996-04-16,10.75,11.00,10.75,10.875,4000,7.347042
1996-04-15,10.75,11.125,10.75,10.75,7000,7.262594
1996-04-12,10.75,10.75,10.75,10.75,600,7.262594
1996-04-11,11.00,11.00,11.00,11.00,5000,7.431491
1996-04-10,11.00,11.00,11.00,11.00,100,7.431491
1996-04-09,10.50,11.125,10.50,10.75,10500,7.262594
1996-04-08,10.75,11.00,10.50,10.50,35100,7.093696
1996-04-04,11.625,11.625,11.625,11.625,1000,7.853735
1996-04-03,11.875,11.875,11.25,11.875,3000,8.022632
1996-04-02,11.375,11.375,11.375,11.375,1000,7.684837
1996-04-01,11.00,11.625,11.00,11.625,26300,7.853735
1996-03-29,11.375,11.375,11.375,11.375,10000,7.684837
1996-03-28,11.375,11.375,11.375,11.375,13300,7.684837
1996-03-27,11.00,11.00,11.00,11.00,1400,7.431491
1996-03-26,11.00,11.25,11.00,11.125,103700,7.51594
1996-03-25,11.25,11.25,11.00,11.00,38700,7.431491
1996-03-22,11.375,11.625,10.75,11.00,5900,7.431491
1996-03-21,11.625,11.625,11.00,11.625,5100,7.853735
1996-03-20,11.125,11.625,10.75,10.75,25500,7.262594
1996-03-19,10.625,10.875,10.625,10.625,16100,7.178145
1996-03-18,11.00,11.00,10.8125,10.8125,4700,7.304818
1996-03-15,10.875,11.00,10.625,10.75,12700,7.262594
1996-03-14,10.8125,11.00,10.625,10.625,9100,7.178145
1996-03-13,10.625,11.00,10.625,10.625,142300,7.178145
1996-03-12,10.625,10.875,10.625,10.75,16800,7.262594
1996-03-11,11.00,11.00,10.75,10.75,20900,7.262594
1996-03-08,11.00,11.125,10.75,11.125,51800,7.51594
1996-03-07,10.875,11.00,10.75,10.75,20000,7.262594
1996-03-06,10.625,11.00,10.625,10.75,64800,7.262594
1996-03-05,10.625,10.625,10.625,10.625,000,7.178145
1996-03-04,11.125,11.125,10.625,10.625,5100,7.178145
1996-03-01,10.625,11.125,10.625,10.75,2600,7.262594
1996-02-29,10.75,10.75,10.75,10.75,4700,7.262594
1996-02-28,10.625,10.75,10.625,10.625,16700,7.178145
1996-02-27,11.00,11.00,11.00,11.00,600,7.431491
1996-02-26,10.625,10.625,10.625,10.625,000,7.178145
1996-02-23,10.625,10.625,10.625,10.625,1700,7.178145
1996-02-22,10.50,10.75,10.50,10.75,2100,7.262594
1996-02-21,10.625,10.75,10.625,10.75,15000,7.262594
1996-02-20,10.50,10.75,10.50,10.50,22800,7.093696
1996-02-16,10.75,10.75,10.75,10.75,11300,7.262594
1996-02-15,10.50,10.875,10.50,10.75,12600,7.262594
1996-02-14,10.75,10.75,10.625,10.75,12000,7.262594
1996-02-13,10.50,10.625,10.50,10.50,5000,7.093696
1996-02-12,10.50,10.50,10.50,10.50,1000,7.066673
1996-02-09,10.875,10.875,10.50,10.75,5900,7.234927
1996-02-08,11.00,11.00,11.00,11.00,3000,7.403181
1996-02-07,10.875,11.00,10.50,10.875,19000,7.319054
1996-02-06,10.50,11.125,10.50,10.50,13200,7.066673
1996-02-05,10.75,11.00,10.50,10.75,117300,7.234927
1996-02-02,10.75,10.75,10.75,10.75,4400,7.234927
1996-02-01,10.75,10.75,10.75,10.75,20000,7.234927
1996-01-31,10.50,10.875,10.50,10.75,11000,7.234927
1996-01-30,10.75,10.75,10.50,10.50,27500,7.066673
1996-01-29,10.50,10.75,10.50,10.75,4600,7.234927
1996-01-26,10.50,10.6875,10.50,10.50,4500,7.066673
1996-01-25,10.00,10.75,10.00,10.375,15200,6.982545
1996-01-24,10.00,10.00,10.00,10.00,1300,6.730164
1996-01-23,10.00,10.00,10.00,10.00,1000,6.730164
1996-01-22,10.75,10.75,10.00,10.00,7600,6.730164
1996-01-19,10.00,10.00,10.00,10.00,1600,6.730164
1996-01-18,10.50,10.50,9.75,9.75,1200,6.56191
1996-01-17,10.125,10.125,9.75,9.75,11400,6.56191
1996-01-16,9.75,10.50,9.75,10.125,2200,6.814291
1996-01-15,10.00,10.25,10.00,10.00,21000,6.730164
1996-01-12,10.375,10.375,10.00,10.00,4200,6.730164
1996-01-11,10.50,10.50,10.50,10.50,600,7.066673
1996-01-10,10.50,10.50,10.50,10.50,100,7.066673
1996-01-09,9.75,9.75,9.75,9.75,100,6.56191
1996-01-08,10.00,10.00,10.00,10.00,2600,6.730164
1996-01-05,10.25,10.25,9.75,10.00,3700,6.730164
1996-01-04,10.50,10.50,9.75,9.75,600,6.56191
1996-01-03,10.50,10.50,10.25,10.25,2900,6.898418
1996-01-02,10.50,10.75,10.50,10.50,6300,7.066673
1995-12-29,10.75,10.75,10.75,10.75,300,7.234927
1995-12-28,10.50,10.75,10.50,10.75,1900,7.234927
1995-12-27,10.50,10.50,10.50,10.50,1000,7.066673
1995-12-26,11.00,11.00,10.75,10.75,7200,7.234927
1995-12-22,11.25,11.25,10.75,11.125,11300,7.487308
1995-12-21,11.00,11.25,10.50,11.00,11600,7.403181
1995-12-20,10.50,10.6875,10.25,10.6875,131200,7.192863
1995-12-19,10.25,11.00,10.25,11.00,2500,7.403181
1995-12-18,11.00,11.00,10.25,11.00,4000,7.403181
1995-12-15,10.25,11.00,10.25,11.00,6300,7.403181
1995-12-14,10.50,10.50,10.50,10.50,1200,7.066673
1995-12-13,10.75,10.75,10.75,10.75,600,7.234927
1995-12-12,10.75,10.75,10.75,10.75,100,7.234927
1995-12-11,10.00,10.75,10.00,10.75,600,7.234927
1995-12-08,10.50,10.50,10.00,10.50,14500,7.066673
1995-12-07,10.50,10.50,9.75,9.75,6900,6.56191
1995-12-06,9.75,10.00,9.75,9.75,14700,6.56191
1995-12-05,9.50,9.75,9.25,9.75,22300,6.56191
1995-12-04,9.25,9.25,9.00,9.00,3100,6.057148
1995-12-01,9.25,9.25,9.25,9.25,1100,6.225402
1995-11-30,9.00,9.25,9.00,9.25,330000,6.225402
1995-11-29,9.00,9.25,9.00,9.25,156300,6.225402
1995-11-28,8.875,9.25,8.875,9.25,31000,6.225402
1995-11-27,9.50,9.50,9.125,9.125,2400,6.141275
1995-11-24,9.25,9.25,9.25,9.25,1100,6.225402
1995-11-22,9.25,9.25,9.25,9.25,700,6.225402
1995-11-21,9.75,9.75,9.75,9.75,300,6.56191
1995-11-20,9.50,9.50,9.50,9.50,1500,6.393656
1995-11-17,9.25,9.50,9.25,9.375,11400,6.309529
1995-11-16,9.25,9.75,9.25,9.25,14900,6.198481
1995-11-15,9.25,9.75,9.25,9.25,1600,6.198481
1995-11-14,9.75,9.75,9.75,9.75,000,6.533534
1995-11-13,9.50,9.75,9.50,9.75,24600,6.533534
1995-11-10,11.00,11.375,8.75,9.50,59400,6.366008
1995-11-09,11.00,11.25,11.00,11.00,14300,7.371167
1995-11-08,11.00,11.25,11.00,11.00,68000,7.371167
1995-11-07,11.125,11.75,11.125,11.125,7500,7.45493
1995-11-06,11.00,11.25,10.75,11.25,17600,7.538693
1995-11-03,10.25,10.75,10.25,10.75,11700,7.20364
1995-11-02,10.25,10.75,10.25,10.25,3700,6.868587
1995-11-01,9.50,11.00,9.50,10.75,52500,7.20364
1995-10-31,9.125,9.75,9.125,9.50,17000,6.366008
1995-10-30,9.125,9.125,9.125,9.125,2000,6.114718
1995-10-27,9.625,9.625,9.125,9.125,1100,6.114718
1995-10-26,9.75,9.75,9.125,9.375,11100,6.282244
1995-10-25,9.00,9.75,9.00,9.25,114800,6.198481
1995-10-24,9.00,9.00,9.00,9.00,2800,6.030954
1995-10-23,9.00,9.75,9.00,9.75,2900,6.533534
1995-10-20,9.25,9.50,8.75,9.50,29600,6.366008
1995-10-19,8.50,8.75,8.00,8.75,26400,5.863428
1995-10-18,8.375,8.50,7.875,8.50,5000,5.695901
1995-10-17,7.5625,8.00,7.5625,8.00,168700,5.360848
1995-10-16,7.50,7.875,7.50,7.875,9900,5.277085
1995-10-13,8.125,8.125,7.75,7.75,10100,5.193322
1995-10-12,7.625,8.125,7.625,8.00,26800,5.360848
1995-10-11,8.00,8.00,7.625,7.8125,16500,5.235204
1995-10-10,7.75,8.00,7.75,8.00,5600,5.360848
1995-10-09,7.875,8.00,7.875,8.00,4000,5.360848
1995-10-06,7.875,7.875,7.875,7.875,1000,5.277085
1995-10-05,7.875,7.875,7.875,7.875,200,5.277085
1995-10-04,7.875,7.875,7.875,7.875,400,5.277085
1995-10-03,8.25,8.25,8.25,8.25,100,5.528375
1995-10-02,7.875,7.875,7.875,7.875,2500,5.277085
1995-09-29,8.00,8.375,7.875,8.00,27800,5.360848
1995-09-28,8.00,8.00,8.00,8.00,8400,5.360848
1995-09-27,8.00,8.25,8.00,8.00,6700,5.360848
1995-09-26,8.50,8.50,8.00,8.00,4900,5.360848
1995-09-25,8.50,8.50,8.00,8.375,19900,5.612138
1995-09-22,8.625,8.625,8.25,8.50,9200,5.695901
1995-09-21,8.875,8.875,8.00,8.625,30200,5.779665
1995-09-20,7.25,8.50,7.00,8.00,321200,5.360848
1995-09-19,7.00,7.00,6.875,6.875,2700,4.606979
1995-09-18,7.125,7.125,7.125,7.125,800,4.774506
1995-09-15,7.25,7.50,7.125,7.125,154200,4.774506
1995-09-14,7.25,7.375,7.125,7.125,15600,4.774506
1995-09-13,7.75,7.75,7.75,7.75,400,5.193322
1995-09-12,7.75,7.75,7.125,7.125,3600,4.774506
1995-09-11,7.125,7.75,7.125,7.75,2200,5.193322
1995-09-08,7.125,7.75,7.125,7.75,1100,5.193322
1995-09-07,7.75,7.75,7.75,7.75,000,5.193322
1995-09-06,7.75,7.75,7.75,7.75,3000,5.193322
1995-09-05,7.125,7.75,7.125,7.75,2000,5.193322
1995-09-01,7.375,7.375,7.375,7.375,000,4.942032
1995-08-31,7.375,7.375,7.375,7.375,3200,4.942032
1995-08-30,7.125,7.125,7.125,7.125,000,4.774506
1995-08-29,7.125,7.375,7.125,7.125,3700,4.774506
1995-08-28,7.125,7.125,7.125,7.125,000,4.774506
1995-08-25,7.125,7.125,7.125,7.125,300,4.774506
1995-08-24,7.125,7.125,7.125,7.125,000,4.774506
1995-08-23,7.125,7.125,7.125,7.125,000,4.774506
1995-08-22,7.75,7.75,7.125,7.125,71300,4.747701
1995-08-21,7.125,7.125,7.125,7.125,600,4.747701
1995-08-18,7.375,7.375,7.375,7.375,000,4.914287
1995-08-17,7.125,7.375,7.125,7.375,177600,4.914287
1995-08-16,7.125,7.15625,7.125,7.125,40100,4.747701
1995-08-15,7.125,7.125,7.125,7.125,300,4.747701
1995-08-14,7.125,7.125,7.125,7.125,800,4.747701
1995-08-11,7.29688,7.29688,7.29688,7.29688,000,4.862232
1995-08-10,7.29688,7.29688,7.29688,7.29688,8000,4.862232
1995-08-09,7.125,7.125,7.125,7.125,100,4.747701
1995-08-08,7.125,7.125,7.125,7.125,000,4.747701
1995-08-07,7.125,7.125,7.125,7.125,000,4.747701
1995-08-04,7.125,7.125,7.125,7.125,000,4.747701
1995-08-03,7.125,7.125,7.125,7.125,100,4.747701
1995-08-02,7.375,7.375,7.375,7.375,3000,4.914287
1995-08-01,7.125,7.125,7.125,7.125,1300,4.747701
1995-07-31,7.125,7.1875,7.125,7.125,20600,4.747701
1995-07-28,7.00,7.00,7.00,7.00,4000,4.664408
1995-07-27,7.00,7.25,7.00,7.25,4200,4.830994
1995-07-26,7.50,7.50,7.50,7.50,400,4.99758
1995-07-25,7.00,7.00,7.00,7.00,500,4.664408
1995-07-24,7.00,7.00,7.00,7.00,200,4.664408
1995-07-21,7.75,7.75,7.00,7.00,300,4.664408
1995-07-20,7.75,7.75,7.75,7.75,200,5.164166
1995-07-19,7.625,7.625,7.625,7.625,000,5.080873
1995-07-18,7.50,7.75,7.50,7.625,19900,5.080873
1995-07-17,7.50,7.75,7.50,7.625,85200,5.080873
1995-07-14,7.75,7.75,7.50,7.50,23800,4.99758
1995-07-13,7.625,7.75,7.50,7.625,115200,5.080873
1995-07-12,7.25,7.25,7.25,7.25,400,4.830994
1995-07-11,7.50,7.50,7.50,7.50,000,4.99758
1995-07-10,7.50,7.50,7.50,7.50,000,4.99758
1995-07-07,7.50,7.50,7.50,7.50,1600,4.99758
1995-07-06,7.50,7.50,7.50,7.50,000,4.99758
1995-07-05,7.25,7.50,7.25,7.50,5100,4.99758
1995-07-03,7.25,7.25,7.25,7.25,000,4.830994
1995-06-30,7.25,7.75,7.25,7.25,17600,4.830994
1995-06-29,7.25,7.25,7.25,7.25,800,4.830994
1995-06-28,7.50,7.50,7.25,7.25,400,4.830994
1995-06-27,7.25,7.25,7.25,7.25,1800,4.830994
1995-06-26,7.25,7.25,7.25,7.25,300,4.830994
1995-06-23,7.25,7.25,7.25,7.25,2500,4.830994
1995-06-22,7.75,7.75,7.50,7.50,400,4.99758
1995-06-21,7.75,7.75,7.375,7.375,3000,4.914287
1995-06-20,7.25,7.25,7.25,7.25,200,4.830994
1995-06-19,7.00,7.00,7.00,7.00,100,4.664408
1995-06-16,7.50,7.50,7.25,7.50,4300,4.99758
1995-06-15,7.50,7.875,7.50,7.50,52200,4.99758
1995-06-14,8.00,8.00,7.50,7.50,1300,4.99758
1995-06-13,7.50,7.50,7.50,7.50,300,4.99758
1995-06-12,7.50,7.50,7.50,7.50,900,4.99758
1995-06-09,7.50,8.00,7.50,7.50,1700,4.99758
1995-06-08,8.00,8.00,8.00,8.00,1200,5.330752
1995-06-07,7.75,7.75,7.75,7.75,1500,5.164166
1995-06-06,8.00,8.00,8.00,8.00,1000,5.330752
1995-06-05,7.75,7.75,7.75,7.75,400,5.164166
1995-06-02,7.75,7.75,7.75,7.75,1200,5.164166
1995-06-01,7.875,8.125,7.75,7.875,7500,5.247459
1995-05-31,7.875,7.875,7.625,7.625,1900,5.080873
1995-05-30,7.625,7.625,7.625,7.625,300,5.080873
1995-05-26,7.75,7.75,7.75,7.75,000,5.164166
1995-05-25,7.625,7.75,7.625,7.75,9200,5.164166
1995-05-24,7.625,7.875,7.625,7.875,900,5.247459
1995-05-23,7.625,7.625,7.625,7.625,000,5.080873
1995-05-22,7.625,7.625,7.625,7.625,000,5.080873
1995-05-19,7.625,7.875,7.625,7.625,15500,5.080873
1995-05-18,7.75,7.8125,7.625,7.625,11800,5.080873
1995-05-17,7.875,7.875,7.75,7.75,6300,5.164166
1995-05-16,7.625,7.875,7.625,7.75,4100,5.164166
1995-05-15,7.625,8.00,7.625,7.75,13700,5.164166
1995-05-12,7.625,7.625,7.625,7.625,2100,5.080873
1995-05-11,7.8125,7.8125,7.8125,7.8125,000,5.179159
1995-05-10,7.8125,7.8125,7.8125,7.8125,000,5.179159
1995-05-09,7.625,8.00,7.625,7.8125,8200,5.179159
1995-05-08,7.625,7.8125,7.625,7.8125,2000,5.179159
1995-05-05,7.625,7.625,7.625,7.625,500,5.05486
1995-05-04,8.00,8.00,7.625,7.625,700,5.05486
1995-05-03,8.00,8.00,7.75,7.75,200,5.137726
1995-05-02,8.00,8.00,7.75,7.875,4500,5.220593
1995-05-01,7.625,7.625,7.625,7.625,2300,5.05486
1995-04-28,7.625,8.00,7.625,7.875,1100,5.220593
1995-04-27,7.625,7.625,7.625,7.625,200,5.05486
1995-04-26,7.50,7.50,7.50,7.50,000,4.971993
1995-04-25,7.50,7.50,7.50,7.50,000,4.971993
1995-04-24,7.50,7.50,7.50,7.50,000,4.971993
1995-04-21,7.75,7.75,7.50,7.50,18000,4.971993
1995-04-20,7.75,7.75,7.75,7.75,1500,5.137726
1995-04-19,7.50,7.50,7.50,7.50,3000,4.971993
1995-04-18,8.125,8.125,8.125,8.125,3000,5.386326
1995-04-17,7.50,8.125,7.50,8.125,400,5.386326
1995-04-13,8.00,8.00,7.50,8.00,2300,5.303459
1995-04-12,7.50,7.71875,7.50,7.625,9900,5.05486
1995-04-11,7.25,7.25,7.25,7.25,000,4.80626
1995-04-10,7.25,7.25,7.25,7.25,1700,4.80626
1995-04-07,7.50,7.50,7.50,7.50,100,4.971993
1995-04-06,7.375,7.375,7.125,7.375,6300,4.889126
1995-04-05,7.25,7.25,7.25,7.25,2700,4.80626
1995-04-04,7.25,7.25,7.25,7.25,000,4.80626
1995-04-03,7.75,7.75,7.25,7.25,6900,4.80626
1995-03-31,7.75,7.75,7.75,7.75,000,5.137726
1995-03-30,7.75,7.75,7.75,7.75,000,5.137726
1995-03-29,7.75,7.75,7.75,7.75,000,5.137726
1995-03-28,7.75,7.75,7.50,7.75,7300,5.137726
1995-03-27,7.50,7.75,7.50,7.75,13300,5.137726
1995-03-24,6.875,6.875,6.875,6.875,000,4.55766
1995-03-23,6.875,6.875,6.875,6.875,000,4.55766
1995-03-22,7.50,7.50,6.875,6.875,11000,4.55766
1995-03-21,7.50,7.50,7.50,7.50,400,4.971993
1995-03-20,7.00,7.00,7.00,7.00,900,4.640527
1995-03-17,7.50,7.50,7.25,7.50,2100,4.971993
1995-03-16,7.00,7.00,7.00,7.00,1300,4.640527
1995-03-15,7.00,7.00,7.00,7.00,1200,4.640527
1995-03-14,6.875,6.875,6.875,6.875,1300,4.55766
1995-03-13,6.875,6.875,6.875,6.875,000,4.55766
1995-03-10,7.00,7.00,6.875,6.875,800,4.55766
1995-03-09,6.875,7.25,6.875,7.25,2300,4.80626
1995-03-08,6.75,6.75,6.75,6.75,000,4.474794
1995-03-07,6.75,6.75,6.75,6.75,000,4.474794
1995-03-06,6.75,6.75,6.75,6.75,100,4.474794
1995-03-03,7.00,7.00,7.00,7.00,000,4.640527
1995-03-02,7.00,7.00,7.00,7.00,2000,4.640527
1995-03-01,7.00,7.00,7.00,7.00,000,4.640527
1995-02-28,7.00,7.00,7.00,7.00,1000,4.640527
1995-02-27,7.50,7.50,7.50,7.50,200,4.971993
1995-02-24,7.00,7.50,7.00,7.50,2100,4.971993
1995-02-23,7.00,7.00,7.00,7.00,500,4.640527
1995-02-22,7.50,7.50,7.50,7.50,000,4.971993
1995-02-21,7.50,7.50,7.50,7.50,000,4.971993
1995-02-17,7.50,7.50,7.50,7.50,000,4.971993
1995-02-16,7.50,7.50,7.50,7.50,000,4.971993
1995-02-15,7.50,7.50,7.50,7.50,000,4.971993
1995-02-14,7.125,7.50,7.125,7.50,13500,4.971993
1995-02-13,6.75,6.75,6.75,6.75,000,4.474794
1995-02-10,6.75,6.75,6.75,6.75,000,4.474794
1995-02-09,7.25,7.25,6.75,6.75,900,4.448276
1995-02-08,6.75,6.75,6.75,6.75,000,4.448276
1995-02-07,6.75,6.75,6.75,6.75,500,4.448276
1995-02-06,6.75,6.75,6.75,6.75,200,4.448276
1995-02-03,6.875,6.875,6.875,6.875,000,4.530652
1995-02-02,6.875,6.875,6.875,6.875,000,4.530652
1995-02-01,6.875,6.875,6.75,6.875,8100,4.530652
1995-01-31,6.75,7.25,6.75,6.75,2500,4.448276
1995-01-30,7.00,7.00,6.75,6.875,1300,4.530652
1995-01-27,7.00,7.00,7.00,7.00,3000,4.613027
1995-01-26,7.00,7.25,6.75,7.00,5000,4.613027
1995-01-25,7.00,7.00,7.00,7.00,1000,4.613027
1995-01-24,7.00,7.00,7.00,7.00,12500,4.613027
1995-01-23,7.0625,7.125,7.00,7.00,60000,4.613027
1995-01-20,7.25,7.25,7.25,7.25,700,4.777778
1995-01-19,7.75,7.75,7.75,7.75,500,5.10728
1995-01-18,7.375,7.75,7.375,7.75,22000,5.10728
1995-01-17,7.25,7.25,7.25,7.25,1900,4.777778
1995-01-16,7.25,7.25,7.25,7.25,19900,4.777778
1995-01-13,7.25,7.25,7.25,7.25,000,4.777778
1995-01-12,7.50,7.625,7.25,7.25,19500,4.777778
1995-01-11,7.50,7.625,7.50,7.625,4300,5.024905
1995-01-10,7.75,7.75,7.75,7.75,000,5.10728
1995-01-09,8.125,8.125,7.75,7.75,11900,5.10728
1995-01-06,7.75,8.125,7.75,8.125,6400,5.354407
1995-01-05,8.375,8.375,8.375,8.375,000,5.519158
1995-01-04,7.75,8.50,7.75,8.375,1900,5.519158
1995-01-03,7.75,8.50,7.75,8.00,4100,5.272031
1994-12-30,8.00,8.00,7.75,7.75,8100,5.10728
1994-12-29,7.75,7.75,7.75,7.75,000,5.10728
1994-12-28,7.75,7.75,7.375,7.75,3800,5.10728
1994-12-27,7.25,7.25,7.25,7.25,300,4.777778
1994-12-23,8.00,8.00,8.00,8.00,200,5.272031
1994-12-22,8.00,8.00,8.00,8.00,2600,5.272031
1994-12-21,8.00,8.00,8.00,8.00,200,5.272031
1994-12-20,8.00,8.00,8.00,8.00,400,5.272031
1994-12-19,7.25,8.00,7.25,8.00,2400,5.272031
1994-12-16,7.25,7.625,7.25,7.625,400,5.024905
1994-12-15,7.3125,7.3125,7.3125,7.3125,000,4.818966
1994-12-14,7.00,7.3125,7.00,7.3125,7900,4.818966
1994-12-13,6.625,7.00,6.625,7.00,600,4.613027
1994-12-12,7.00,7.00,7.00,7.00,500,4.613027
1994-12-09,6.625,6.75,6.625,6.75,5800,4.448276
1994-12-08,7.00,7.00,7.00,7.00,000,4.613027
1994-12-07,6.625,7.00,6.625,7.00,2400,4.613027
1994-12-06,6.625,6.625,6.625,6.625,000,4.365901
1994-12-05,6.625,6.625,6.625,6.625,100,4.365901
1994-12-02,6.625,6.625,6.625,6.625,500,4.365901
1994-12-01,7.00,7.00,6.625,6.625,32700,4.365901
1994-11-30,6.50,7.00,6.50,7.00,3400,4.613027
1994-11-29,6.75,6.75,6.25,6.25,3400,4.118774
1994-11-28,7.00,7.125,6.75,6.75,4800,4.448276
1994-11-25,7.25,7.25,7.25,7.25,000,4.777778
1994-11-23,7.25,7.25,7.25,7.25,500,4.777778
1994-11-22,7.25,7.25,7.25,7.25,2000,4.777778
1994-11-21,7.25,7.25,7.25,7.25,2000,4.777778
1994-11-18,7.25,7.25,7.25,7.25,1500,4.777778
1994-11-17,7.375,7.375,7.25,7.25,1400,4.777778
1994-11-16,7.25,7.25,7.25,7.25,1000,4.777778
1994-11-15,7.25,7.25,7.25,7.25,1200,4.751418
1994-11-14,7.25,7.50,7.25,7.25,5000,4.751418
1994-11-11,7.25,7.375,7.25,7.25,245500,4.751418
1994-11-10,7.25,7.25,7.25,7.25,300,4.751418
1994-11-09,7.25,7.25,7.25,7.25,1000,4.751418
1994-11-08,7.375,7.375,7.25,7.25,39100,4.751418
1994-11-07,7.25,7.25,7.25,7.25,100,4.751418
1994-11-04,7.25,7.25,7.25,7.25,700,4.751418
1994-11-03,7.75,8.00,7.375,8.00,3100,5.242944
1994-11-02,7.00,7.25,7.00,7.25,7400,4.751418
1994-11-01,7.5625,7.75,7.25,7.75,125600,5.079102
1994-10-31,7.75,8.00,7.75,7.75,2900,5.079102
1994-10-28,8.25,8.25,7.75,7.75,10900,5.079102
1994-10-27,9.00,9.00,7.75,8.00,14300,5.242944
1994-10-26,7.75,9.00,7.25,8.50,40900,5.570628
1994-10-25,7.125,7.625,7.00,7.50,166900,4.91526
1994-10-24,7.00,7.50,7.00,7.00,45200,4.587576
1994-10-21,6.25,6.75,6.125,6.75,10900,4.423734
1994-10-20,6.00,6.25,5.75,6.25,29900,4.09605
1994-10-19,5.625,6.00,5.50,6.00,6200,3.932208
1994-10-18,5.25,5.625,5.25,5.625,2100,3.686445
1994-10-17,5.625,5.625,5.625,5.625,000,3.686445
1994-10-14,5.625,5.625,5.625,5.625,200,3.686445
1994-10-13,5.25,5.25,5.25,5.25,400,3.440682
1994-10-12,5.25,5.25,5.25,5.25,200,3.440682
1994-10-11,5.25,5.50,5.1875,5.50,18900,3.604524
1994-10-10,5.1875,5.1875,5.1875,5.1875,3900,3.399722
1994-10-07,4.875,5.50,4.75,5.375,23700,3.522603
1994-10-06,4.625,4.625,4.625,4.625,500,3.031077
1994-10-05,5.125,5.125,4.75,4.75,2700,3.112998
1994-10-04,5.125,5.125,4.625,4.625,200,3.031077
1994-10-03,5.125,5.125,5.00,5.00,5000,3.27684
1994-09-30,5.125,5.125,5.125,5.125,100,3.358761
1994-09-29,4.625,4.625,4.625,4.625,000,3.031077
1994-09-28,4.625,4.625,4.625,4.625,1700,3.031077
1994-09-27,4.625,5.125,4.625,4.75,2100,3.112998
1994-09-26,4.625,4.625,4.625,4.625,200,3.031077
1994-09-23,4.625,4.625,4.625,4.625,300,3.031077
1994-09-22,5.00,5.00,5.00,5.00,000,3.27684
1994-09-21,5.00,5.00,5.00,5.00,000,3.27684
1994-09-20,4.875,5.00,4.875,5.00,5100,3.27684
1994-09-19,4.875,4.875,4.875,4.875,1800,3.194919
1994-09-16,5.25,5.25,4.875,5.25,8100,3.440682
1994-09-15,4.625,5.25,4.625,4.75,7700,3.112998
1994-09-14,4.50,4.875,4.50,4.875,300,3.194919
1994-09-13,4.625,4.625,4.50,4.50,3600,2.949156
1994-09-12,5.25,5.25,4.625,4.625,7700,3.031077
1994-09-09,4.625,4.625,4.625,4.625,200,3.031077
1994-09-08,4.50,4.50,4.50,4.50,000,2.949156
1994-09-07,4.50,4.50,4.50,4.50,000,2.949156
1994-09-06,4.50,4.50,4.50,4.50,000,2.949156
1994-09-02,4.50,4.50,4.50,4.50,1000,2.949156
1994-09-01,5.00,5.00,4.625,4.625,31000,3.031077
1994-08-31,5.25,5.25,4.5625,5.00,468000,3.27684
1994-08-30,4.50,4.50,4.50,4.50,500,2.949156
1994-08-29,4.75,4.75,4.75,4.75,000,3.112998
1994-08-26,5.25,5.25,4.50,4.75,2500,3.112998
1994-08-25,5.25,5.25,5.25,5.25,000,3.440682
1994-08-24,5.25,5.25,5.25,5.25,200,3.440682
1994-08-23,4.625,4.625,4.625,4.625,000,3.031077
1994-08-22,4.625,4.625,4.625,4.625,000,3.031077
1994-08-19,4.625,4.625,4.625,4.625,000,3.031077
1994-08-18,5.00,5.00,4.625,4.625,1500,3.031077
1994-08-17,4.875,4.875,4.875,4.875,000,3.168704
1994-08-16,4.875,4.875,4.875,4.875,000,3.168704
1994-08-15,4.875,4.875,4.875,4.875,000,3.168704
1994-08-12,4.875,4.875,4.875,4.875,000,3.168704
1994-08-11,4.875,4.875,4.875,4.875,000,3.168704
1994-08-10,4.875,4.875,4.875,4.875,000,3.168704
1994-08-09,4.875,4.875,4.875,4.875,1000,3.168704
1994-08-08,4.75,4.75,4.75,4.75,000,3.087455
1994-08-05,4.75,4.75,4.75,4.75,000,3.087455
1994-08-04,4.75,4.75,4.75,4.75,000,3.087455
1994-08-03,4.75,4.75,4.75,4.75,1000,3.087455
1994-08-02,5.50,5.50,5.50,5.50,400,3.574948
1994-08-01,5.00,5.50,5.00,5.50,1400,3.574948
1994-07-29,5.375,5.375,4.50,4.50,1400,2.924958
1994-07-28,5.375,5.375,4.50,4.50,800,2.924958
1994-07-27,4.50,4.875,4.50,4.875,1800,3.168704
1994-07-26,4.50,4.50,4.25,4.50,4600,2.924958
1994-07-25,4.50,4.50,4.375,4.50,5600,2.924958
1994-07-22,4.50,4.50,4.125,4.50,14600,2.924958
1994-07-21,4.50,4.50,4.50,4.50,1200,2.924958
1994-07-20,4.50,4.50,4.50,4.50,200,2.924958
1994-07-19,4.00,4.50,4.00,4.50,6300,2.924958
1994-07-18,4.00,4.50,4.00,4.375,6300,2.843709
1994-07-15,4.25,4.25,4.25,4.25,000,2.76246
1994-07-14,4.25,4.25,4.25,4.25,21500,2.76246
1994-07-13,4.50,4.50,3.75,3.75,300,2.437465
1994-07-12,4.00,4.25,3.75,3.75,38400,2.437465
1994-07-11,4.50,4.50,3.75,4.125,13000,2.681211
1994-07-08,4.00,4.00,4.00,4.00,200,2.599962
1994-07-07,4.25,4.25,4.00,4.125,7400,2.681211
1994-07-06,4.25,4.25,4.00,4.00,5200,2.599962
1994-07-05,4.25,4.25,4.25,4.25,500,2.76246
1994-07-01,4.00,4.50,4.00,4.375,4600,2.843709
1994-06-30,4.75,4.75,4.25,4.50,22000,2.924958
1994-06-29,4.50,4.75,4.00,4.125,9600,2.681211
1994-06-28,4.50,5.00,4.50,4.50,11000,2.924958
1994-06-27,4.75,4.75,4.75,4.75,000,3.087455
1994-06-24,4.75,4.75,4.75,4.75,000,3.087455
1994-06-23,4.75,4.75,4.75,4.75,000,3.087455
1994-06-22,4.75,4.75,4.75,4.75,100,3.087455
1994-06-21,5.00,5.00,5.00,5.00,1000,3.249953
1994-06-20,5.00,5.00,5.00,5.00,500,3.249953
1994-06-17,5.00,5.00,4.875,5.00,5900,3.249953
1994-06-16,4.75,4.875,4.75,4.875,1900,3.168704
1994-06-15,4.75,5.00,4.75,4.875,2000,3.168704
1994-06-14,4.75,4.75,4.75,4.75,1100,3.087455
1994-06-13,5.00,5.00,5.00,5.00,400,3.249953
1994-06-10,4.75,4.875,4.75,4.75,5200,3.087455
1994-06-09,5.00,5.00,4.75,4.875,8300,3.168704
1994-06-08,5.00,5.00,5.00,5.00,600,3.249953
1994-06-07,4.875,5.00,4.875,5.00,4900,3.249953
1994-06-06,5.00,5.00,4.75,5.00,11000,3.249953
1994-06-03,5.00,5.00,5.00,5.00,600,3.249953
1994-06-02,5.00,5.00,5.00,5.00,300,3.249953
1994-06-01,4.75,4.75,4.75,4.75,000,3.087455
1994-05-31,4.75,4.75,4.75,4.75,900,3.087455
1994-05-27,4.75,4.75,4.75,4.75,000,3.087455
1994-05-26,4.75,4.75,4.75,4.75,500,3.087455
1994-05-25,4.75,4.75,4.75,4.75,000,3.087455
1994-05-24,4.75,4.75,4.75,4.75,400,3.087455
1994-05-23,5.00,5.00,5.00,5.00,3100,3.249953
1994-05-20,5.00,5.00,5.00,5.00,2200,3.249953
1994-05-19,5.25,5.25,4.75,4.75,900,3.087455
1994-05-18,5.25,5.25,5.25,5.25,000,3.386451
1994-05-17,5.50,5.53125,4.53125,5.25,253400,3.386451
1994-05-16,5.25,5.25,5.25,5.25,000,3.386451
1994-05-13,5.25,5.25,5.25,5.25,000,3.386451
1994-05-12,5.25,5.25,5.25,5.25,000,3.386451
1994-05-11,5.25,5.25,5.25,5.25,000,3.386451
1994-05-10,5.375,5.375,5.25,5.25,69500,3.386451
1994-05-09,5.25,5.25,5.25,5.25,000,3.386451
1994-05-06,5.25,5.25,5.25,5.25,000,3.386451
1994-05-05,5.375,5.375,5.00,5.25,28100,3.386451
1994-05-04,5.375,5.375,5.375,5.375,2500,3.467081
1994-05-03,5.00,5.125,5.00,5.125,3900,3.305821
1994-05-02,5.00,5.00,5.00,5.00,1500,3.225192
1994-04-29,5.00,5.00,5.00,5.00,000,3.225192
1994-04-28,5.00,5.00,5.00,5.00,000,3.225192
1994-04-26,5.00,5.00,5.00,5.00,000,3.225192
1994-04-25,5.00,5.00,5.00,5.00,400,3.225192
1994-04-22,5.25,5.25,5.25,5.25,000,3.386451
1994-04-21,5.125,5.375,5.00,5.25,11500,3.386451
1994-04-20,5.00,5.00,5.00,5.00,000,3.225192
1994-04-19,5.00,5.00,5.00,5.00,1200,3.225192
1994-04-18,5.00,5.00,5.00,5.00,200,3.225192
1994-04-15,5.00,5.125,5.00,5.00,10000,3.225192
1994-04-14,5.125,5.125,5.125,5.125,4800,3.305821
1994-04-13,5.25,5.25,5.25,5.25,4100,3.386451
1994-04-12,5.25,5.25,5.25,5.25,100,3.386451
1994-04-11,5.3125,5.3125,5.3125,5.3125,3000,3.426766
1994-04-08,5.50,5.50,5.50,5.50,000,3.547711
1994-04-07,5.25,5.50,5.25,5.50,1100,3.547711
1994-04-06,5.75,5.75,5.375,5.375,2900,3.467081
1994-04-05,5.25,5.25,5.25,5.25,3100,3.386451
1994-04-04,5.25,5.75,5.25,5.375,2200,3.467081
1994-03-31,6.00,6.00,5.25,6.00,4000,3.87023
1994-03-30,5.25,5.25,5.25,5.25,000,3.386451
1994-03-29,5.25,5.25,5.25,5.25,000,3.386451
1994-03-28,5.25,5.25,5.25,5.25,000,3.386451
1994-03-25,5.25,5.25,5.25,5.25,800,3.386451
1994-03-24,5.75,6.125,5.75,5.75,4300,3.70897
1994-03-23,6.25,6.25,5.75,6.00,1200,3.87023
1994-03-22,6.00,6.00,5.875,5.875,3600,3.7896
1994-03-21,6.375,6.375,6.00,6.00,7400,3.87023
1994-03-18,6.00,6.50,6.00,6.50,6500,4.192749
1994-03-17,6.00,6.00,6.00,6.00,900,3.87023
1994-03-16,6.50,6.50,6.00,6.50,6700,4.192749
1994-03-15,6.50,6.50,6.50,6.50,400,4.192749
1994-03-14,6.00,6.00,6.00,6.00,600,3.87023
1994-03-11,6.00,6.00,6.00,6.00,000,3.87023
1994-03-10,6.00,6.00,6.00,6.00,100,3.87023
1994-03-09,6.50,6.50,6.00,6.00,1700,3.87023
1994-03-08,6.00,6.50,6.00,6.125,3100,3.95086
1994-03-07,6.00,6.00,6.00,6.00,100,3.87023
1994-03-04,6.00,6.00,6.00,6.00,3000,3.87023
1994-03-03,6.25,6.25,6.25,6.25,000,4.031489
1994-03-02,6.25,6.25,6.25,6.25,000,4.031489
1994-03-01,6.25,6.25,6.25,6.25,000,4.031489
1994-02-28,6.50,6.50,6.25,6.25,400,4.031489
1994-02-25,6.25,6.25,6.25,6.25,000,4.031489
1994-02-24,6.25,6.25,6.25,6.25,000,4.031489
1994-02-23,6.25,6.25,6.25,6.25,3000,4.031489
1994-02-22,6.25,6.25,6.25,6.25,300,4.031489
1994-02-18,6.50,6.50,6.25,6.50,900,4.192749
1994-02-17,6.50,6.50,6.50,6.50,000,4.192749
1994-02-16,6.50,6.50,6.50,6.50,1300,4.192749
1994-02-15,6.50,6.50,6.50,6.50,400,4.192749
1994-02-14,6.25,6.25,6.25,6.25,196100,4.031489
1994-02-11,6.375,6.50,6.375,6.50,4000,4.192749
1994-02-10,6.375,6.375,6.25,6.25,1200,4.005688
1994-02-09,6.25,6.25,6.25,6.25,1200,4.005688
1994-02-08,6.50,6.50,6.50,6.50,900,4.165916
1994-02-07,6.50,6.50,6.50,6.50,000,4.165916
1994-02-04,6.50,6.50,6.50,6.50,000,4.165916
1994-02-03,6.50,6.50,6.50,6.50,000,4.165916
1994-02-02,6.50,6.50,6.50,6.50,3700,4.165916
1994-02-01,6.375,6.375,6.375,6.375,000,4.085802
1994-01-31,6.50,6.50,6.25,6.375,10900,4.085802
1994-01-28,6.50,6.50,6.50,6.50,600,4.165916
1994-01-27,6.50,6.50,6.25,6.25,105200,4.005688
1994-01-26,6.00,6.50,6.00,6.50,2200,4.165916
1994-01-25,6.00,6.00,6.00,6.00,1000,3.845461
1994-01-24,6.50,6.50,6.00,6.125,22000,3.925574
1994-01-21,6.50,6.50,6.00,6.00,13900,3.845461
1994-01-20,6.50,6.50,6.00,6.00,1400,3.845461
1994-01-19,5.75,5.75,5.75,5.75,000,3.685233
1994-01-18,5.75,5.75,5.75,5.75,000,3.685233
1994-01-17,5.75,5.75,5.75,5.75,000,3.685233
1994-01-14,5.875,6.50,5.75,5.75,69800,3.685233
1994-01-13,6.50,6.50,6.50,6.50,500,4.165916
1994-01-12,5.75,6.00,5.75,6.00,3700,3.845461
1994-01-11,6.50,6.50,5.75,6.125,1000,3.925574
1994-01-10,6.00,6.00,6.00,6.00,4300,3.845461
1994-01-07,6.50,6.50,6.375,6.375,800,4.085802
1994-01-06,6.25,6.25,6.125,6.125,5000,3.925574
1994-01-05,6.375,6.375,6.375,6.375,000,4.085802
1994-01-04,6.25,6.375,6.25,6.375,800,4.085802
1994-01-03,6.375,6.375,6.375,6.375,000,4.085802
1993-12-31,6.25,6.375,6.25,6.375,4000,4.085802
1993-12-30,6.00,6.00,6.00,6.00,100,3.845461
1993-12-29,6.00,6.75,6.00,6.375,143000,4.085802
1993-12-28,6.00,6.00,6.00,6.00,5700,3.845461
1993-12-27,6.00,6.00,6.00,6.00,200,3.845461
1993-12-23,6.00,6.00,6.00,6.00,000,3.845461
1993-12-22,6.00,6.00,6.00,6.00,1600,3.845461
1993-12-21,6.00,6.00,6.00,6.00,000,3.845461
1993-12-20,6.00,6.00,6.00,6.00,300,3.845461
1993-12-17,6.00,6.00,6.00,6.00,000,3.845461
1993-12-16,6.75,6.75,6.00,6.00,42900,3.845461
1993-12-15,6.125,6.125,6.125,6.125,1500,3.925574
1993-12-14,6.00,6.00,6.00,6.00,1300,3.845461
1993-12-13,6.25,6.25,6.00,6.00,1000,3.845461
1993-12-10,6.00,6.00,6.00,6.00,000,3.845461
1993-12-09,6.00,6.00,6.00,6.00,200,3.845461
1993-12-08,6.00,6.50,6.00,6.50,2100,4.165916
1993-12-07,6.00,6.00,6.00,6.00,000,3.845461
1993-12-06,6.00,6.00,6.00,6.00,300,3.845461
1993-12-03,6.75,6.75,6.75,6.75,000,4.326143
1993-12-02,6.00,6.75,6.00,6.75,600,4.326143
1993-12-01,6.50,6.50,6.50,6.50,1800,4.165916
1993-11-30,6.75,6.75,6.75,6.75,400,4.326143
1993-11-29,6.00,6.00,6.00,6.00,000,3.845461
1993-11-26,6.00,6.00,6.00,6.00,000,3.845461
1993-11-24,6.00,6.00,6.00,6.00,000,3.845461
1993-11-23,6.00,6.00,6.00,6.00,500,3.845461
1993-11-22,6.125,6.75,6.125,6.75,1600,4.326143
1993-11-19,6.25,6.25,6.25,6.25,600,4.005688
1993-11-18,6.00,6.00,6.00,6.00,000,3.845461
1993-11-17,6.00,6.00,6.00,6.00,000,3.845461
1993-11-16,6.00,6.00,6.00,6.00,200,3.845461
1993-11-15,6.00,6.00,6.00,6.00,900,3.819824
1993-11-12,6.00,6.375,6.00,6.375,1200,4.058563
1993-11-11,6.75,6.75,6.75,6.75,400,4.297302
1993-11-10,6.50,6.75,6.50,6.75,2400,4.297302
1993-11-09,6.75,6.75,6.75,6.75,000,4.297302
1993-11-08,6.75,6.75,6.75,6.75,000,4.297302
1993-11-05,6.75,6.75,6.75,6.75,000,4.297302
1993-11-04,6.75,6.75,6.75,6.75,2100,4.297302
1993-11-03,6.75,6.75,6.00,6.625,2700,4.217722
1993-11-02,6.25,6.25,6.25,6.25,7800,3.978983
1993-11-01,6.75,6.75,6.75,6.75,1000,4.297302
1993-10-29,6.75,6.75,6.75,6.75,1300,4.297302
1993-10-28,6.00,6.75,6.00,6.75,1800,4.297302
1993-10-27,6.00,6.00,6.00,6.00,300,3.819824
1993-10-26,6.00,6.25,6.00,6.25,6000,3.978983
1993-10-25,6.50,6.75,6.00,6.00,4700,3.819824
1993-10-22,6.00,6.00,6.00,6.00,000,3.819824
1993-10-21,6.25,6.25,6.00,6.00,1600,3.819824
1993-10-20,5.50,5.50,5.50,5.50,000,3.501505
1993-10-19,6.25,6.25,5.50,5.50,600,3.501505
1993-10-18,5.50,6.00,5.50,6.00,8600,3.819824
1993-10-15,6.00,6.00,6.00,6.00,3800,3.819824
1993-10-14,5.50,5.50,5.50,5.50,100,3.501505
1993-10-13,5.50,5.50,5.50,5.50,000,3.501505
1993-10-12,5.50,5.50,5.50,5.50,400,3.501505
1993-10-11,5.75,5.75,5.75,5.75,000,3.660665
1993-10-08,5.75,5.75,5.75,5.75,000,3.660665
1993-10-07,5.50,5.75,5.50,5.75,6300,3.660665
1993-10-06,5.75,5.75,5.75,5.75,7900,3.660665
1993-10-05,6.00,6.00,6.00,6.00,000,3.819824
1993-10-04,6.00,6.00,6.00,6.00,100,3.819824
1993-10-01,5.50,5.50,5.50,5.50,000,3.501505
1993-09-30,5.50,5.50,5.50,5.50,3000,3.501505
1993-09-29,5.50,5.75,5.50,5.75,800,3.660665
1993-09-28,5.50,5.50,5.50,5.50,000,3.501505
1993-09-27,5.50,5.50,5.50,5.50,000,3.501505
1993-09-24,5.50,5.50,5.50,5.50,3000,3.501505
1993-09-23,6.75,6.75,5.50,5.625,124600,3.581085
1993-09-22,6.75,6.75,6.75,6.75,000,4.297302
1993-09-21,6.75,6.75,6.75,6.75,000,4.297302
1993-09-20,6.75,6.75,6.75,6.75,000,4.297302
1993-09-17,6.75,6.75,6.75,6.75,300,4.297302
1993-09-16,6.75,6.75,6.25,6.50,3700,4.138143
1993-09-15,6.75,6.75,6.75,6.75,400,4.297302
1993-09-14,6.125,6.125,6.125,6.125,500,3.899404
1993-09-13,6.125,6.125,6.00,6.00,2400,3.819824
1993-09-10,6.00,6.00,6.00,6.00,400,3.819824
1993-09-09,6.75,6.75,6.75,6.75,000,4.297302
1993-09-08,6.75,6.75,6.75,6.75,000,4.297302
1993-09-07,6.75,6.75,6.75,6.75,000,4.297302
1993-09-03,6.75,6.75,6.75,6.75,2300,4.297302
1993-09-02,6.00,6.125,6.00,6.125,4000,3.899404
1993-09-01,6.00,6.00,6.00,6.00,300,3.819824
1993-08-31,6.75,6.75,6.75,6.75,100,4.297302
1993-08-30,6.00,6.00,6.00,6.00,000,3.819824
1993-08-27,6.00,6.00,6.00,6.00,000,3.819824
1993-08-26,6.00,6.00,6.00,6.00,000,3.819824
1993-08-25,6.00,6.00,6.00,6.00,000,3.819824
1993-08-24,6.00,6.00,6.00,6.00,500,3.819824
1993-08-23,6.375,6.375,6.375,6.375,000,4.058563
1993-08-20,6.75,6.75,6.375,6.375,600,4.058563
1993-08-19,6.00,6.00,6.00,6.00,1600,3.819824
1993-08-18,6.00,6.00,6.00,6.00,000,3.794359
1993-08-17,6.00,6.00,6.00,6.00,000,3.794359
1993-08-16,6.00,6.00,6.00,6.00,000,3.794359
1993-08-13,6.00,6.00,6.00,6.00,000,3.794359
1993-08-12,6.00,6.00,6.00,6.00,000,3.794359
1993-08-11,6.00,6.00,6.00,6.00,000,3.794359
1993-08-10,6.00,6.00,6.00,6.00,000,3.794359
1993-08-09,6.00,6.00,6.00,6.00,000,3.794359
1993-08-06,6.00,6.00,6.00,6.00,200,3.794359
1993-08-05,6.00,6.00,6.00,6.00,300,3.794359
1993-08-04,6.00,6.00,6.00,6.00,1300,3.794359
1993-08-03,6.00,6.00,6.00,6.00,000,3.794359
1993-08-02,6.00,6.00,6.00,6.00,10000,3.794359
1993-07-30,6.00,6.00,6.00,6.00,800,3.794359
1993-07-29,6.00,6.00,6.00,6.00,100,3.794359
1993-07-28,6.00,6.00,6.00,6.00,000,3.794359
1993-07-27,6.00,6.00,6.00,6.00,000,3.794359
1993-07-26,6.00,6.00,6.00,6.00,400,3.794359
1993-07-23,6.00,6.00,6.00,6.00,2800,3.794359
1993-07-22,6.75,6.75,6.75,6.75,000,4.268654
1993-07-21,6.75,6.75,6.75,6.75,1200,4.268654
1993-07-20,6.00,6.00,6.00,6.00,000,3.794359
1993-07-19,6.00,6.00,6.00,6.00,700,3.794359
1993-07-16,6.00,6.00,6.00,6.00,000,3.794359
1993-07-15,6.00,6.00,6.00,6.00,100,3.794359
1993-07-14,6.25,6.25,6.25,6.25,000,3.952457
1993-07-13,6.25,6.25,6.25,6.25,000,3.952457
1993-07-12,6.25,6.25,6.25,6.25,000,3.952457
1993-07-09,6.00,7.00,6.00,6.25,2700,3.952457
1993-07-08,6.00,6.00,6.00,6.00,500,3.794359
1993-07-07,6.125,6.125,6.00,6.00,8100,3.794359
1993-07-06,6.375,6.375,6.25,6.25,28000,3.952457
1993-07-02,6.50,6.50,6.00,6.00,6500,3.794359
1993-07-01,7.00,7.00,7.00,7.00,000,4.426752
1993-06-30,7.00,7.00,7.00,7.00,000,4.426752
1993-06-29,7.00,7.00,7.00,7.00,000,4.426752
1993-06-28,7.00,7.00,7.00,7.00,000,4.426752
1993-06-25,7.25,7.25,7.00,7.00,600,4.426752
1993-06-24,7.25,7.25,7.25,7.25,1800,4.58485
1993-06-23,6.50,6.50,6.50,6.50,5200,4.110555
1993-06-22,6.50,6.50,6.50,6.50,100,4.110555
1993-06-21,6.50,6.50,6.50,6.50,200,4.110555
1993-06-18,6.75,6.75,6.75,6.75,5500,4.268654
1993-06-17,6.75,6.75,6.75,6.75,000,4.268654
1993-06-16,7.00,7.50,6.75,6.75,6300,4.268654
1993-06-15,7.375,7.75,7.25,7.25,10000,4.58485
1993-06-14,7.50,7.50,7.50,7.50,000,4.742948
1993-06-11,7.50,7.50,7.50,7.50,000,4.742948
1993-06-10,7.50,7.50,7.50,7.50,1500,4.742948
1993-06-09,7.50,7.50,7.50,7.50,000,4.742948
1993-06-08,7.50,7.50,7.50,7.50,000,4.742948
1993-06-07,7.50,7.50,7.50,7.50,200,4.742948
1993-06-04,7.50,7.50,7.50,7.50,1000,4.742948
1993-06-03,7.50,7.50,7.50,7.50,000,4.742948
1993-06-02,7.50,7.50,7.50,7.50,000,4.742948
1993-06-01,7.50,7.50,7.50,7.50,300,4.742948
1993-05-28,7.50,7.50,7.50,7.50,900,4.742948
1993-05-27,7.50,7.50,7.50,7.50,700,4.742948
1993-05-26,7.50,7.50,7.50,7.50,000,4.742948
1993-05-25,7.50,7.50,7.50,7.50,000,4.742948
1993-05-24,7.50,7.50,7.50,7.50,3000,4.742948
1993-05-21,7.50,7.50,7.50,7.50,2900,4.742948
1993-05-20,8.25,8.25,8.25,8.25,100,5.217243
1993-05-19,7.875,7.875,7.875,7.875,000,4.980096
1993-05-18,7.875,7.875,7.875,7.875,1800,4.9548
1993-05-17,7.50,7.50,7.50,7.50,300,4.718857
1993-05-14,7.50,7.50,7.50,7.50,000,4.718857
1993-05-13,7.50,7.75,7.50,7.50,4300,4.718857
1993-05-12,7.50,7.50,7.50,7.50,2000,4.718857
1993-05-11,7.625,7.625,7.625,7.625,000,4.797505
1993-05-10,7.625,7.625,7.625,7.625,000,4.797505
1993-05-07,7.625,7.625,7.625,7.625,000,4.797505
1993-05-06,7.50,7.625,7.50,7.625,2100,4.797505
1993-05-05,7.50,7.50,7.50,7.50,2500,4.718857
1993-05-04,8.50,8.50,8.50,8.50,4300,5.348038
1993-05-03,8.25,8.25,8.00,8.125,9400,5.112095
1993-04-30,7.50,8.00,7.50,8.00,10500,5.033448
1993-04-29,7.50,7.50,7.50,7.50,200,4.718857
1993-04-28,8.00,8.00,8.00,8.00,000,5.033448
1993-04-27,8.00,8.00,7.75,8.00,3000,5.033448
1993-04-26,8.00,8.00,8.00,8.00,300,5.033448
1993-04-23,8.25,8.25,8.25,8.25,3000,5.190743
1993-04-22,8.25,8.25,8.25,8.25,000,5.190743
1993-04-21,8.25,8.25,8.25,8.25,2500,5.190743
1993-04-20,8.25,8.25,8.25,8.25,300,5.190743
1993-04-19,8.25,8.75,8.00,8.25,227900,5.190743
1993-04-16,8.25,8.625,8.25,8.625,1300,5.426686
1993-04-15,9.00,9.00,9.00,9.00,100,5.662629
1993-04-14,8.25,8.25,8.25,8.25,800,5.190743
1993-04-13,9.00,9.00,9.00,9.00,5700,5.662629
1993-04-12,8.625,8.625,8.625,8.625,000,5.426686
1993-04-08,8.25,9.00,8.25,8.625,21700,5.426686
1993-04-07,8.75,8.75,8.25,8.25,6100,5.190743
1993-04-06,9.25,9.25,9.25,9.25,3000,5.819924
1993-04-05,9.25,9.25,9.25,9.25,000,5.819924
1993-04-02,9.25,9.25,9.25,9.25,300,5.819924
1993-04-01,9.25,9.50,9.25,9.50,2900,5.977219
1993-03-31,9.25,9.25,9.25,9.25,100,5.819924
1993-03-30,9.75,9.75,9.75,9.75,3000,6.134514
1993-03-29,9.25,9.25,9.25,9.25,000,5.819924
1993-03-26,9.25,9.25,9.25,9.25,300,5.819924
1993-03-25,9.25,9.25,9.25,9.25,000,5.819924
1993-03-24,9.25,9.25,9.25,9.25,1100,5.819924
1993-03-23,9.25,9.25,9.25,9.25,000,5.819924
1993-03-22,9.25,9.25,9.25,9.25,900,5.819924
1993-03-19,9.75,9.75,9.75,9.75,000,6.134514
1993-03-18,9.75,9.75,9.75,9.75,20000,6.134514
1993-03-17,9.50,9.50,9.50,9.50,000,5.977219
1993-03-16,9.50,9.50,9.50,9.50,200,5.977219
1993-03-15,9.50,9.50,9.50,9.50,000,5.977219
1993-03-12,9.50,9.50,9.50,9.50,700,5.977219
1993-03-11,9.50,9.50,9.50,9.50,1000,5.977219
1993-03-10,9.50,9.50,9.50,9.50,3700,5.977219
1993-03-09,9.50,9.50,9.50,9.50,000,5.977219
1993-03-08,9.50,9.50,9.50,9.50,000,5.977219
1993-03-05,9.50,9.50,9.50,9.50,000,5.977219
1993-03-04,9.50,9.50,9.50,9.50,500,5.977219
1993-03-03,9.50,9.625,9.50,9.50,5000,5.977219
1993-03-02,9.50,9.50,9.50,9.50,1100,5.977219
1993-03-01,9.875,9.875,9.50,9.50,1400,5.977219
1993-02-26,10.25,10.25,10.25,10.25,000,6.449105
1993-02-25,9.50,10.25,9.50,10.25,9400,6.449105
1993-02-24,10.25,10.25,10.25,10.25,000,6.449105
1993-02-23,9.75,10.25,9.75,10.25,2200,6.449105
1993-02-22,9.75,9.75,9.75,9.75,3000,6.134514
1993-02-19,10.00,10.00,10.00,10.00,000,6.29181
1993-02-18,10.00,10.00,10.00,10.00,1800,6.29181
1993-02-17,9.75,10.00,9.75,9.75,13000,6.134514
1993-02-16,9.75,9.75,9.75,9.75,4300,6.134514
1993-02-12,9.75,9.75,9.75,9.75,000,6.134514
1993-02-11,9.75,9.75,9.75,9.75,000,6.109347
1993-02-10,9.75,9.75,9.75,9.75,000,6.109347
1993-02-09,9.75,9.75,9.75,9.75,1000,6.109347
1993-02-08,9.75,10.50,9.75,10.50,300,6.579297
1993-02-05,9.75,9.75,9.75,9.75,13500,6.109347
1993-02-04,9.75,9.75,9.75,9.75,500,6.109347
1993-02-03,10.25,10.25,10.25,10.25,000,6.422647
1993-02-02,10.25,10.25,10.25,10.25,600,6.422647
1993-02-01,9.75,9.75,9.75,9.75,800,6.109347
1993-01-29,9.75,10.25,9.75,10.00,9300,6.265997
1993-01-28,10.25,10.25,10.25,10.25,1300,6.422647
1993-01-27,10.25,10.25,10.25,10.25,800,6.422647
1993-01-26,10.25,10.25,9.75,10.25,37600,6.422647
1993-01-25,9.50,9.50,9.50,9.50,1000,5.952697
1993-01-22,10.25,10.25,10.25,10.25,000,6.422647
1993-01-21,10.25,10.25,10.25,10.25,200,6.422647
1993-01-20,9.50,9.50,9.50,9.50,1000,5.952697
1993-01-19,10.25,10.25,10.25,10.25,000,6.422647
1993-01-18,10.25,10.25,10.25,10.25,000,6.422647
1993-01-15,10.25,10.25,10.25,10.25,100,6.422647
1993-01-14,10.25,10.25,10.25,10.25,000,6.422647
1993-01-13,10.25,10.25,10.25,10.25,000,6.422647
1993-01-12,9.50,10.25,9.50,10.25,10600,6.422647
1993-01-11,10.00,10.00,10.00,10.00,000,6.265997
1993-01-08,10.00,10.00,10.00,10.00,2500,6.265997
1993-01-07,9.50,10.25,9.50,10.25,5600,6.422647
1993-01-06,9.25,9.25,9.25,9.25,1000,5.796047
1993-01-05,10.25,10.25,10.25,10.25,000,6.422647
1993-01-04,10.25,10.25,10.25,10.25,000,6.422647
1992-12-31,10.25,10.25,10.25,10.25,900,6.422647
1992-12-30,9.75,9.75,9.75,9.75,000,6.109347
1992-12-29,9.75,9.75,9.75,9.75,800,6.109347
1992-12-28,10.00,10.00,9.25,9.25,400,5.796047
1992-12-24,10.00,10.00,10.00,10.00,2500,6.265997
1992-12-23,10.00,10.00,10.00,10.00,600,6.265997
1992-12-22,9.25,10.00,9.25,9.25,500,5.796047
1992-12-21,10.00,10.00,9.25,10.00,400,6.265997
1992-12-18,9.25,9.25,9.25,9.25,400,5.796047
1992-12-17,9.25,10.00,9.25,10.00,200,6.265997
1992-12-16,10.25,10.25,10.25,10.25,100,6.422647
1992-12-15,9.25,9.25,9.25,9.25,700,5.796047
1992-12-14,9.25,9.50,9.25,9.50,3700,5.952697
1992-12-11,9.25,9.25,9.00,9.00,400,5.639397
1992-12-10,9.25,9.25,9.25,9.25,000,5.796047
1992-12-09,9.25,9.25,9.25,9.25,500,5.796047
1992-12-08,9.25,9.25,9.25,9.25,100,5.796047
1992-12-07,9.00,9.00,9.00,9.00,2500,5.639397
1992-12-04,9.00,9.25,9.00,9.25,6500,5.796047
1992-12-03,9.00,9.00,9.00,9.00,100,5.639397
1992-12-02,8.75,8.75,8.75,8.75,1000,5.482747
1992-12-01,8.50,8.625,8.50,8.625,700,5.404422
1992-11-30,8.50,8.50,8.50,8.50,4900,5.326097
1992-11-27,8.25,8.25,8.25,8.25,500,5.169447
1992-11-25,8.25,8.25,8.25,8.25,000,5.169447
1992-11-24,8.50,8.50,8.25,8.25,2200,5.169447
1992-11-23,8.00,8.50,8.00,8.50,165600,5.326097
1992-11-20,8.00,8.25,8.00,8.125,19200,5.091122
1992-11-19,8.00,8.00,8.00,8.00,000,5.012797
1992-11-18,8.00,8.00,8.00,8.00,200,5.012797
1992-11-17,8.00,8.00,8.00,8.00,100,5.012797
1992-11-16,8.00,8.00,8.00,8.00,000,5.012797
1992-11-13,8.00,8.125,8.00,8.00,4700,4.987733
1992-11-12,8.25,8.25,8.00,8.00,1100,4.987733
1992-11-11,8.25,8.25,8.00,8.00,8600,4.987733
1992-11-10,7.75,7.75,7.75,7.75,000,4.831867
1992-11-09,7.75,7.75,7.75,7.75,000,4.831867
1992-11-06,7.75,7.75,7.75,7.75,400,4.831867
1992-11-05,7.875,7.875,7.875,7.875,1500,4.9098
1992-11-04,8.00,8.00,8.00,8.00,000,4.987733
1992-11-03,8.00,8.00,8.00,8.00,000,4.987733
1992-11-02,7.75,8.00,7.75,8.00,1600,4.987733
1992-10-30,8.00,8.00,8.00,8.00,2100,4.987733
1992-10-29,7.75,7.75,7.75,7.75,000,4.831867
1992-10-28,7.75,7.75,7.75,7.75,500,4.831867
1992-10-27,8.00,8.00,8.00,8.00,000,4.987733
1992-10-26,8.00,8.00,8.00,8.00,000,4.987733
1992-10-23,8.00,8.00,8.00,8.00,000,4.987733
1992-10-22,8.00,8.00,8.00,8.00,2000,4.987733
1992-10-21,7.75,7.75,7.75,7.75,500,4.831867
1992-10-20,7.75,7.75,7.75,7.75,800,4.831867
1992-10-19,7.75,7.875,7.75,7.875,1000,4.9098
1992-10-16,8.25,8.25,8.25,8.25,000,5.1436
1992-10-15,8.25,8.25,8.25,8.25,000,5.1436
1992-10-14,8.00,8.25,7.75,8.25,40500,5.1436
1992-10-13,7.75,7.75,7.75,7.75,000,4.831867
1992-10-12,7.75,7.75,7.75,7.75,3200,4.831867
1992-10-09,7.25,7.25,7.25,7.25,200,4.520133
1992-10-08,7.375,7.50,7.375,7.50,2800,4.676
1992-10-07,7.75,7.75,7.75,7.75,000,4.831867
1992-10-06,7.75,7.75,7.75,7.75,2000,4.831867
1992-10-05,7.25,7.25,7.25,7.25,000,4.520133
1992-10-02,7.25,7.25,7.25,7.25,000,4.520133
1992-10-01,7.25,7.25,7.25,7.25,100,4.520133
1992-09-30,7.625,7.625,7.625,7.625,8000,4.753933
1992-09-29,7.50,7.625,7.25,7.625,95100,4.753933
1992-09-28,7.50,7.50,7.50,7.50,000,4.676
1992-09-25,7.50,7.50,7.50,7.50,000,4.676
1992-09-24,7.50,7.50,7.50,7.50,000,4.676
1992-09-23,7.50,7.50,7.50,7.50,000,4.676
1992-09-22,7.50,7.50,7.50,7.50,200,4.676
1992-09-21,7.75,7.75,7.25,7.25,9200,4.520133
1992-09-18,7.25,7.50,7.25,7.375,1800,4.598067
1992-09-17,7.125,7.25,7.125,7.125,5800,4.4422
1992-09-16,6.75,6.75,6.75,6.75,000,4.2084
1992-09-15,6.75,6.75,6.75,6.75,000,4.2084
1992-09-14,6.75,6.75,6.75,6.75,000,4.2084
1992-09-11,6.75,7.25,6.75,6.75,900,4.2084
1992-09-10,7.25,7.25,7.25,7.25,000,4.520133
1992-09-09,7.25,7.25,7.25,7.25,000,4.520133
1992-09-08,7.25,7.25,7.25,7.25,300,4.520133
1992-09-04,6.75,6.75,6.75,6.75,000,4.2084
1992-09-03,6.75,6.75,6.75,6.75,000,4.2084
1992-09-02,6.75,6.75,6.75,6.75,200,4.2084
1992-09-01,7.25,7.25,7.25,7.25,200,4.520133
1992-08-31,7.25,7.25,7.25,7.25,000,4.520133
1992-08-28,7.25,7.25,7.25,7.25,000,4.520133
1992-08-27,7.25,7.25,7.25,7.25,1000,4.520133
1992-08-26,7.25,7.25,7.25,7.25,000,4.520133
1992-08-25,7.00,7.25,7.00,7.25,1200,4.520133
1992-08-24,7.00,7.00,7.00,7.00,000,4.364267
1992-08-21,7.00,7.00,7.00,7.00,200,4.364267
1992-08-20,7.00,7.25,7.00,7.25,700,4.520133
1992-08-19,7.00,7.50,7.00,7.25,5400,4.520133
1992-08-18,8.00,8.00,7.00,7.00,500,4.364267
1992-08-17,7.00,7.00,7.00,7.00,400,4.364267
1992-08-14,7.00,7.00,7.00,7.00,700,4.364267
1992-08-13,7.00,7.00,7.00,7.00,3500,4.339328
1992-08-12,7.00,7.00,7.00,7.00,10000,4.339328
1992-08-11,7.00,7.00,7.00,7.00,300,4.339328
1992-08-10,7.00,7.00,7.00,7.00,000,4.339328
1992-08-07,7.375,7.375,7.00,7.00,1300,4.339328
1992-08-06,7.00,7.00,7.00,7.00,000,4.339328
1992-08-05,7.00,7.00,7.00,7.00,2500,4.339328
1992-08-04,7.00,7.00,7.00,7.00,200,4.339328
1992-08-03,7.00,7.00,7.00,7.00,000,4.339328
1992-07-31,7.00,7.00,7.00,7.00,000,4.339328
1992-07-30,7.00,7.00,7.00,7.00,100,4.339328
1992-07-29,7.00,7.00,7.00,7.00,300,4.339328
1992-07-28,7.00,7.00,7.00,7.00,2300,4.339328
1992-07-27,7.00,7.00,7.00,7.00,200,4.339328
1992-07-24,7.375,7.375,7.375,7.375,000,4.571792
1992-07-23,7.50,7.50,7.25,7.375,17500,4.571792
1992-07-22,8.00,8.00,7.00,7.00,6000,4.339328
1992-07-21,7.75,7.75,7.25,7.25,10200,4.494304
1992-07-20,7.75,7.75,7.75,7.75,9700,4.804256
1992-07-17,8.25,8.25,8.25,8.25,000,5.114208
1992-07-16,8.25,8.25,8.25,8.25,000,5.114208
1992-07-15,8.25,8.25,8.25,8.25,000,5.114208
1992-07-14,8.25,8.25,8.25,8.25,000,5.114208
1992-07-13,7.75,8.25,7.75,8.25,3600,5.114208
1992-07-10,8.00,8.00,8.00,8.00,000,4.959232
1992-07-09,8.00,8.00,8.00,8.00,3200,4.959232
1992-07-08,7.75,7.75,7.75,7.75,1500,4.804256
1992-07-07,8.50,8.50,8.50,8.50,000,5.269184
1992-07-06,8.50,8.50,8.50,8.50,100,5.269184
1992-07-02,8.50,8.50,8.50,8.50,500,5.269184
1992-07-01,8.25,8.25,8.25,8.25,400,5.114208
1992-06-30,8.00,8.00,8.00,8.00,2000,4.959232
1992-06-29,7.75,7.75,7.75,7.75,1700,4.804256
1992-06-26,7.75,8.00,7.75,7.875,11800,4.881744
1992-06-25,7.875,7.875,7.875,7.875,000,4.881744
1992-06-24,7.875,7.875,7.875,7.875,000,4.881744
1992-06-23,7.75,7.875,7.75,7.875,5500,4.881744
1992-06-22,7.75,7.75,7.75,7.75,800,4.804256
1992-06-19,7.75,7.75,7.75,7.75,000,4.804256
1992-06-18,8.00,8.00,7.75,7.75,6000,4.804256
1992-06-17,7.75,7.75,7.75,7.75,2900,4.804256
1992-06-16,7.75,7.75,7.75,7.75,1000,4.804256
1992-06-15,7.75,7.75,7.75,7.75,2400,4.804256
1992-06-12,7.875,8.125,7.875,8.125,13700,5.03672
1992-06-11,8.00,8.00,8.00,8.00,000,4.959232
1992-06-10,8.00,8.00,8.00,8.00,000,4.959232
1992-06-09,8.00,8.00,8.00,8.00,4300,4.959232
1992-06-08,8.00,8.00,8.00,8.00,1300,4.959232
1992-06-05,8.00,8.00,8.00,8.00,000,4.959232
1992-06-04,8.00,8.00,8.00,8.00,000,4.959232
1992-06-03,8.00,8.00,8.00,8.00,2600,4.959232
1992-06-02,8.25,8.25,8.25,8.25,000,5.114208
1992-06-01,8.25,8.25,8.25,8.25,000,5.114208
1992-05-29,8.25,8.25,8.25,8.25,000,5.114208
1992-05-28,9.00,9.00,8.00,8.25,11200,5.114208
1992-05-27,8.00,8.00,8.00,8.00,3400,4.959232
1992-05-26,8.00,8.00,8.00,8.00,000,4.959232
1992-05-22,8.00,8.00,8.00,8.00,000,4.959232
1992-05-21,8.00,8.00,8.00,8.00,200,4.959232
1992-05-20,8.00,8.00,8.00,8.00,000,4.959232
1992-05-19,8.00,8.00,8.00,8.00,100,4.934436
1992-05-18,8.25,8.25,8.25,8.25,1000,5.088637
1992-05-15,8.25,8.25,8.25,8.25,300,5.088637
1992-05-14,7.875,7.875,7.875,7.875,11200,4.857335
1992-05-13,8.25,8.25,8.25,8.25,100,5.088637
1992-05-12,7.50,7.50,7.50,7.50,900,4.626034
1992-05-11,7.75,7.75,7.75,7.75,000,4.780235
1992-05-08,7.75,7.75,7.75,7.75,000,4.780235
1992-05-07,7.50,7.75,7.50,7.75,4100,4.780235
1992-05-06,7.50,7.50,7.50,7.50,000,4.626034
1992-05-05,7.75,7.75,7.25,7.50,45000,4.626034
1992-05-04,7.25,7.25,7.00,7.00,5500,4.317631
1992-05-01,7.625,7.625,7.625,7.625,000,4.703134
1992-04-30,7.625,7.625,7.625,7.625,18000,4.703134
1992-04-29,7.25,7.25,7.25,7.25,000,4.471832
1992-04-28,7.25,7.25,7.25,7.25,200,4.471832
1992-04-27,7.25,7.25,7.25,7.25,200,4.471832
1992-04-24,8.00,8.00,8.00,8.00,300,4.934436
1992-04-23,7.50,7.50,7.50,7.50,000,4.626034
1992-04-22,7.50,7.50,7.50,7.50,000,4.626034
1992-04-21,7.75,7.75,7.50,7.50,1700,4.626034
1992-04-20,8.00,8.00,8.00,8.00,000,4.934436
1992-04-16,8.00,8.00,7.75,8.00,4200,4.934436
1992-04-15,7.75,7.75,7.75,7.75,5000,4.780235
1992-04-14,8.00,8.00,8.00,8.00,000,4.934436
1992-04-13,8.00,8.00,8.00,8.00,000,4.934436
1992-04-10,8.00,8.00,8.00,8.00,2000,4.934436
1992-04-09,8.00,8.00,8.00,8.00,000,4.934436
1992-04-08,8.00,8.00,8.00,8.00,000,4.934436
1992-04-07,8.00,8.25,8.00,8.00,4300,4.934436
1992-04-06,8.00,8.50,8.00,8.25,11800,5.088637
1992-04-03,8.00,8.00,8.00,8.00,000,4.934436
1992-04-02,8.25,8.25,8.00,8.00,2300,4.934436
1992-04-01,8.50,8.50,8.50,8.50,000,5.242838
1992-03-31,8.50,8.50,8.50,8.50,1300,5.242838
1992-03-30,8.25,8.25,8.25,8.25,000,5.088637
1992-03-27,8.25,8.50,8.25,8.25,3400,5.088637
1992-03-26,8.75,8.75,8.75,8.75,000,5.397039
1992-03-25,8.25,8.75,8.25,8.75,1300,5.397039
1992-03-24,9.00,9.00,8.25,8.25,4100,5.088637
1992-03-23,8.50,9.25,8.50,9.00,13300,5.55124
1992-03-20,9.75,9.75,8.75,9.00,15400,5.55124
1992-03-19,10.25,10.25,10.25,10.25,000,6.322246
1992-03-18,9.75,10.25,9.75,10.25,300,6.322246
1992-03-17,9.75,9.75,9.75,9.75,000,6.013844
1992-03-16,9.75,9.75,9.75,9.75,1700,6.013844
1992-03-13,10.00,10.00,9.50,10.00,8600,6.168045
1992-03-12,10.00,10.00,10.00,10.00,400,6.168045
1992-03-11,10.00,10.00,10.00,10.00,000,6.168045
1992-03-10,10.00,10.00,10.00,10.00,1000,6.168045
1992-03-09,10.00,10.00,10.00,10.00,300,6.168045
1992-03-06,9.25,9.25,9.25,9.25,500,5.705441
1992-03-05,10.00,10.00,9.25,9.50,2000,5.859643
1992-03-04,9.75,10.00,9.75,10.00,4600,6.168045
1992-03-03,9.25,9.75,9.25,9.75,6500,6.013844
1992-03-02,9.00,9.50,8.75,9.00,10800,5.55124
1992-02-28,8.875,9.00,8.875,9.00,7400,5.55124
1992-02-27,8.50,8.50,8.50,8.50,400,5.242838
1992-02-26,8.50,8.50,8.50,8.50,000,5.242838
1992-02-25,8.50,8.50,8.50,8.50,200,5.242838
1992-02-24,8.50,9.00,8.50,9.00,3800,5.55124
1992-02-21,9.00,9.00,8.50,8.50,3400,5.242838
1992-02-20,8.50,9.00,8.50,9.00,3400,5.55124
1992-02-19,8.50,8.50,8.50,8.50,800,5.242838
1992-02-18,9.00,9.00,9.00,9.00,200,5.55124
1992-02-14,9.00,9.00,9.00,9.00,000,5.55124
1992-02-13,9.00,9.00,9.00,9.00,000,5.55124
1992-02-12,9.00,9.00,9.00,9.00,700,5.526568
1992-02-11,8.75,8.75,8.75,8.75,000,5.373053
1992-02-10,8.75,8.75,8.75,8.75,000,5.373053
1992-02-07,9.00,9.00,8.25,8.75,2800,5.373053
1992-02-06,8.25,8.75,8.00,8.75,15400,5.373053
1992-02-05,8.25,8.25,8.25,8.25,000,5.066021
1992-02-04,8.125,8.25,8.125,8.25,2800,5.066021
1992-02-03,7.875,7.875,7.875,7.875,000,4.835747
1992-01-31,7.875,7.875,7.875,7.875,000,4.835747
1992-01-30,7.875,7.875,7.875,7.875,000,4.835747
1992-01-29,7.875,7.875,7.875,7.875,000,4.835747
1992-01-28,7.875,8.00,7.875,7.875,14600,4.835747
1992-01-27,7.75,7.75,7.75,7.75,500,4.758989
1992-01-24,8.00,8.00,8.00,8.00,000,4.912505
1992-01-23,8.00,8.00,8.00,8.00,000,4.912505
1992-01-22,8.00,8.00,8.00,8.00,000,4.912505
1992-01-21,8.00,8.00,8.00,8.00,2200,4.912505
1992-01-20,8.00,8.00,8.00,8.00,300,4.912505
1992-01-17,8.00,8.00,8.00,8.00,000,4.912505
1992-01-16,8.00,8.00,8.00,8.00,100,4.912505
1992-01-15,8.00,8.375,8.00,8.375,3000,5.142779
1992-01-14,8.25,8.25,8.125,8.125,7400,4.989263
1992-01-13,8.00,8.50,8.00,8.50,13500,5.219537
1992-01-10,8.00,8.375,8.00,8.375,6100,5.142779
1992-01-09,8.00,8.00,8.00,8.00,300,4.912505
1992-01-08,8.00,8.50,8.00,8.125,22100,4.989263
1992-01-07,8.00,8.00,8.00,8.00,6500,4.912505
1992-01-06,7.50,8.00,7.50,8.00,3000,4.912505
1992-01-03,7.50,7.75,7.50,7.75,4000,4.758989
1992-01-02,7.75,7.75,7.50,7.75,78100,4.758989
1991-12-31,7.75,7.75,7.25,7.75,5600,4.758989
1991-12-30,7.25,7.75,7.25,7.25,4700,4.451958
1991-12-27,7.25,7.75,7.25,7.25,1800,4.451958
1991-12-26,7.25,7.25,7.25,7.25,300,4.451958
1991-12-24,7.25,7.25,7.25,7.25,000,4.451958
1991-12-23,7.25,7.50,7.25,7.25,3300,4.451958
1991-12-20,7.25,7.50,7.25,7.50,3600,4.605474
1991-12-19,7.75,7.75,7.75,7.75,200,4.758989
1991-12-18,7.25,7.25,7.25,7.25,800,4.451958
1991-12-17,7.25,7.25,7.25,7.25,1200,4.451958
1991-12-16,7.25,7.25,7.25,7.25,600,4.451958
1991-12-13,7.75,7.75,7.25,7.25,1800,4.451958
1991-12-12,7.25,7.25,7.25,7.25,300,4.451958
1991-12-11,7.25,7.25,7.25,7.25,1200,4.451958
1991-12-10,7.50,7.75,7.50,7.75,1500,4.758989
1991-12-09,7.50,7.50,7.50,7.50,300,4.605474
1991-12-06,7.50,7.50,7.50,7.50,200,4.605474
1991-12-05,8.00,8.00,8.00,8.00,100,4.912505
1991-12-04,7.50,8.00,7.50,8.00,800,4.912505
1991-12-03,7.50,7.50,7.50,7.50,100,4.605474
1991-12-02,8.00,8.00,8.00,8.00,000,4.912505
1991-11-29,8.00,8.00,8.00,8.00,000,4.912505
1991-11-27,8.00,8.00,8.00,8.00,500,4.912505
1991-11-26,7.75,7.75,7.50,7.50,2200,4.605474
1991-11-25,8.00,8.00,8.00,8.00,200,4.912505
1991-11-22,7.50,7.50,7.50,7.50,1100,4.605474
1991-11-21,7.75,8.00,7.75,8.00,2200,4.912505
1991-11-20,7.875,7.875,7.875,7.875,1700,4.835747
1991-11-19,7.50,8.00,7.50,8.00,1500,4.912505
1991-11-18,7.75,7.75,7.625,7.75,15100,4.758989
1991-11-15,7.75,8.00,7.75,7.75,5000,4.734427
1991-11-14,8.00,8.00,7.75,7.75,5800,4.734427
1991-11-13,7.75,7.75,7.75,7.75,400,4.734427
1991-11-12,8.00,8.00,8.00,8.00,000,4.88715
1991-11-11,8.00,8.00,8.00,8.00,000,4.88715
1991-11-08,8.00,8.00,8.00,8.00,1000,4.88715
1991-11-07,7.75,7.75,7.75,7.75,000,4.734427
1991-11-06,7.75,7.75,7.75,7.75,000,4.734427
1991-11-05,7.75,7.75,7.75,7.75,12000,4.734427
1991-11-04,7.75,7.75,7.75,7.75,000,4.734427
1991-11-01,7.75,7.75,7.75,7.75,200,4.734427
1991-10-31,7.75,7.75,7.75,7.75,100,4.734427
1991-10-30,8.00,8.00,8.00,8.00,000,4.88715
1991-10-29,8.00,8.00,8.00,8.00,16500,4.88715
1991-10-28,8.00,8.00,8.00,8.00,400,4.88715
1991-10-25,8.50,8.50,8.50,8.50,100,5.192597
1991-10-24,8.50,8.50,8.50,8.50,300,5.192597
1991-10-23,8.50,8.50,8.50,8.50,000,5.192597
1991-10-22,8.50,8.50,8.50,8.50,3200,5.192597
1991-10-21,7.50,8.50,7.50,8.375,14500,5.116235
1991-10-18,8.00,8.00,8.00,8.00,6000,4.88715
1991-10-17,7.75,8.50,7.75,8.50,700,5.192597
1991-10-16,7.75,7.75,7.75,7.75,000,4.734427
1991-10-15,8.50,8.50,7.75,7.75,7900,4.734427
1991-10-14,8.50,8.50,8.00,8.00,4300,4.88715
1991-10-11,8.50,8.50,8.50,8.50,000,5.192597
1991-10-10,8.50,8.50,8.50,8.50,300,5.192597
1991-10-09,7.50,8.00,7.50,8.00,1300,4.88715
1991-10-08,8.50,8.50,7.50,7.50,3200,4.581703
1991-10-07,7.50,8.00,7.50,8.00,5700,4.88715
1991-10-04,8.50,8.50,8.50,8.50,2800,5.192597
1991-10-03,8.50,8.50,7.50,8.50,21800,5.192597
1991-10-02,8.00,9.00,8.00,8.00,38100,4.88715
1991-10-01,7.00,9.00,6.75,9.00,304000,5.498044
1991-09-30,6.75,6.75,6.50,6.50,3600,3.97081
1991-09-27,6.75,6.75,6.75,6.75,200,4.123533
1991-09-26,5.75,5.75,5.75,5.75,500,3.512639
1991-09-25,6.50,6.50,5.75,5.75,3700,3.512639
1991-09-24,7.00,7.25,6.50,6.50,11600,3.97081
1991-09-23,7.25,7.50,7.00,7.00,72500,4.276257
1991-09-20,7.25,7.25,7.00,7.00,108900,4.276257
1991-09-19,7.00,7.25,7.00,7.25,111400,4.42898
1991-09-18,7.125,7.125,7.00,7.00,2600,4.276257
1991-09-17,7.00,7.00,7.00,7.00,200,4.276257
1991-09-16,7.00,7.00,7.00,7.00,000,4.276257
1991-09-13,7.00,7.00,7.00,7.00,300,4.276257
1991-09-12,7.00,7.00,7.00,7.00,000,4.276257
1991-09-11,7.00,7.25,7.00,7.00,2200,4.276257
1991-09-10,7.00,7.00,7.00,7.00,13000,4.276257
1991-09-09,7.00,7.00,7.00,7.00,100,4.276257
1991-09-06,7.00,7.00,7.00,7.00,6500,4.276257
1991-09-05,7.25,7.25,7.00,7.125,41300,4.352618
1991-09-04,7.25,7.25,7.25,7.25,500,4.42898
1991-09-03,7.00,7.25,7.00,7.25,1000,4.42898
1991-08-30,7.125,7.125,7.00,7.00,6200,4.276257
1991-08-29,7.00,7.00,7.00,7.00,3600,4.276257
1991-08-28,7.00,7.25,7.00,7.00,58600,4.276257
1991-08-27,6.375,7.00,6.25,7.00,6100,4.276257
1991-08-26,6.25,6.25,6.25,6.25,3000,3.818086
1991-08-23,6.25,6.25,6.25,6.25,000,3.818086
1991-08-22,6.25,6.25,6.00,6.25,7100,3.818086
1991-08-21,6.25,6.25,6.25,6.25,1900,3.818086
1991-08-20,6.00,6.25,6.00,6.25,7300,3.818086
1991-08-19,6.25,6.25,6.25,6.25,000,3.818086
1991-08-16,5.75,6.25,5.75,6.25,2000,3.818086
1991-08-15,6.125,6.125,6.125,6.125,000,3.741724
1991-08-14,6.25,6.25,6.00,6.125,6000,3.741724
1991-08-13,6.25,6.25,6.25,6.25,1200,3.79365
1991-08-12,6.00,6.25,6.00,6.25,1000,3.79365
1991-08-09,5.75,6.00,5.75,6.00,1100,3.641904
1991-08-08,5.75,6.00,5.75,6.00,6500,3.641904
1991-08-07,6.25,6.25,6.25,6.25,000,3.79365
1991-08-06,6.25,6.25,6.25,6.25,300,3.79365
1991-08-05,6.00,6.00,6.00,6.00,000,3.641904
1991-08-02,6.00,6.00,6.00,6.00,1500,3.641904
1991-08-01,6.25,6.25,5.75,6.25,4200,3.79365
1991-07-31,6.25,6.25,5.75,6.25,7800,3.79365
1991-07-30,6.00,6.00,6.00,6.00,10000,3.641904
1991-07-29,6.25,6.25,6.125,6.125,2800,3.717777
1991-07-26,6.25,6.25,6.25,6.25,300,3.79365
1991-07-25,5.75,5.75,5.75,5.75,000,3.490158
1991-07-24,6.25,6.25,5.75,5.75,1000,3.490158
1991-07-23,5.75,5.75,5.75,5.75,1500,3.490158
1991-07-22,6.25,6.25,6.25,6.25,000,3.79365
1991-07-19,6.25,6.25,6.25,6.25,200,3.79365
1991-07-18,5.50,6.00,5.50,6.00,1300,3.641904
1991-07-17,5.75,6.25,5.50,6.00,18900,3.641904
1991-07-16,6.00,6.00,6.00,6.00,300,3.641904
1991-07-15,6.00,6.00,6.00,6.00,600,3.641904
1991-07-12,6.00,6.00,6.00,6.00,500,3.641904
1991-07-11,6.00,6.00,5.875,5.875,1800,3.566031
1991-07-10,5.50,5.875,5.50,5.875,79000,3.566031
1991-07-09,5.50,5.50,5.50,5.50,400,3.338412
1991-07-08,5.50,5.50,5.50,5.50,1400,3.338412
1991-07-05,5.50,5.50,5.50,5.50,2200,3.338412
1991-07-03,5.50,5.50,5.50,5.50,200,3.338412
1991-07-02,6.00,6.00,6.00,6.00,000,3.641904
1991-07-01,6.00,6.00,6.00,6.00,000,3.641904
1991-06-28,5.50,6.00,5.50,6.00,1200,3.641904
1991-06-27,5.75,5.75,5.75,5.75,000,3.490158
1991-06-26,5.50,5.75,5.50,5.75,19700,3.490158
1991-06-25,6.00,6.00,6.00,6.00,500,3.641904
1991-06-24,6.00,6.00,6.00,6.00,000,3.641904
1991-06-21,6.00,6.00,6.00,6.00,000,3.641904
1991-06-20,5.625,6.00,5.50,6.00,8100,3.641904
1991-06-19,5.50,5.75,5.50,5.50,2000,3.338412
1991-06-18,5.50,5.50,5.50,5.50,000,3.338412
1991-06-17,5.50,5.50,5.50,5.50,000,3.338412
1991-06-14,5.50,5.50,5.50,5.50,1000,3.338412
1991-06-13,5.50,5.50,5.50,5.50,000,3.338412
1991-06-12,5.50,5.50,5.50,5.50,300,3.338412
1991-06-11,6.00,6.00,5.50,5.50,7600,3.338412
1991-06-10,5.50,5.50,5.50,5.50,8000,3.338412
1991-06-07,5.50,5.50,5.50,5.50,2200,3.338412
1991-06-06,6.00,6.00,5.50,6.00,1500,3.641904
1991-06-05,5.75,6.00,5.75,5.75,17800,3.490158
1991-06-04,6.00,6.00,5.50,6.00,2000,3.641904
1991-06-03,5.875,5.875,5.875,5.875,000,3.566031
1991-05-31,6.00,6.00,5.50,5.875,5600,3.566031
1991-05-30,6.00,6.00,5.875,5.875,5000,3.566031
1991-05-29,6.00,6.00,6.00,6.00,500,3.641904
1991-05-28,6.00,6.00,6.00,6.00,000,3.641904
1991-05-24,5.625,6.00,5.625,6.00,1900,3.641904
1991-05-23,5.50,5.50,5.50,5.50,1400,3.338412
1991-05-22,6.00,6.00,6.00,6.00,000,3.641904
1991-05-21,6.00,6.00,6.00,6.00,000,3.617625
1991-05-20,6.00,6.00,6.00,6.00,100,3.617625
1991-05-17,5.75,5.75,5.75,5.75,000,3.466891
1991-05-16,6.00,6.00,5.50,5.75,3200,3.466891
1991-05-15,5.75,5.75,5.75,5.75,3600,3.466891
1991-05-14,5.50,5.50,5.50,5.50,000,3.316156
1991-05-13,5.50,5.875,5.50,5.50,2100,3.316156
1991-05-10,6.00,6.00,5.75,5.75,9500,3.466891
1991-05-09,5.75,6.00,5.75,6.00,6700,3.617625
1991-05-08,6.00,6.00,6.00,6.00,200,3.617625
1991-05-07,5.75,6.00,5.75,6.00,61000,3.617625
1991-05-06,5.75,5.75,5.75,5.75,000,3.466891
1991-05-03,5.75,5.75,5.75,5.75,1000,3.466891
1991-05-02,5.75,5.75,5.75,5.75,100,3.466891
1991-05-01,6.00,6.00,6.00,6.00,000,3.617625
1991-04-30,6.00,6.00,6.00,6.00,000,3.617625
1991-04-29,6.00,6.00,6.00,6.00,000,3.617625
1991-04-26,6.00,6.00,6.00,6.00,2000,3.617625
1991-04-25,6.50,6.50,6.50,6.50,000,3.919094
1991-04-24,6.00,6.50,6.00,6.50,3800,3.919094
1991-04-23,6.00,6.50,6.00,6.50,400,3.919094
1991-04-22,6.50,6.50,6.125,6.125,5300,3.692992
1991-04-19,6.50,6.50,6.00,6.00,18400,3.617625
1991-04-18,6.25,6.25,6.00,6.00,2200,3.617625
1991-04-17,6.50,6.50,6.00,6.00,2800,3.617625
1991-04-16,5.75,5.75,5.75,5.75,300,3.466891
1991-04-15,6.00,6.00,6.00,6.00,000,3.617625
1991-04-12,6.00,6.00,6.00,6.00,10000,3.617625
1991-04-11,6.25,6.25,5.75,6.25,1800,3.768359
1991-04-10,6.25,6.25,6.00,6.00,5900,3.617625
1991-04-09,6.00,6.25,5.50,6.25,4500,3.768359
1991-04-08,6.00,6.00,6.00,6.00,400,3.617625
1991-04-05,6.50,6.50,5.25,6.25,9700,3.768359
1991-04-04,6.50,6.50,5.50,6.50,3500,3.919094
1991-04-03,6.50,6.50,6.50,6.50,1000,3.919094
1991-04-02,6.50,6.50,6.50,6.50,1000,3.919094
1991-04-01,7.00,7.00,7.00,7.00,000,4.220563
1991-03-28,7.00,7.00,7.00,7.00,200,4.220563
1991-03-27,6.25,6.25,6.25,6.25,000,3.768359
1991-03-26,6.25,6.25,6.25,6.25,400,3.768359
1991-03-25,6.75,6.75,6.75,6.75,000,4.069828
1991-03-22,7.75,7.875,6.50,6.75,26300,4.069828
1991-03-21,8.50,8.50,8.50,8.50,2500,5.124969
1991-03-20,8.25,8.25,8.25,8.25,3300,4.974235
1991-03-19,8.25,8.25,8.25,8.25,000,4.974235
1991-03-18,8.50,9.00,8.25,8.25,3300,4.974235
1991-03-15,8.75,8.75,8.75,8.75,000,5.275703
1991-03-14,8.75,8.75,8.75,8.75,000,5.275703
1991-03-13,8.75,9.00,8.75,8.75,14900,5.275703
1991-03-12,8.75,8.75,8.50,8.50,2200,5.124969
1991-03-11,8.75,8.75,8.75,8.75,1200,5.275703
1991-03-08,9.25,9.25,9.25,9.25,1000,5.577172
1991-03-07,9.00,9.50,8.50,9.50,31400,5.727906
1991-03-06,8.50,9.00,8.50,9.00,24600,5.426438
1991-03-05,9.00,9.00,8.50,8.50,9500,5.124969
1991-03-04,8.00,8.125,8.00,8.125,2300,4.898867
1991-03-01,8.75,8.75,8.75,8.75,1000,5.275703
1991-02-28,7.75,7.75,7.75,7.75,2900,4.672766
1991-02-27,7.75,7.75,7.75,7.75,000,4.672766
1991-02-26,7.75,7.75,7.75,7.75,6200,4.672766
1991-02-25,7.50,8.25,7.25,8.00,13400,4.8235
1991-02-22,6.75,7.50,6.75,7.125,42400,4.29593
1991-02-21,7.00,7.00,7.00,7.00,1200,4.220563
1991-02-20,6.50,6.50,6.50,6.50,300,3.919094
1991-02-19,6.50,6.50,6.50,6.50,200,3.919094
1991-02-15,7.25,7.25,7.25,7.25,4000,4.371297
1991-02-14,7.00,7.00,7.00,7.00,5500,4.220563
1991-02-13,6.75,6.75,6.50,6.50,600,3.894976
1991-02-12,6.25,6.50,6.25,6.50,40300,3.894976
1991-02-11,6.875,6.875,6.875,6.875,000,4.119687
1991-02-08,6.875,6.875,6.875,6.875,1800,4.119687
1991-02-07,6.625,7.00,6.625,7.00,2100,4.19459
1991-02-06,6.625,6.625,6.625,6.625,000,3.96988
1991-02-05,6.625,6.625,6.625,6.625,1000,3.96988
1991-02-04,6.625,6.625,6.625,6.625,200,3.96988
1991-02-01,7.25,7.25,7.25,7.25,300,4.344397
1991-01-31,6.625,6.625,6.625,6.625,3000,3.96988
1991-01-30,6.625,6.625,6.625,6.625,000,3.96988
1991-01-29,6.625,6.625,6.625,6.625,000,3.96988
1991-01-28,6.625,6.625,6.625,6.625,000,3.96988
1991-01-25,6.625,6.625,6.625,6.625,1000,3.96988
1991-01-24,6.625,6.625,6.625,6.625,000,3.96988
1991-01-23,7.25,7.25,6.625,6.625,400,3.96988
1991-01-22,6.625,6.625,6.625,6.625,10300,3.96988
1991-01-21,6.625,6.625,6.625,6.625,200,3.96988
1991-01-18,7.25,7.25,7.25,7.25,200,4.344397
1991-01-17,6.625,6.625,6.625,6.625,1000,3.96988
1991-01-16,6.625,6.875,6.625,6.875,300,4.119687
1991-01-15,6.625,6.625,6.625,6.625,2000,3.96988
1991-01-14,6.50,6.625,6.50,6.625,1400,3.96988
1991-01-11,6.75,6.75,6.50,6.50,500,3.894976
1991-01-10,6.625,6.625,6.625,6.625,600,3.96988
1991-01-09,6.875,6.875,6.50,6.50,3100,3.894976
1991-01-08,6.50,7.00,6.50,7.00,1100,4.19459
1991-01-07,6.50,7.00,6.50,7.00,4400,4.19459
1991-01-04,6.50,7.25,6.50,7.25,700,4.344397
1991-01-03,6.625,6.625,6.625,6.625,000,3.96988
1991-01-02,6.50,6.625,6.50,6.625,8100,3.96988
1990-12-31,6.50,7.50,6.50,7.50,3600,4.494203
1990-12-28,6.50,6.625,6.50,6.50,5200,3.894976
1990-12-27,6.625,6.625,6.50,6.625,4700,3.96988
1990-12-26,6.50,7.25,6.50,6.625,13500,3.96988
1990-12-24,6.75,6.75,6.75,6.75,000,4.044783
1990-12-21,7.50,7.50,6.75,6.75,6400,4.044783
1990-12-20,7.625,7.75,7.50,7.50,20100,4.494203
1990-12-19,7.75,7.75,7.625,7.625,15900,4.569107
1990-12-18,7.75,7.75,7.625,7.625,3100,4.569107
1990-12-17,7.875,7.875,7.625,7.625,7200,4.569107
1990-12-14,7.625,7.625,7.625,7.625,200,4.569107
1990-12-13,7.625,7.75,7.625,7.75,2300,4.64401
1990-12-12,7.50,7.75,7.50,7.625,24600,4.569107
1990-12-11,7.75,7.75,7.375,7.50,6300,4.494203
1990-12-10,8.25,8.75,7.75,8.00,17800,4.793817
1990-12-07,8.50,9.00,7.75,8.25,49600,4.943624
1990-12-06,7.50,8.50,7.50,8.25,28600,4.943624
1990-12-05,6.00,7.50,5.50,6.75,41700,4.044783
1990-12-04,5.375,5.375,5.375,5.375,7000,3.220846
1990-12-03,5.375,5.375,5.375,5.375,400,3.220846
1990-11-30,5.625,5.625,5.625,5.625,000,3.370653
1990-11-29,5.375,5.625,5.375,5.625,12500,3.370653
1990-11-28,5.375,5.375,5.375,5.375,900,3.220846
1990-11-27,5.375,5.375,5.375,5.375,5400,3.220846
1990-11-26,5.875,5.875,5.875,5.875,000,3.520459
1990-11-23,6.00,6.00,5.875,5.875,4000,3.520459
1990-11-21,6.00,6.00,6.00,6.00,200,3.595363
1990-11-20,5.375,5.375,5.375,5.375,1000,3.220846
1990-11-19,5.25,5.50,5.25,5.50,4000,3.295749
1990-11-16,6.00,6.00,6.00,6.00,1000,3.595363
1990-11-15,6.00,6.00,6.00,6.00,1300,3.571394
1990-11-14,5.25,5.25,5.25,5.25,100,3.12497
1990-11-13,5.25,6.00,5.25,5.25,1500,3.12497
1990-11-12,6.00,6.00,6.00,6.00,300,3.571394
1990-11-09,6.00,6.00,6.00,6.00,000,3.571394
1990-11-08,6.00,6.00,6.00,6.00,000,3.571394
1990-11-07,6.00,6.00,6.00,6.00,700,3.571394
1990-11-06,5.50,6.00,5.50,6.00,6900,3.571394
1990-11-05,5.75,5.75,5.50,5.50,2000,3.273778
1990-11-02,5.75,5.75,5.75,5.75,1000,3.422586
1990-11-01,5.75,5.75,5.75,5.75,200,3.422586
1990-10-31,6.25,6.25,6.25,6.25,000,3.720202
1990-10-30,6.25,6.25,6.25,6.25,000,3.720202
1990-10-29,6.25,6.25,6.25,6.25,6200,3.720202
1990-10-26,5.75,5.75,5.75,5.75,1600,3.422586
1990-10-25,5.75,6.50,5.75,6.50,200,3.86901
1990-10-24,6.50,6.50,6.50,6.50,000,3.86901
1990-10-23,6.50,6.50,6.50,6.50,000,3.86901
1990-10-22,6.50,6.50,6.50,6.50,200,3.86901
1990-10-19,5.75,5.75,5.75,5.75,000,3.422586
1990-10-18,5.75,5.75,5.75,5.75,300,3.422586
1990-10-17,6.25,6.25,6.00,6.25,8100,3.720202
1990-10-16,6.625,6.625,6.625,6.625,000,3.943414
1990-10-15,6.625,6.625,6.625,6.625,000,3.943414
1990-10-12,6.625,6.625,6.625,6.625,000,3.943414
1990-10-11,6.50,7.00,6.50,6.625,20000,3.943414
1990-10-10,6.50,6.50,6.50,6.50,400,3.86901
1990-10-09,7.25,7.25,7.25,7.25,200,4.315434
1990-10-08,7.25,7.25,7.25,7.25,000,4.315434
1990-10-05,7.25,7.25,7.25,7.25,000,4.315434
1990-10-04,7.25,7.25,7.25,7.25,000,4.315434
1990-10-03,7.25,7.25,7.25,7.25,100,4.315434
1990-10-02,6.50,6.50,6.50,6.50,1700,3.86901
1990-10-01,6.25,7.25,6.25,7.25,800,4.315434
1990-09-28,6.00,7.125,6.00,7.125,32200,4.24103
1990-09-27,5.75,5.75,5.75,5.75,100,3.422586
1990-09-26,5.75,5.75,5.75,5.75,1000,3.422586
1990-09-25,5.75,5.75,5.75,5.75,200,3.422586
1990-09-24,6.00,6.00,5.75,5.75,3900,3.422586
1990-09-21,6.25,6.25,6.00,6.00,1100,3.571394
1990-09-20,7.00,7.50,6.50,6.50,6500,3.86901
1990-09-19,6.75,7.125,6.75,7.125,1200,4.24103
1990-09-18,7.00,7.00,6.75,6.75,1900,4.017818
1990-09-17,8.00,8.00,7.50,7.50,4200,4.464242
1990-09-14,7.50,7.50,7.50,7.50,200,4.464242
1990-09-13,7.50,7.50,7.50,7.50,200,4.464242
1990-09-12,8.25,8.25,8.25,8.25,600,4.910667
1990-09-11,8.25,8.25,8.25,8.25,100,4.910667
1990-09-10,7.50,8.25,7.50,8.25,1600,4.910667
1990-09-07,7.50,7.50,7.50,7.50,000,4.464242
1990-09-06,7.50,7.50,7.50,7.50,000,4.464242
1990-09-05,7.50,7.50,7.50,7.50,000,4.464242
1990-09-04,7.50,7.50,7.50,7.50,000,4.464242
1990-08-31,7.50,7.50,7.50,7.50,000,4.464242
1990-08-30,7.50,7.50,7.50,7.50,000,4.464242
1990-08-29,7.50,7.50,7.50,7.50,400,4.464242
1990-08-28,7.75,7.75,7.75,7.75,000,4.61305
1990-08-27,7.50,7.75,7.50,7.75,8400,4.61305
1990-08-24,7.50,7.50,7.50,7.50,500,4.464242
1990-08-23,7.50,7.50,7.50,7.50,400,4.464242
1990-08-22,8.50,8.50,8.50,8.50,000,5.059475
1990-08-21,8.50,8.50,8.50,8.50,000,5.059475
1990-08-20,7.50,8.50,7.50,8.50,800,5.059475
1990-08-17,8.00,8.00,8.00,8.00,000,4.761858
1990-08-16,7.50,8.00,7.50,8.00,1600,4.761858
1990-08-15,7.50,7.50,7.50,7.50,000,4.464242
1990-08-14,7.50,7.50,7.50,7.50,000,4.464242
1990-08-13,7.50,7.50,7.50,7.50,500,4.440433
1990-08-10,7.50,7.50,7.50,7.50,000,4.440433
1990-08-09,7.50,7.50,7.50,7.50,000,4.440433
1990-08-08,7.50,7.50,7.50,7.50,000,4.440433
1990-08-07,7.50,7.50,7.50,7.50,100,4.440433
1990-08-06,8.00,8.75,7.50,7.50,400,4.440433
1990-08-03,8.00,8.50,7.50,8.00,800,4.736462
1990-08-02,8.00,8.00,8.00,8.00,000,4.736462
1990-08-01,8.00,8.00,8.00,8.00,200,4.736462
1990-07-31,9.00,9.00,9.00,9.00,200,5.328519
1990-07-30,8.00,8.00,8.00,8.00,000,4.736462
1990-07-27,8.00,8.00,8.00,8.00,300,4.736462
1990-07-26,8.00,9.00,8.00,8.00,1500,4.736462
1990-07-25,8.25,8.25,8.25,8.25,2500,4.884476
1990-07-24,9.00,9.00,9.00,9.00,3000,5.328519
1990-07-23,9.00,9.00,8.50,8.625,63100,5.106498
1990-07-20,9.00,9.00,8.00,8.00,3800,4.736462
1990-07-19,8.50,9.00,8.25,9.00,5100,5.328519
1990-07-18,9.25,9.375,9.25,9.25,80700,5.476534
1990-07-17,9.50,9.50,9.25,9.375,29500,5.550541
1990-07-16,9.25,9.50,9.25,9.25,5500,5.476534
1990-07-13,9.25,9.25,9.25,9.25,100,5.476534
1990-07-12,9.25,9.75,9.25,9.50,700,5.624548
1990-07-11,9.50,9.75,9.50,9.75,1900,5.772563
1990-07-10,9.75,9.75,9.50,9.50,6000,5.624548
1990-07-09,9.50,9.50,9.50,9.50,1000,5.624548
1990-07-06,9.50,9.75,9.50,9.75,900,5.772563
1990-07-05,9.50,9.625,9.50,9.625,7000,5.698555
1990-07-03,9.50,10.00,9.50,9.75,3300,5.772563
1990-07-02,9.75,9.75,9.75,9.75,500,5.772563
1990-06-29,10.00,10.00,10.00,10.00,500,5.920577
1990-06-28,10.00,10.00,10.00,10.00,000,5.920577
1990-06-27,10.00,10.00,10.00,10.00,1200,5.920577
1990-06-26,9.25,9.625,9.25,9.375,5200,5.550541
1990-06-25,9.375,9.50,9.25,9.25,32400,5.476534
1990-06-22,9.75,9.75,9.25,9.25,45800,5.476534
1990-06-21,9.25,9.25,9.25,9.25,000,5.476534
1990-06-20,9.50,10.00,9.25,9.25,72500,5.476534
1990-06-19,9.25,9.25,9.25,9.25,800,5.476534
1990-06-18,10.00,10.00,10.00,10.00,100,5.920577
1990-06-15,9.25,9.25,9.25,9.25,000,5.476534
1990-06-14,9.25,9.25,9.25,9.25,500,5.476534
1990-06-13,10.00,10.00,10.00,10.00,000,5.920577
1990-06-12,9.75,10.00,9.625,10.00,9300,5.920577
1990-06-11,9.25,9.25,9.25,9.25,200,5.476534
1990-06-08,9.25,9.25,9.25,9.25,000,5.476534
1990-06-07,9.25,9.25,9.25,9.25,700,5.476534
1990-06-06,9.25,9.25,9.25,9.25,200,5.476534
1990-06-05,9.25,9.25,9.25,9.25,300,5.476534
1990-06-04,10.00,10.00,9.75,9.75,5600,5.772563
1990-06-01,9.25,10.00,9.25,9.75,34200,5.772563
1990-05-31,9.25,9.25,9.25,9.25,000,5.476534
1990-05-30,9.25,10.00,9.25,9.25,8700,5.476534
1990-05-29,9.50,9.50,9.25,9.25,300,5.476534
1990-05-25,9.50,9.50,9.25,9.25,10600,5.476534
1990-05-24,9.75,9.75,9.75,9.75,300,5.772563
1990-05-23,8.50,9.00,8.50,9.00,4100,5.304837
1990-05-22,8.25,9.00,8.00,8.50,36600,5.010124
1990-05-21,8.125,8.125,7.75,7.75,2900,4.568054
1990-05-18,8.00,8.00,8.00,8.00,1000,4.715411
1990-05-17,8.00,8.125,7.75,7.75,1100,4.568054
1990-05-16,8.00,8.00,7.75,7.75,8500,4.568054
1990-05-15,8.50,8.50,7.75,7.75,7900,4.568054
1990-05-14,9.00,9.00,8.00,8.00,7800,4.715411
1990-05-11,8.50,8.50,8.00,8.25,37000,4.862767
1990-05-10,8.00,8.75,8.00,8.75,3700,5.15748
1990-05-09,8.00,8.00,8.00,8.00,400,4.715411
1990-05-08,8.75,8.75,8.75,8.75,000,5.15748
1990-05-07,8.00,8.75,8.00,8.75,4200,5.15748
1990-05-04,8.00,8.00,8.00,8.00,700,4.715411
1990-05-03,8.00,8.00,8.00,8.00,6000,4.715411
1990-05-02,8.00,8.00,8.00,8.00,300,4.715411
1990-05-01,8.25,8.375,8.00,8.00,20900,4.715411
1990-04-30,8.25,8.25,8.25,8.25,2200,4.862767
1990-04-27,8.25,8.50,8.25,8.25,17100,4.862767
1990-04-26,8.625,8.625,8.50,8.50,13300,5.010124
1990-04-25,8.50,8.50,8.50,8.50,800,5.010124
1990-04-24,8.50,8.50,8.50,8.50,000,5.010124
1990-04-23,8.50,8.75,8.50,8.50,52100,5.010124
1990-04-20,8.50,8.75,8.50,8.50,16400,5.010124
1990-04-19,9.00,9.00,8.75,8.75,11500,5.15748
1990-04-18,8.75,9.00,8.75,9.00,37700,5.304837
1990-04-17,8.75,9.00,8.75,9.00,3100,5.304837
1990-04-16,8.75,9.00,8.75,8.75,21600,5.15748
1990-04-12,8.75,9.00,8.75,8.75,84100,5.15748
1990-04-11,9.75,9.75,9.00,9.50,84000,5.59955
1990-04-10,9.25,9.25,9.25,9.25,3600,5.452194
1990-04-09,9.25,9.25,9.25,9.25,1600,5.452194
1990-04-06,9.25,9.50,9.25,9.25,4500,5.452194
1990-04-05,9.375,9.375,9.375,9.375,2200,5.525872
1990-04-04,9.25,9.25,9.25,9.25,1900,5.452194
1990-04-03,9.50,9.75,9.50,9.75,5100,5.746907
1990-04-02,9.00,9.00,9.00,9.00,1300,5.304837
1990-03-30,9.00,9.25,9.00,9.25,4900,5.452194
1990-03-29,9.75,9.75,9.25,9.25,3600,5.452194
1990-03-28,10.00,10.00,10.00,10.00,500,5.894263
1990-03-27,10.00,10.00,9.50,9.50,700,5.59955
1990-03-26,9.75,9.75,9.625,9.75,19400,5.746907
