Date,Open,High,Low,Close,Volume,Adj Close
2016-10-21,38.240002,38.240002,37.720001,37.939999,3826300,37.939999
2016-10-20,38.490002,38.799999,38.060001,38.41,3684500,38.41
2016-10-19,38.360001,39.119999,38.330002,38.82,3087200,38.82
2016-10-18,38.099998,38.50,37.93,38.299999,3532600,38.299999
2016-10-17,38.450001,38.48,37.540001,37.630001,2824000,37.630001
2016-10-14,38.939999,39.200001,38.349998,38.490002,3254800,38.490002
2016-10-13,38.110001,38.240002,37.470001,38.18,3006200,38.18
2016-10-12,38.099998,38.810001,38.00,38.52,2773000,38.52
2016-10-11,38.34,38.790001,37.970001,38.119999,3481100,38.119999
2016-10-10,38.52,38.580002,38.189999,38.279999,3143700,38.279999
2016-10-07,37.990002,38.139999,37.610001,37.779999,2394800,37.779999
2016-10-06,38.349998,38.389999,37.400002,37.82,4417700,37.82
2016-10-05,38.580002,38.889999,38.240002,38.41,3160100,38.41
2016-10-04,38.68,38.810001,38.25,38.490002,2648700,38.490002
2016-10-03,38.810001,38.810001,38.169998,38.630001,2634000,38.630001
2016-09-30,38.91,39.02,38.57,38.68,3706600,38.68
2016-09-29,39.389999,39.919998,38.599998,38.599998,3254400,38.599998
2016-09-28,39.59,40.02,39.119999,39.380001,3756200,39.380001
2016-09-27,38.439999,39.220001,38.200001,39.189999,3623900,39.189999
2016-09-26,39.200001,39.299999,38.400002,38.599998,4190900,38.599998
2016-09-23,39.939999,40.139999,39.330002,39.450001,3352700,39.450001
2016-09-22,39.810001,40.09,39.540001,39.900002,3308600,39.900002
2016-09-21,38.68,39.830002,38.52,39.610001,4019400,39.610001
2016-09-20,38.900002,39.00,38.529999,38.610001,2245400,38.610001
2016-09-19,39.18,39.220001,38.529999,38.740002,3975400,38.740002
2016-09-16,38.48,39.169998,38.290001,38.91,3515000,38.91
2016-09-15,38.18,38.639999,37.720001,38.560001,3694400,38.560001
2016-09-14,38.209999,38.84,38.00,38.25,3257400,38.25
2016-09-13,38.91,39.09,37.939999,38.330002,3836800,38.330002
2016-09-12,38.220001,39.349998,38.080002,39.259998,3730100,39.259998
2016-09-09,39.099998,39.330002,38.349998,38.360001,3274500,38.360001
2016-09-08,39.700001,40.150002,39.139999,39.349998,4163600,39.349998
2016-09-07,39.23,40.00,38.869999,39.919998,6232000,39.919998
2016-09-06,38.810001,39.290001,38.439999,38.93,6312200,38.93
2016-09-02,39.700001,39.75,38.52,38.560001,6595200,38.560001
2016-09-01,39.869999,39.889999,39.259998,39.75,3194700,39.75
2016-08-31,41.119999,41.119999,39.509998,39.630001,6529200,39.630001
2016-08-30,41.84,41.990002,41.240002,41.560001,3115400,41.560001
2016-08-29,42.099998,42.52,41.799999,42.110001,1946800,42.110001
2016-08-26,42.400002,42.549999,41.82,42.119999,2399500,42.119999
2016-08-25,43.150002,43.330002,41.93,42.23,3703400,42.23
2016-08-24,43.470001,43.849998,42.959999,43.150002,3303600,43.150002
2016-08-23,43.169998,43.720001,43.029999,43.59,2885700,43.59
2016-08-22,42.93,43.169998,42.549999,42.98,2620800,42.98
2016-08-19,42.240002,43.299999,42.189999,43.009998,4311800,43.009998
2016-08-18,41.52,42.119999,41.52,42.060001,2124100,42.060001
2016-08-17,42.330002,42.459999,41.41,41.669998,3467500,41.669998
2016-08-16,42.720001,42.82,42.279999,42.330002,3727100,42.330002
2016-08-15,41.310001,42.650002,41.310001,42.240002,4997800,42.240002
2016-08-12,40.98,41.549999,40.689999,41.09,3797400,41.09
2016-08-11,39.599998,41.279999,39.599998,40.939999,5867700,40.939999
2016-08-10,39.59,40.25,39.049999,39.09,2621500,39.09
2016-08-09,39.919998,40.060001,39.220001,39.310001,2909800,39.310001
2016-08-08,40.299999,40.869999,39.57,39.740002,3413100,39.740002
2016-08-05,39.310001,40.259998,39.130001,40.029999,3711800,40.029999
2016-08-04,38.98,39.419998,38.759998,38.950001,2364900,38.950001
2016-08-03,37.380001,39.189999,37.23,38.91,3994400,38.91
2016-08-02,39.380001,39.389999,37.91,37.970001,5453100,37.970001
2016-08-01,39.549999,39.91,39.220001,39.439999,3014300,39.439999
2016-07-29,39.57,39.869999,39.099998,39.459999,4152800,39.459999
2016-07-28,39.830002,40.029999,39.099998,39.650002,4356600,39.650002
2016-07-27,41.50,41.57,39.18,39.720001,9245600,39.720001
2016-07-26,43.50,44.68,40.540001,41.360001,17891900,41.360001
2016-07-25,42.849998,43.700001,42.189999,43.59,9363800,43.59
2016-07-22,42.48,42.939999,42.110001,42.849998,4005700,42.849998
2016-07-21,42.25,42.98,42.150002,42.639999,5066100,42.639999
2016-07-20,42.00,42.32,41.619999,42.16,3564000,42.16
2016-07-19,41.580002,41.950001,41.389999,41.919998,2412700,41.919998
2016-07-18,41.669998,41.950001,41.57,41.689999,3024100,41.689999
2016-07-15,41.790001,42.029999,41.560001,41.68,2742400,41.68
2016-07-14,41.790001,42.240002,41.400002,41.540001,3222200,41.540001
2016-07-13,41.689999,41.990002,41.220001,41.509998,4034700,41.509998
2016-07-12,40.560001,42.099998,40.560001,41.799999,6523400,41.799999
2016-07-11,40.619999,40.82,40.27,40.299999,2916700,40.299999
2016-07-08,40.650002,40.84,40.130001,40.43,5008800,40.43
2016-07-07,39.880001,40.59,39.869999,40.52,3242400,40.52
2016-07-06,39.07,39.91,38.860001,39.849998,2827600,39.849998
2016-07-05,40.25,40.25,38.849998,39.200001,3913000,39.200001
2016-07-01,40.119999,40.689999,40.09,40.43,3801400,40.43
2016-06-30,39.700001,40.279999,39.150002,40.130001,4644800,40.130001
2016-06-29,38.400002,39.990002,38.400002,39.75,7711500,39.75
2016-06-28,36.509998,37.66,36.459999,37.52,6180200,37.52
2016-06-27,36.990002,37.00,35.560001,35.919998,6187200,35.919998
2016-06-24,36.740002,37.75,36.599998,37.380001,6668600,37.380001
2016-06-23,38.009998,38.400002,37.639999,38.32,3234200,38.32
2016-06-22,38.369999,38.50,37.669998,37.689999,3183000,37.689999
2016-06-21,38.200001,38.889999,38.150002,38.360001,3741400,38.360001
2016-06-20,37.900002,38.48,37.799999,38.110001,6964000,38.110001
2016-06-17,36.810001,37.23,36.540001,37.220001,6887800,37.220001
2016-06-16,37.25,37.27,36.119999,36.419998,8344700,36.419998
2016-06-15,37.360001,38.439999,37.349998,37.759998,4318500,37.759998
2016-06-14,37.450001,37.57,36.889999,37.189999,4292000,37.189999
2016-06-13,38.299999,38.380001,37.41,37.450001,4841300,37.450001
2016-06-10,38.32,38.950001,38.200001,38.380001,4760500,38.380001
2016-06-09,38.799999,38.830002,38.290001,38.66,6402400,38.66
2016-06-08,38.32,39.349998,37.84,39.040001,10563600,39.040001
2016-06-07,37.310001,37.900002,36.66,37.77,10425100,37.77
2016-06-06,36.700001,37.080002,36.459999,36.810001,10244400,36.810001
2016-06-03,36.439999,36.849998,36.299999,36.400002,11766100,36.400002
2016-06-02,36.369999,36.869999,36.259998,36.560001,10277300,36.560001
2016-06-01,37.73,37.73,35.349998,36.25,19533000,36.25
2016-05-31,38.189999,38.400002,37.650002,37.73,8023300,37.73
2016-05-27,37.84,38.139999,37.73,37.919998,3880000,37.919998
2016-05-26,38.400002,38.450001,37.73,37.759998,4691000,37.759998
2016-05-25,38.720001,38.73,37.900002,38.310001,4658900,38.310001
2016-05-24,37.41,38.689999,37.400002,38.220001,6858000,38.220001
2016-05-23,37.990002,38.509998,37.150002,37.27,5901000,37.27
2016-05-20,37.389999,38.09,37.16,37.889999,6479200,37.889999
2016-05-19,36.68,37.650002,36.610001,37.439999,6572900,37.439999
2016-05-18,36.75,36.959999,36.200001,36.57,4563900,36.57
2016-05-17,37.119999,37.360001,36.689999,36.889999,4468000,36.889999
2016-05-16,37.209999,37.48,36.759998,37.119999,5324600,37.119999
2016-05-13,37.450001,38.099998,37.00,37.150002,5679100,37.150002
2016-05-12,37.630001,38.07,37.080002,37.66,7157200,37.66
2016-05-11,38.599998,38.73,37.200001,37.380001,8009700,37.380001
2016-05-10,38.900002,39.639999,38.75,39.080002,5837800,39.080002
2016-05-09,38.66,38.990002,38.32,38.700001,6488600,38.700001
2016-05-06,39.599998,39.669998,38.549999,38.700001,7356800,38.700001
2016-05-05,39.849998,40.240002,39.279999,39.75,6161500,39.75
2016-05-04,41.50,41.66,39.439999,39.509998,18769700,39.509998
2016-05-03,43.290001,43.389999,42.369999,42.73,4646400,42.73
2016-05-02,43.889999,44.099998,43.16,43.740002,5359500,43.740002
2016-04-29,44.610001,44.66,43.369999,43.939999,4806100,43.939999
2016-04-28,44.84,45.990002,44.549999,44.66,4575500,44.66
2016-04-27,46.560001,46.580002,44.299999,44.799999,6509700,44.799999
2016-04-26,46.540001,47.380001,46.25,46.75,5798600,46.75
2016-04-25,46.759998,46.889999,46.25,46.59,6684100,46.59
2016-04-22,47.200001,47.950001,45.82,46.990002,8801600,46.990002
2016-04-21,47.610001,47.799999,46.150002,46.93,15139100,46.93
2016-04-20,43.950001,44.369999,43.509998,43.950001,6672200,43.950001
2016-04-19,43.950001,44.490002,43.41,43.950001,3928800,43.950001
2016-04-18,42.959999,43.740002,42.959999,43.709999,4123600,43.709999
2016-04-15,42.849998,43.110001,42.220001,43.080002,5095700,43.080002
2016-04-14,43.130001,44.029999,43.07,43.48,5185000,43.48
2016-04-13,41.84,43.119999,41.549999,42.959999,8984000,42.959999
2016-04-12,41.150002,41.41,40.009998,41.400002,8177800,41.400002
2016-04-11,43.360001,43.470001,40.860001,41.150002,15365000,41.150002
2016-04-08,45.27,45.43,42.490002,43.540001,11951500,43.540001
2016-04-07,85.82,86.449997,84.779999,85.970001,4896800,42.985001
2016-04-06,83.839996,86.209999,83.239998,85.839996,4893800,42.919998
2016-04-05,83.080002,84.18,82.169998,83.540001,3658000,41.77
2016-04-04,85.160004,85.190002,82.900002,83.379997,3958600,41.689999
2016-04-01,84.050003,85.019997,83.129997,84.699997,3951800,42.349998
2016-03-31,85.620003,86.830002,84.739998,84.830002,5066000,42.415001
2016-03-30,84.269997,86.199997,83.849998,85.639999,5371600,42.82
2016-03-29,83.00,83.629997,82.75,83.510002,3304400,41.755001
2016-03-28,82.870003,83.519997,82.160004,82.940002,3086000,41.470001
2016-03-24,82.639999,82.870003,81.260002,82.160004,3346000,41.080002
2016-03-23,83.220001,83.959999,82.699997,82.879997,4012600,41.439999
2016-03-22,85.360001,85.360001,83.550003,84.449997,4534400,42.224998
2016-03-21,84.57,86.540001,84.330002,85.510002,6269200,42.755001
2016-03-18,83.540001,85.300003,83.419998,84.279999,7206600,42.139999
2016-03-17,81.139999,83.989998,80.970001,83.139999,6992800,41.57
2016-03-16,80.879997,81.18,79.860001,81.00,3596400,40.50
2016-03-15,81.690002,81.800003,80.370003,81.019997,3761000,40.509998
2016-03-14,82.389999,82.400002,81.400002,81.809998,4548400,40.904999
2016-03-11,81.559998,82.779999,80.370003,82.449997,3455400,41.224998
2016-03-10,81.150002,82.190002,80.040001,81.029999,3789800,40.514999
2016-03-09,81.589996,81.68,78.900002,80.300003,6594600,40.150002
2016-03-08,82.440002,82.919998,81.190002,81.300003,4677000,40.650002
2016-03-07,83.559998,84.489998,82.379997,83.199997,5285000,41.599998
2016-03-04,83.349998,84.639999,82.25,84.00,5755400,42.00
2016-03-03,82.400002,83.470001,80.57,83.089996,6458800,41.544998
2016-03-02,84.830002,84.970001,83.07,83.93,3790800,41.965
2016-03-01,84.139999,85.790001,83.849998,84.93,4936600,42.465
2016-02-29,84.199997,84.440002,83.139999,83.690002,5497200,41.845001
2016-02-26,83.199997,84.93,82.50,83.809998,5608600,41.904999
2016-02-25,82.410004,83.699997,81.870003,83.059998,4502400,41.529999
2016-02-24,79.849998,82.599998,79.190002,82.150002,4832600,41.075001
2016-02-23,81.07,81.980003,79.830002,80.50,4688800,40.25
2016-02-22,81.139999,82.199997,80.650002,81.089996,3865600,40.544998
2016-02-19,80.50,81.870003,79.040001,80.639999,6023200,40.32
2016-02-18,83.160004,83.449997,80.720001,81.029999,5791200,40.514999
2016-02-17,80.949997,83.629997,80.239998,82.970001,8453600,41.485001
2016-02-16,77.989998,81.220001,77.68,79.940002,12209600,39.970001
2016-02-12,73.860001,76.360001,72.839996,76.290001,7533800,38.145
2016-02-11,73.07,73.980003,71.190002,72.580002,7822400,36.290001
2016-02-10,73.010002,76.050003,71.800003,74.480003,9535800,37.240002
2016-02-09,71.449997,75.300003,70.839996,72.349998,11244000,36.174999
2016-02-08,76.360001,76.360001,70.330002,72.559998,16850600,36.279999
2016-02-05,80.480003,80.889999,74.440002,77.330002,14051200,38.665001
2016-02-04,80.089996,80.68,78.629997,80.540001,6038200,40.27
2016-02-03,82.169998,82.790001,78.330002,80.900002,8568800,40.450001
2016-02-02,84.919998,85.949997,80.919998,82.00,8203800,41.00
2016-02-01,84.800003,85.580002,83.309998,85.129997,9868000,42.564999
2016-01-29,83.879997,86.290001,82.010002,85.43,16505400,42.715
2016-01-28,79.489998,84.779999,78.110001,84.07,37161800,42.035
2016-01-27,67.00,70.260002,66.93,68.580002,11583600,34.290001
2016-01-26,67.110001,68.400002,66.089996,67.360001,9464400,33.68
2016-01-25,70.75,70.800003,67.790001,68.160004,7125400,34.080002
2016-01-22,69.839996,70.809998,69.129997,70.790001,6635600,35.395
2016-01-21,67.599998,70.339996,67.00,69.059998,10059600,34.529999
2016-01-20,65.800003,68.300003,63.23,67.339996,13514000,33.669998
2016-01-19,69.050003,69.559998,66.43,67.110001,8032200,33.555
2016-01-15,67.760002,69.410004,67.25,68.629997,7783400,34.314999
2016-01-14,71.75,71.849998,67.849998,69.870003,11225600,34.935001
2016-01-13,71.870003,73.900002,71.690002,71.870003,10343000,35.935001
2016-01-12,71.050003,72.190002,69.32,72.150002,11658000,36.075001
2016-01-11,70.870003,72.410004,67.43,69.959999,29036400,34.98
2016-01-08,78.349998,78.480003,74.779999,75.00,9608200,37.50
2016-01-07,78.610001,80.629997,77.529999,78.00,7324000,39.00
2016-01-06,78.75,80.860001,78.629997,79.870003,6250400,39.935001
2016-01-05,81.230003,81.50,79.550003,80.150002,5210200,40.075001
2016-01-04,79.669998,80.120003,78.449997,79.660004,9240600,39.830002
2015-12-31,80.889999,81.720001,80.470001,80.610001,4709000,40.305
2015-12-30,82.190002,82.449997,80.639999,80.959999,3240600,40.48
2015-12-29,81.68,82.75,81.389999,82.25,3694600,41.125
2015-12-28,81.099998,81.919998,80.110001,81.220001,3317800,40.610001
2015-12-24,81.709999,81.910004,79.910004,81.199997,3160800,40.599998
2015-12-23,82.910004,83.00,80.889999,81.989998,8235600,40.994999
2015-12-22,81.050003,81.349998,77.779999,80.370003,11594400,40.185001
2015-12-21,81.309998,82.00,80.410004,80.970001,3538000,40.485001
2015-12-18,81.699997,82.720001,80.839996,80.870003,7065000,40.435001
2015-12-17,83.620003,83.800003,81.230003,81.269997,5031400,40.634998
2015-12-16,81.900002,83.199997,81.029999,83.110001,6566400,41.555
2015-12-15,83.830002,83.839996,81.370003,81.519997,6307200,40.759998
2015-12-14,82.620003,83.580002,82.290001,83.160004,5701800,41.580002
2015-12-11,84.860001,84.919998,82.120003,82.559998,8239000,41.279999
2015-12-10,86.260002,86.769997,85.480003,85.669998,3463200,42.834999
2015-12-09,86.480003,88.269997,85.32,86.309998,4893400,43.154999
2015-12-08,86.029999,87.989998,85.709999,87.230003,5901800,43.615002
2015-12-07,87.00,87.440002,85.779999,86.580002,4413400,43.290001
2015-12-04,84.50,87.470001,84.00,87.309998,7718400,43.654999
2015-12-03,87.010002,87.50,83.110001,84.150002,6956200,42.075001
2015-12-02,87.00,88.559998,86.410004,86.919998,4982800,43.459999
2015-12-01,86.790001,87.690002,86.110001,87.18,5522200,43.59
2015-11-30,87.580002,87.650002,85.779999,86.220001,9732800,43.110001
2015-11-27,92.519997,92.709999,89.32,89.68,3640000,44.84
2015-11-25,92.00,92.589996,91.75,92.099998,3094600,46.049999
2015-11-24,91.300003,92.919998,91.150002,92.080002,4099800,46.040001
2015-11-23,92.010002,93.019997,91.940002,92.160004,6873200,46.080002
2015-11-20,90.489998,92.989998,90.489998,92.010002,10562000,46.005001
2015-11-19,87.75,89.650002,87.50,89.25,7789400,44.625
2015-11-18,85.239998,87.339996,84.650002,87.300003,8461200,43.650002
2015-11-17,87.489998,88.00,84.190002,84.989998,20887400,42.494999
2015-11-16,87.410004,90.07,86.419998,90.00,7146600,45.00
2015-11-13,90.889999,91.00,86.080002,87.43,14514600,43.715
2015-11-12,93.18,94.160004,92.279999,92.360001,6131600,46.18
2015-11-11,95.440002,95.839996,92.529999,93.57,5862000,46.785
2015-11-10,93.32,95.580002,92.730003,95.480003,4187400,47.740002
2015-11-09,95.349998,95.809998,93.120003,93.510002,4063000,46.755001
2015-11-06,95.50,97.540001,95.50,96.010002,3412200,48.005001
2015-11-05,96.07,96.660004,94.379997,96.029999,4193600,48.014999
2015-11-04,96.360001,96.589996,94.809998,95.300003,4528600,47.650002
2015-11-03,95.589996,96.489998,95.18,96.400002,4072200,48.200001
2015-11-02,95.239998,95.970001,93.650002,95.699997,3684800,47.849998
2015-10-30,96.449997,96.50,94.959999,95.080002,4631400,47.540001
2015-10-29,96.290001,96.919998,94.75,96.360001,4664400,48.18
2015-10-28,94.959999,96.559998,94.230003,96.540001,4804800,48.27
2015-10-27,93.769997,95.209999,93.269997,94.730003,5056400,47.365002
2015-10-26,92.00,94.720001,91.50,94.059998,7421200,47.029999
2015-10-23,93.379997,93.68,88.010002,92.019997,18838400,46.009998
2015-10-22,98.07,100.669998,90.629997,93.809998,27536200,46.904999
2015-10-21,100.599998,100.739998,98.660004,99.150002,7909800,49.575001
2015-10-20,100.309998,101.239998,98.949997,99.970001,4764600,49.985001
2015-10-19,99.800003,100.690002,98.879997,100.449997,4899000,50.224998
2015-10-16,100.959999,101.43,98.980003,100.080002,5623800,50.040001
2015-10-15,98.370003,99.720001,97.629997,99.489998,4554000,49.744999
2015-10-14,100.489998,101.599998,96.93,97.279999,7343400,48.639999
2015-10-13,101.089996,102.720001,100.480003,101.300003,5676600,50.650002
2015-10-12,102.279999,104.739998,101.639999,103.349998,3365400,51.674999
2015-10-09,101.00,102.470001,100.059998,102.32,3435800,51.16
2015-10-08,99.00,101.449997,98.139999,101.139999,3836200,50.57
2015-10-07,100.25,100.550003,96.879997,99.059998,6338800,49.529999
2015-10-06,101.489998,102.169998,99.300003,99.860001,4278200,49.93
2015-10-05,101.349998,102.00,99.629997,101.860001,4352200,50.93
2015-10-02,97.599998,100.25,95.830002,100.25,5132600,50.125
2015-10-01,97.059998,98.949997,95.650002,98.839996,5532000,49.419998
2015-09-30,96.209999,98.540001,94.68,96.779999,8720000,48.389999
2015-09-29,100.830002,100.959999,93.32,93.959999,10559200,46.98
2015-09-28,103.57,104.019997,100.209999,100.790001,7753200,50.395
2015-09-25,104.589996,105.849998,103.040001,103.709999,6190000,51.855
2015-09-24,100.870003,102.449997,99.220001,102.190002,3777800,51.095001
2015-09-23,102.010002,102.540001,100.849998,101.43,3128600,50.715
2015-09-22,101.519997,102.599998,100.629997,101.889999,3534600,50.945
2015-09-21,102.239998,104.370003,101.599998,103.07,4229400,51.535
2015-09-18,102.620003,104.589996,101.769997,101.800003,9855200,50.900002
2015-09-17,103.360001,105.889999,103.059998,104.099998,10519800,52.049999
2015-09-16,98.629997,103.559998,97.330002,103.360001,13613600,51.68
2015-09-15,96.589996,98.879997,95.720001,98.68,4463800,49.34
2015-09-14,96.519997,96.940002,95.089996,96.150002,2926600,48.075001
2015-09-11,95.660004,96.910004,95.300003,96.589996,2772400,48.294998
2015-09-10,95.00,96.860001,94.18,96.169998,4384000,48.084999
2015-09-09,97.900002,97.980003,94.860001,95.110001,4187800,47.555
2015-09-08,97.00,97.660004,95.529999,97.07,3990000,48.535
2015-09-04,94.519997,95.669998,93.910004,95.00,3390000,47.50
2015-09-03,96.089996,97.019997,95.07,95.629997,5252400,47.814999
2015-09-02,94.529999,95.639999,93.199997,95.639999,5916400,47.82
2015-09-01,93.360001,95.029999,92.519997,93.160004,5676200,46.580002
2015-08-31,96.029999,97.489998,95.190002,95.529999,4242600,47.764999
2015-08-28,95.120003,97.410004,94.610001,96.410004,5995200,48.205002
2015-08-27,93.550003,95.779999,92.599998,95.690002,9563400,47.845001
2015-08-26,89.690002,90.919998,87.029999,90.760002,7532600,45.380001
2015-08-25,89.050003,91.370003,87.00,87.019997,10651400,43.509998
2015-08-24,81.120003,88.690002,80.120003,85.440002,18842600,42.720001
2015-08-21,95.07,95.400002,89.260002,90.029999,13940800,45.014999
2015-08-20,99.010002,99.25,96.550003,96.650002,4402000,48.325001
2015-08-19,99.870003,100.599998,99.099998,100.059998,2391600,50.029999
2015-08-18,100.610001,101.68,100.00,100.360001,2554200,50.18
2015-08-17,100.230003,100.75,98.699997,100.739998,3352200,50.369999
2015-08-14,99.610001,100.639999,98.93,100.25,2756000,50.125
2015-08-13,98.129997,100.510002,97.650002,99.400002,3742600,49.700001
2015-08-12,98.440002,98.459999,95.849998,97.769997,4995000,48.884998
2015-08-11,98.389999,99.360001,97.690002,99.089996,3090600,49.544998
2015-08-10,98.93,100.190002,98.559998,98.75,4149400,49.375
2015-08-07,98.150002,98.199997,96.330002,97.93,4943600,48.965
2015-08-06,101.139999,101.779999,97.580002,98.190002,4845400,49.095001
2015-08-05,99.839996,101.82,99.510002,101.040001,4125600,50.52
2015-08-04,98.540001,99.589996,97.760002,99.349998,2943800,49.674999
2015-08-03,99.660004,99.669998,97.089996,98.260002,5072400,49.130001
2015-07-31,99.889999,100.019997,98.699997,99.330002,4717400,49.665001
2015-07-30,98.660004,99.43,98.150002,99.279999,3519800,49.639999
2015-07-29,97.849998,98.910004,97.599998,98.82,4329400,49.41
2015-07-28,97.00,97.93,96.010002,97.849998,5463600,48.924999
2015-07-27,95.230003,96.489998,94.190002,96.43,5986000,48.215
2015-07-24,96.709999,97.190002,94.75,96.050003,7970400,48.025002
2015-07-23,93.50,97.690002,93.349998,95.93,20061000,47.965
2015-07-22,88.00,89.959999,88.00,89.370003,6086600,44.685001
2015-07-21,88.669998,89.099998,87.599998,88.339996,3946000,44.169998
2015-07-20,87.900002,89.470001,87.660004,88.949997,5391800,44.474998
2015-07-17,85.519997,87.650002,85.419998,87.220001,5413200,43.610001
2015-07-16,86.949997,87.230003,84.370003,85.349998,12416600,42.674999
2015-07-15,88.800003,89.00,88.099998,88.279999,2746800,44.139999
2015-07-14,89.279999,89.300003,88.269997,88.800003,3714800,44.400002
2015-07-13,87.160004,89.459999,87.089996,89.349998,5443600,44.674999
2015-07-10,85.449997,86.400002,84.769997,86.239998,3368000,43.119999
2015-07-09,85.389999,85.800003,84.480003,84.489998,3840000,42.244999
2015-07-08,84.370003,85.129997,83.870003,84.389999,3466200,42.195
2015-07-07,84.800003,84.949997,83.309998,84.940002,2797400,42.470001
2015-07-06,83.989998,85.00,83.709999,84.580002,1775600,42.290001
2015-07-02,84.489998,84.779999,83.900002,84.589996,2103200,42.294998
2015-07-01,84.260002,84.739998,83.709999,84.260002,3215200,42.130001
2015-06-30,83.889999,84.040001,83.029999,83.440002,3740400,41.720001
2015-06-29,84.970001,85.190002,82.849998,82.93,4312200,41.465
2015-06-26,85.709999,86.300003,85.379997,85.93,4415800,42.965
2015-06-25,84.830002,85.290001,84.300003,85.150002,2892600,42.575001
2015-06-24,85.269997,85.269997,84.199997,84.339996,2913600,42.169998
2015-06-23,85.139999,85.589996,84.50,85.389999,3630400,42.695
2015-06-22,84.00,85.080002,83.75,84.900002,4089200,42.450001
2015-06-19,83.510002,83.93,83.080002,83.18,3528000,41.59
2015-06-18,82.690002,83.93,82.690002,83.699997,2995800,41.849998
2015-06-17,83.059998,83.059998,82.050003,82.639999,2853000,41.32
2015-06-16,81.379997,82.790001,81.209999,82.779999,3823200,41.389999
2015-06-15,80.769997,81.599998,80.400002,81.190002,1961600,40.595001
2015-06-12,80.68,81.620003,80.620003,81.290001,1844600,40.645
2015-06-11,81.290001,82.150002,80.910004,81.260002,3111600,40.630001
2015-06-10,81.089996,81.849998,80.540001,81.559998,2659200,40.779999
2015-06-09,80.940002,81.150002,79.629997,80.669998,2178200,40.334999
2015-06-08,81.699997,82.129997,80.910004,80.959999,2948600,40.48
2015-06-05,79.400002,82.00,79.160004,81.839996,7254400,40.919998
2015-06-04,77.900002,78.589996,77.550003,78.040001,3132600,39.02
2015-06-03,78.279999,78.599998,77.849998,78.379997,2318600,39.189999
2015-06-02,78.550003,78.730003,77.790001,77.900002,3161800,38.950001
2015-06-01,78.580002,78.940002,77.699997,78.620003,2659000,39.310001
2015-05-29,78.510002,78.889999,77.809998,78.410004,4403600,39.205002
2015-05-28,76.919998,78.43,76.610001,78.379997,3083600,39.189999
2015-05-27,77.559998,77.699997,76.669998,76.919998,4478800,38.459999
2015-05-26,78.150002,78.440002,77.610001,77.720001,2854800,38.860001
2015-05-22,78.150002,78.93,78.019997,78.470001,2978400,39.235001
2015-05-21,78.589996,78.790001,77.699997,78.199997,2225400,39.099998
2015-05-20,78.730003,78.849998,77.660004,78.589996,2621400,39.294998
2015-05-19,79.010002,79.389999,78.43,78.580002,2584200,39.290001
2015-05-18,77.919998,79.059998,77.82,78.860001,3069400,39.43
2015-05-15,78.230003,78.440002,77.639999,77.82,2296800,38.91
2015-05-14,77.68,78.379997,76.510002,78.089996,3178800,39.044998
2015-05-13,77.910004,78.169998,76.879997,77.370003,2800000,38.685001
2015-05-12,77.599998,78.290001,77.050003,77.919998,2453000,38.959999
2015-05-11,79.019997,79.440002,78.209999,78.260002,3670400,39.130001
2015-05-08,78.739998,79.690002,78.449997,79.080002,4571800,39.540001
2015-05-07,77.00,78.349998,76.830002,77.760002,3843000,38.880001
2015-05-06,77.120003,77.400002,76.150002,76.739998,4695000,38.369999
2015-05-05,76.900002,77.57,76.339996,77.080002,4146200,38.540001
2015-05-04,78.110001,78.389999,76.800003,77.110001,5220400,38.555
2015-05-01,77.809998,78.379997,77.510002,77.959999,4969000,38.98
2015-04-30,78.900002,79.290001,77.059998,77.550003,6638000,38.775002
2015-04-29,79.949997,80.019997,78.160004,78.900002,8280800,39.450001
2015-04-28,81.00,81.160004,79.639999,80.489998,5967400,40.244999
2015-04-27,82.839996,83.029999,81.300003,81.449997,4564000,40.724998
2015-04-24,83.559998,83.559998,82.360001,82.559998,4162000,41.279999
2015-04-23,82.129997,84.099998,82.07,83.260002,7181600,41.630001
2015-04-22,84.010002,84.050003,81.529999,82.269997,12511200,41.134998
2015-04-21,85.779999,85.779999,83.18,83.519997,24559000,41.759998
2015-04-20,86.300003,88.150002,85.800003,87.760002,11319000,43.880001
2015-04-17,85.25,85.50,84.370003,85.139999,4649800,42.57
2015-04-16,84.50,85.779999,84.349998,85.709999,4126400,42.855
2015-04-15,84.489998,84.870003,83.730003,84.209999,4079000,42.105
2015-04-14,85.510002,85.68,83.339996,84.010002,5551200,42.005001
2015-04-13,85.309998,85.940002,84.32,85.110001,6803200,42.555
2015-04-10,84.300003,84.489998,83.25,83.75,4152400,41.875
2015-04-09,82.949997,84.440002,82.849998,84.190002,4951600,42.095001
2015-04-08,81.269997,82.800003,81.139999,82.720001,4192200,41.360001
2015-04-07,80.410004,81.620003,80.410004,80.839996,2483400,40.419998
2015-04-06,79.050003,80.489998,78.529999,80.25,2841400,40.125
2015-04-02,78.900002,79.919998,78.839996,79.410004,3195800,39.705002
2015-04-01,80.629997,80.629997,78.080002,78.800003,4865600,39.400002
2015-03-31,80.589996,81.790001,80.459999,80.75,4052000,40.375
2015-03-30,80.400002,80.870003,79.849998,79.910004,2491200,39.955002
2015-03-27,79.599998,79.870003,78.800003,79.699997,4094400,39.849998
2015-03-26,79.080002,79.440002,77.519997,78.629997,5178400,39.314999
2015-03-25,81.389999,81.50,79.440002,79.449997,3903000,39.724998
2015-03-24,81.650002,81.910004,81.059998,81.50,2210400,40.75
2015-03-23,81.790001,82.669998,81.330002,81.839996,3691200,40.919998
2015-03-20,82.07,82.339996,81.040001,81.43,5031400,40.715
2015-03-19,80.019997,81.160004,79.889999,81.010002,3153400,40.505001
2015-03-18,78.480003,80.459999,78.010002,80.029999,4422800,40.014999
2015-03-17,77.199997,78.93,77.00,78.809998,5007400,39.404999
2015-03-16,76.379997,77.300003,76.099998,77.290001,2747000,38.645
2015-03-13,76.489998,77.190002,75.440002,76.050003,2609000,38.025002
2015-03-12,75.099998,76.849998,74.75,76.690002,3179800,38.345001
2015-03-11,74.690002,75.330002,74.400002,74.610001,2319800,37.305
2015-03-10,75.029999,75.300003,74.50,74.599998,2388200,37.299999
2015-03-09,74.839996,75.910004,74.690002,75.800003,2684800,37.900002
2015-03-06,75.790001,76.32,74.540001,74.800003,2259800,37.400002
2015-03-05,75.589996,76.32,75.510002,75.790001,3987400,37.895
2015-03-04,76.010002,76.25,75.110001,75.510002,3852800,37.755001
2015-03-03,77.07,77.07,76.029999,76.440002,4324600,38.220001
2015-03-02,76.989998,77.489998,76.620003,77.040001,4475800,38.52
2015-02-27,77.00,77.150002,76.559998,77.010002,3304200,38.505001
2015-02-26,76.629997,77.279999,76.540001,77.010002,3398000,38.505001
2015-02-25,75.919998,77.230003,75.879997,76.449997,3970600,38.224998
2015-02-24,75.870003,76.50,75.349998,75.550003,2817600,37.775002
2015-02-23,75.800003,76.32,75.559998,75.870003,4069000,37.935001
2015-02-20,73.739998,75.199997,73.290001,75.029999,3613000,37.514999
2015-02-19,74.050003,74.169998,73.43,73.830002,2639800,36.915001
2015-02-18,72.870003,74.160004,72.540001,74.120003,2896800,37.060001
2015-02-17,73.559998,74.099998,72.720001,72.900002,5519800,36.450001
2015-02-13,74.010002,74.730003,73.610001,73.760002,3146400,36.880001
2015-02-12,73.970001,74.099998,73.349998,73.949997,2811800,36.974998
2015-02-11,73.379997,74.379997,73.190002,73.779999,3520600,36.889999
2015-02-10,73.290001,73.68,72.720001,73.370003,4014400,36.685001
2015-02-09,73.919998,73.919998,72.169998,72.68,6428200,36.34
2015-02-06,73.419998,74.870003,72.900002,74.110001,5877200,37.055
2015-02-05,74.07,76.540001,72.339996,73.300003,22097600,36.650002
2015-02-04,72.800003,73.949997,72.019997,73.57,8923400,36.785
2015-02-03,72.57,72.879997,71.879997,72.830002,4900400,36.415001
2015-02-02,72.199997,72.519997,71.010002,71.949997,5351200,35.974998
2015-01-30,72.389999,73.669998,71.519997,72.080002,4787600,36.040001
2015-01-29,71.25,72.980003,70.949997,72.800003,4797400,36.400002
2015-01-28,72.349998,72.489998,70.730003,70.870003,3591200,35.435001
2015-01-27,70.209999,72.699997,70.029999,71.959999,5357800,35.98
2015-01-26,69.879997,71.889999,69.839996,71.610001,5017400,35.805
2015-01-23,69.400002,70.150002,69.00,69.82,4372800,34.91
2015-01-22,67.080002,69.650002,66.470001,69.419998,6830000,34.709999
2015-01-21,65.410004,66.860001,65.019997,66.580002,4968800,33.290001
2015-01-20,65.32,65.910004,64.379997,65.470001,5030600,32.735001
2015-01-16,64.510002,65.279999,63.77,65.199997,5010600,32.599998
2015-01-15,66.089996,66.25,64.529999,64.650002,3467400,32.325001
2015-01-14,65.540001,66.260002,64.940002,65.75,4109800,32.875
2015-01-13,67.589996,67.889999,65.910004,66.599998,2925600,33.299999
2015-01-12,67.760002,67.970001,66.779999,67.129997,3143000,33.564999
2015-01-09,68.550003,68.669998,67.18,67.650002,3032400,33.825001
2015-01-08,67.080002,68.300003,67.080002,68.269997,4548200,34.134998
2015-01-07,65.120003,66.720001,65.019997,66.559998,5930800,33.279999
2015-01-06,66.860001,66.970001,64.120003,64.220001,7748800,32.110001
2015-01-05,65.879997,66.080002,64.790001,65.300003,7147600,32.650002
2015-01-02,68.419998,68.510002,66.120003,66.889999,3591600,33.445
2014-12-31,68.540001,69.199997,67.849998,67.900002,2661600,33.950001
2014-12-30,68.800003,69.470001,68.290001,68.330002,2066800,34.165001
2014-12-29,68.089996,69.089996,68.00,68.800003,3036400,34.400002
2014-12-26,68.349998,68.739998,68.010002,68.089996,2217600,34.044998
2014-12-24,67.82,68.470001,67.75,67.970001,1499200,33.985001
2014-12-23,68.480003,68.489998,67.68,67.790001,3791800,33.895
2014-12-22,69.099998,69.639999,67.910004,68.059998,4705400,34.029999
2014-12-19,70.790001,71.00,69.040001,69.089996,6483200,34.544998
2014-12-18,70.239998,70.980003,69.580002,70.940002,5285200,35.470001
2014-12-17,66.449997,69.32,66.449997,69.150002,5269400,34.575001
2014-12-16,68.540001,68.690002,66.370003,66.449997,4011200,33.224998
2014-12-15,69.099998,69.599998,67.82,68.540001,3688000,34.27
2014-12-12,68.07,69.82,68.040001,68.830002,2877400,34.415001
2014-12-11,68.160004,69.379997,67.629997,68.529999,3642800,34.264999
2014-12-10,68.300003,68.980003,67.260002,67.800003,3273000,33.900002
2014-12-09,68.019997,68.449997,66.419998,68.339996,4963200,34.169998
2014-12-08,69.379997,70.269997,68.07,68.629997,2975000,34.314999
2014-12-05,69.739998,69.940002,69.110001,69.43,2244600,34.715
2014-12-04,69.639999,70.650002,69.230003,69.589996,2982400,34.794998
2014-12-03,69.830002,69.959999,69.199997,69.879997,2916400,34.939999
2014-12-02,70.00,70.230003,69.120003,69.470001,3457000,34.735001
2014-12-01,72.550003,72.75,69.669998,69.779999,4791600,34.889999
2014-11-28,71.919998,72.980003,71.900002,72.489998,2386600,36.244999
2014-11-26,70.669998,71.82,70.50,71.480003,3397000,35.740002
2014-11-25,70.32,70.900002,70.220001,70.669998,3293600,35.334999
2014-11-24,69.660004,70.139999,69.370003,70.00,4977600,35.00
2014-11-21,71.190002,71.190002,68.720001,69.300003,6276000,34.650002
2014-11-20,70.199997,70.919998,69.629997,70.410004,4045200,35.205002
2014-11-19,69.300003,70.720001,68.370003,70.480003,5441800,35.240002
2014-11-18,69.25,69.650002,68.50,69.370003,3352800,34.685001
2014-11-17,68.849998,69.459999,68.379997,68.889999,3771400,34.445
2014-11-14,69.050003,69.669998,69.010002,69.150002,3408400,34.575001
2014-11-13,69.160004,70.00,68.839996,69.050003,3403400,34.525002
2014-11-12,68.080002,69.349998,67.949997,69.150002,3696000,34.575001
2014-11-11,68.389999,68.730003,67.809998,68.32,3534600,34.16
2014-11-10,67.199997,68.849998,67.050003,68.339996,5717800,34.169998
2014-11-07,66.690002,67.440002,66.239998,66.980003,3977800,33.490002
2014-11-06,64.459999,66.32,64.339996,66.279999,3802600,33.139999
2014-11-05,65.080002,65.290001,63.650002,64.25,4969200,32.125
2014-11-04,65.550003,65.690002,64.610001,64.790001,5165800,32.395
2014-11-03,65.709999,66.690002,65.559998,65.989998,4647400,32.994999
2014-10-31,65.449997,66.220001,64.860001,65.580002,5724800,32.790001
2014-10-30,64.239998,65.059998,63.990002,64.230003,3334400,32.115002
2014-10-29,64.059998,64.360001,63.59,64.269997,5694200,32.134998
2014-10-28,64.709999,64.900002,63.970001,64.300003,3929800,32.150002
2014-10-27,64.139999,65.150002,63.779999,64.709999,3717400,32.355
2014-10-24,64.349998,65.050003,63.880001,64.25,4698000,32.125
2014-10-23,62.790001,67.400002,61.82,64.339996,19993000,32.169998
2014-10-22,67.82,68.239998,65.760002,66.050003,8834600,33.025002
2014-10-21,65.730003,67.489998,65.68,67.449997,6022000,33.724998
2014-10-20,65.07,65.540001,64.599998,65.110001,5467600,32.555
2014-10-17,65.769997,66.480003,64.900002,65.129997,5838200,32.564999
2014-10-16,61.689999,64.82,61.560001,64.629997,5827000,32.314999
2014-10-15,60.610001,63.299999,60.00,63.009998,8991200,31.504999
2014-10-14,62.220001,62.82,61.09,61.709999,7529800,30.855
2014-10-13,63.509998,63.650002,60.240002,61.639999,8451400,30.82
2014-10-10,65.370003,65.919998,63.259998,63.720001,5471600,31.860001
2014-10-09,67.449997,67.889999,65.110001,65.370003,5994600,32.685001
2014-10-08,66.089996,67.709999,64.879997,67.510002,4745000,33.755001
2014-10-07,66.449997,67.139999,65.75,66.010002,3915600,33.005001
2014-10-06,68.279999,68.400002,66.50,66.800003,4059400,33.400002
2014-10-03,67.489998,68.339996,67.150002,67.839996,3981200,33.919998
2014-10-02,66.339996,67.029999,64.440002,66.790001,6279400,33.395
2014-10-01,68.900002,69.010002,65.620003,66.370003,6622800,33.185001
2014-09-30,70.07,70.50,68.879997,69.099998,5011200,34.549999
2014-09-29,68.900002,70.290001,68.760002,70.120003,3929800,35.060001
2014-09-26,69.260002,70.57,69.099998,69.82,9014400,34.91
2014-09-25,68.400002,68.879997,67.50,67.550003,6129800,33.775002
2014-09-24,66.910004,68.739998,66.470001,68.68,3919000,34.34
2014-09-23,66.220001,68.00,66.169998,66.879997,4688400,33.439999
2014-09-22,68.309998,68.43,65.139999,66.470001,6502800,33.235001
2014-09-19,70.059998,70.160004,68.25,68.410004,10948800,34.205002
2014-09-18,69.230003,69.75,69.059998,69.57,2782000,34.785
2014-09-17,68.190002,69.599998,68.190002,69.089996,5326000,34.544998
2014-09-16,67.00,68.029999,66.510002,67.75,5447800,33.875
2014-09-15,69.269997,69.389999,66.230003,67.190002,6112600,33.595001
2014-09-12,70.029999,70.410004,68.620003,69.239998,3603600,34.619999
2014-09-11,70.110001,70.370003,69.330002,69.919998,3712800,34.959999
2014-09-10,70.599998,71.089996,69.510002,70.120003,4118600,35.060001
2014-09-09,72.860001,72.860001,70.370003,70.599998,4450600,35.299999
2014-09-08,72.529999,73.419998,71.93,72.690002,3111800,36.345001
2014-09-05,71.68,72.639999,71.150002,72.529999,3497200,36.264999
2014-09-04,70.559998,72.650002,70.480003,71.970001,5512400,35.985001
2014-09-03,71.760002,72.379997,70.139999,70.339996,4923600,35.169998
2014-09-02,68.559998,71.169998,68.400002,71.129997,7291400,35.564999
2014-08-29,69.959999,69.980003,68.110001,68.360001,4794800,34.18
2014-08-28,69.790001,69.849998,69.220001,69.68,3119200,34.84
2014-08-27,70.690002,70.839996,69.639999,70.059998,3598800,35.029999
2014-08-26,70.639999,71.190002,70.00,70.82,2655400,35.41
2014-08-25,71.169998,71.389999,70.459999,70.550003,2399000,35.275002
2014-08-22,69.550003,70.889999,68.889999,70.620003,3364600,35.310001
2014-08-21,70.879997,70.889999,69.080002,69.440002,3360800,34.720001
2014-08-20,69.790001,71.269997,69.589996,70.559998,3176400,35.279999
2014-08-19,70.610001,71.790001,69.639999,70.120003,4245800,35.060001
2014-08-18,69.400002,70.410004,69.239998,70.18,4906000,35.09
2014-08-15,69.230003,69.510002,68.089996,68.839996,3099200,34.419998
2014-08-14,69.389999,69.449997,68.360001,68.800003,2870000,34.400002
2014-08-13,68.589996,69.269997,68.00,69.089996,3771800,34.544998
2014-08-12,69.029999,70.07,68.099998,68.360001,4056800,34.18
2014-08-11,68.900002,69.400002,68.150002,68.900002,3247000,34.450001
2014-08-08,67.949997,68.589996,67.169998,68.489998,3045400,34.244999
2014-08-07,68.50,68.989998,67.410004,67.739998,2886600,33.869999
2014-08-06,67.610001,68.919998,67.18,68.239998,3659200,34.119999
2014-08-05,68.050003,68.910004,67.699997,68.349998,4077000,34.174999
2014-08-04,67.949997,68.639999,67.18,68.279999,3454600,34.139999
2014-08-01,66.919998,67.889999,66.449997,67.440002,5295800,33.720001
2014-07-31,68.260002,68.970001,66.279999,66.75,9044000,33.375
2014-07-30,69.239998,69.660004,68.68,69.220001,5658000,34.610001
2014-07-29,69.980003,69.980003,68.68,68.849998,4267200,34.424999
2014-07-28,69.050003,70.089996,68.339996,69.629997,4776200,34.814999
2014-07-25,69.010002,70.940002,68.889999,69.110001,8384000,34.555
2014-07-24,65.510002,70.25,65.50,69.550003,25150400,34.775002
2014-07-23,60.209999,60.68,59.50,60.630001,5445000,30.315001
2014-07-22,59.25,60.630001,59.220001,60.259998,4339800,30.129999
2014-07-21,58.290001,59.48,58.049999,58.959999,3886000,29.48
2014-07-18,57.50,58.77,57.23,58.610001,4010600,29.305
2014-07-17,57.189999,57.990002,56.790001,57.00,3601600,28.50
2014-07-16,58.75,58.869999,57.279999,57.34,4179000,28.67
2014-07-15,58.700001,58.810001,57.599998,58.369999,3540400,29.184999
2014-07-14,59.240002,59.299999,58.68,58.98,2238000,29.49
2014-07-11,58.459999,58.82,58.25,58.740002,2760200,29.370001
2014-07-10,58.669998,58.950001,57.330002,58.189999,9794400,29.094999
2014-07-09,58.529999,59.970001,58.43,59.91,5165000,29.955
2014-07-08,59.369999,59.48,56.91,58.220001,6705000,29.110001
2014-07-07,60.189999,60.59,58.869999,59.330002,3282200,29.665001
2014-07-03,59.66,60.400002,59.459999,60.25,1909000,30.125
2014-07-02,60.369999,60.57,59.18,59.259998,3617600,29.629999
2014-07-01,59.720001,60.790001,59.419998,60.279999,4154600,30.139999
2014-06-30,59.48,60.169998,59.07,59.490002,5361800,29.745001
2014-06-27,59.259998,59.75,59.080002,59.490002,4313000,29.745001
2014-06-26,59.139999,59.560001,58.509998,59.169998,3291800,29.584999
2014-06-25,57.790001,59.200001,57.759998,59.16,3647400,29.58
2014-06-24,58.48,59.139999,57.75,57.82,4767400,28.91
2014-06-23,59.049999,59.150002,57.889999,58.450001,5731200,29.225
2014-06-20,58.889999,59.049999,58.57,58.880001,4563600,29.440001
2014-06-19,59.740002,59.740002,58.27,58.740002,3596000,29.370001
2014-06-18,59.52,59.810001,58.040001,59.650002,4880600,29.825001
2014-06-17,58.470001,60.130001,58.380001,59.59,6641200,29.795
2014-06-16,57.470001,58.59,57.310001,58.509998,4474800,29.254999
2014-06-13,56.439999,57.830002,56.259998,57.509998,4736000,28.754999
2014-06-12,55.799999,57.00,55.77,56.610001,4778800,28.305
2014-06-11,55.66,56.07,55.369999,56.029999,3559400,28.014999
2014-06-10,55.709999,56.50,55.650002,56.189999,4116600,28.094999
2014-06-09,55.93,56.380001,55.299999,55.860001,4740000,27.93
2014-06-06,55.049999,56.040001,54.799999,56.009998,8215000,28.004999
2014-06-05,53.75,55.080002,52.57,55.049999,11306600,27.525
2014-06-04,52.02,53.990002,51.07,53.619999,11108000,26.809999
2014-06-03,51.209999,51.369999,50.84,51.099998,5943600,25.549999
2014-06-02,51.00,51.73,50.66,51.470001,5563600,25.735001
2014-05-30,50.880001,50.970001,50.290001,50.790001,6039600,25.395
2014-05-29,50.16,50.810001,49.84,50.790001,6960200,25.395
2014-05-28,50.049999,50.25,49.299999,50.150002,8405400,25.075001
2014-05-27,49.00,49.919998,48.84,49.849998,6385200,24.924999
2014-05-23,47.970001,48.439999,47.700001,48.369999,2584600,24.184999
2014-05-22,47.029999,48.419998,46.799999,47.889999,3856400,23.945
2014-05-21,46.84,47.220001,46.549999,47.119999,2800800,23.559999
2014-05-20,46.98,47.200001,46.25,46.790001,4963800,23.395
2014-05-19,46.639999,47.459999,46.50,47.400002,3182200,23.700001
2014-05-16,46.400002,46.720001,45.860001,46.669998,4279400,23.334999
2014-05-15,46.959999,47.150002,45.049999,46.32,8154600,23.16
2014-05-14,48.07,48.50,47.150002,47.32,3655400,23.66
2014-05-13,49.029999,49.220001,47.700001,48.099998,4727600,24.049999
2014-05-12,46.900002,48.98,46.900002,48.950001,6202200,24.475
2014-05-09,46.27,47.00,45.77,46.790001,3834800,23.395
2014-05-08,46.43,47.970001,46.099998,46.57,6583200,23.285
2014-05-07,47.66,47.77,45.599998,46.240002,8719000,23.120001
2014-05-06,48.349998,48.580002,47.52,47.720001,4776200,23.860001
2014-05-05,48.25,48.93,47.759998,48.580002,5516000,24.290001
2014-05-02,49.450001,49.75,48.299999,48.84,7179800,24.42
2014-05-01,48.939999,50.330002,48.549999,49.18,9866000,24.59
2014-04-30,47.169998,49.889999,47.119999,48.889999,84341200,24.445
2014-04-29,46.790001,47.459999,46.009998,47.169998,7603600,23.584999
2014-04-28,49.009998,49.049999,45.450001,46.740002,14708600,23.370001
2014-04-25,50.91,51.00,48.189999,48.419998,18331800,24.209999
2014-04-24,51.889999,52.310001,48.779999,50.419998,26534000,25.209999
2014-04-23,53.84,55.119999,53.25,54.439999,8901600,27.219999
2014-04-22,53.700001,54.00,53.009998,53.869999,4304200,26.934999
2014-04-21,53.50,53.689999,52.450001,53.009998,3384000,26.504999
2014-04-17,53.73,54.150002,53.029999,53.060001,3791000,26.530001
2014-04-16,53.509998,54.259998,52.110001,53.75,5077200,26.875
2014-04-15,51.82,53.59,50.560001,52.450001,5392200,26.225
2014-04-14,103.379997,103.379997,100.769997,102.160004,4972400,25.540001
2014-04-11,101.550003,104.330002,101.290001,101.879997,6816000,25.469999
2014-04-10,108.50,108.529999,101.849998,102.239998,8626400,25.559999
2014-04-09,108.00,108.709999,105.550003,108.629997,5376000,27.157499
2014-04-08,102.400002,106.309998,102.25,105.860001,7742000,26.465
2014-04-07,105.00,105.50,100.650002,102.510002,13488400,25.627501
2014-04-04,113.559998,114.290001,103.559998,104.330002,17561600,26.0825
2014-04-03,119.029999,119.68,112.139999,112.660004,8445600,28.165001
2014-04-02,116.879997,119.779999,116.279999,118.879997,5574800,29.719999
2014-04-01,115.00,116.220001,114.870003,116.00,3501200,29.00
2014-03-31,115.910004,116.379997,114.309998,114.639999,4130000,28.66
2014-03-28,114.809998,116.080002,114.550003,115.220001,2761200,28.805
2014-03-27,113.779999,116.059998,112.50,114.599998,3934800,28.65
2014-03-26,115.720001,117.00,112.650002,113.580002,6275200,28.395
2014-03-25,119.419998,120.389999,114.349998,114.540001,6014000,28.635
2014-03-24,121.269997,121.50,115.779999,118.639999,7164800,29.66
2014-03-21,122.449997,122.989998,119.839996,120.160004,6617600,30.040001
2014-03-20,120.169998,122.029999,118.760002,121.849998,7070000,30.4625
2014-03-19,124.440002,124.790001,121.25,122.010002,5083600,30.502501
2014-03-18,120.559998,124.50,120.400002,124.440002,7351600,31.110001
2014-03-17,119.650002,121.43,119.279999,119.669998,6690400,29.9175
2014-03-14,116.00,118.209999,115.349998,117.349998,3132800,29.3375
2014-03-13,117.650002,117.900002,115.599998,116.410004,3037200,29.102501
2014-03-12,116.080002,117.519997,114.690002,117.419998,3482400,29.355
2014-03-11,117.480003,118.870003,116.199997,116.50,3347200,29.125
2014-03-10,116.400002,117.440002,115.379997,117.400002,3502800,29.35
2014-03-07,116.730003,118.709999,115.889999,116.410004,4922400,29.102501
2014-03-06,116.32,116.800003,114.589996,115.800003,4302000,28.950001
2014-03-05,117.190002,117.599998,115.040001,116.059998,7494800,29.014999
2014-03-04,115.75,117.349998,115.349998,117.18,4979200,29.295
2014-03-03,111.349998,114.099998,110.010002,113.629997,6456400,28.407499
2014-02-28,116.120003,116.349998,112.00,113.150002,8035200,28.2875
2014-02-27,116.139999,116.639999,114.68,116.349998,4006400,29.0875
2014-02-26,117.199997,119.970001,115.889999,116.099998,8154400,29.025
2014-02-25,115.50,117.529999,115.260002,116.699997,6441600,29.174999
2014-02-24,113.809998,116.260002,113.360001,115.230003,8155200,28.807501
2014-02-21,107.739998,114.220001,107.650002,112.68,11382800,28.17
2014-02-20,107.00,108.440002,106.519997,107.190002,3226400,26.797501
2014-02-19,107.629997,108.260002,106.830002,107.029999,3562400,26.7575
2014-02-18,105.110001,108.300003,103.00,107.459999,8399200,26.865
2014-02-14,107.720001,108.040001,105.169998,106.00,9982000,26.50
2014-02-13,107.220001,109.830002,107.089996,108.580002,5808000,27.145
2014-02-12,108.699997,109.50,107.080002,107.959999,3874000,26.99
2014-02-11,108.559998,109.50,107.610001,108.25,4087600,27.0625
2014-02-10,109.279999,109.709999,107.059998,108.230003,4207200,27.057501
2014-02-07,107.110001,110.00,107.00,109.18,7322000,27.295
2014-02-06,105.209999,106.900002,104.660004,106.169998,5574000,26.5425
2014-02-05,104.650002,106.330002,103.419998,104.870003,8551600,26.217501
2014-02-04,105.75,106.68,104.239998,104.650002,8009200,26.1625
2014-02-03,106.57,107.980003,105.300003,105.639999,11156400,26.41
2014-01-31,103.239998,108.720001,102.589996,108.110001,13969200,27.0275
2014-01-30,96.699997,106.650002,96.00,104.760002,36347200,26.190001
2014-01-29,85.669998,87.529999,84.949997,85.220001,7265600,21.305
2014-01-28,83.589996,86.00,83.589996,85.779999,3910000,21.445
2014-01-27,83.449997,84.239998,82.160004,82.93,5082400,20.7325
2014-01-24,83.099998,84.599998,83.00,83.489998,4713600,20.872499
2014-01-23,83.800003,84.040001,82.580002,83.900002,5339600,20.975
2014-01-22,85.190002,85.910004,83.629997,83.989998,5367200,20.997499
2014-01-21,82.290001,85.419998,82.290001,84.779999,7080800,21.195
2014-01-17,82.410004,83.279999,81.949997,81.989998,3397600,20.497499
2014-01-16,84.68,84.989998,82.019997,82.419998,5187200,20.605
2014-01-15,85.510002,85.830002,84.410004,85.029999,2504800,21.2575
2014-01-14,85.00,85.519997,84.18,85.089996,4646400,21.272499
2014-01-13,88.440002,88.75,84.650002,84.93,5227200,21.2325
2014-01-10,88.239998,88.769997,87.269997,88.75,2526800,22.1875
2014-01-09,87.239998,88.279999,86.699997,87.889999,3115600,21.9725
2014-01-08,86.980003,86.980003,86.199997,86.900002,2262800,21.725
2014-01-07,86.849998,87.529999,86.730003,86.779999,2449600,21.695
2014-01-06,87.360001,87.699997,86.489998,86.610001,2346000,21.6525
2014-01-03,86.980003,87.480003,86.660004,86.989998,2192800,21.747499
2014-01-02,87.300003,88.029999,86.470001,86.980003,2992400,21.745001
2013-12-31,87.019997,87.400002,86.699997,87.300003,1404400,21.825001
2013-12-30,85.889999,87.260002,85.389999,86.949997,2077600,21.737499
2013-12-27,86.459999,87.370003,85.300003,85.980003,2696000,21.495001
2013-12-26,86.68,87.279999,86.139999,86.470001,1452000,21.6175
2013-12-24,86.029999,86.529999,85.519997,86.25,1094800,21.5625
2013-12-23,86.690002,86.93,85.379997,85.93,3320400,21.4825
2013-12-20,86.150002,87.919998,85.809998,86.040001,9995600,21.51
2013-12-19,86.300003,87.559998,85.730003,86.050003,3752400,21.512501
2013-12-18,84.639999,86.589996,83.849998,86.330002,4131200,21.5825
2013-12-17,84.43,84.769997,83.510002,84.620003,2376400,21.155001
2013-12-16,83.970001,85.00,83.720001,84.57,5009600,21.1425
2013-12-13,84.529999,85.00,83.449997,83.690002,2746800,20.922501
2013-12-12,84.150002,84.449997,82.400002,84.18,4343600,21.045
2013-12-11,83.260002,85.650002,83.239998,84.470001,7784800,21.1175
2013-12-10,81.769997,83.239998,81.169998,83.07,2652000,20.7675
2013-12-09,82.099998,83.00,81.769997,82.160004,2462000,20.540001
2013-12-06,82.260002,83.25,81.389999,82.089996,3820800,20.522499
2013-12-05,80.290001,82.230003,79.800003,81.970001,2847600,20.4925
2013-12-04,80.769997,81.639999,79.519997,80.489998,2483200,20.122499
2013-12-03,80.730003,81.769997,80.43,81.110001,2420400,20.2775
2013-12-02,81.129997,82.489998,80.370003,81.169998,3088000,20.2925
2013-11-29,81.93,82.389999,80.589996,80.699997,1459200,20.174999
2013-11-27,81.599998,82.00,81.120003,81.93,1938000,20.4825
2013-11-26,80.300003,81.379997,80.010002,81.120003,2995600,20.280001
2013-11-25,80.849998,81.059998,80.080002,80.309998,2570800,20.077499
2013-11-22,80.669998,81.150002,80.360001,80.480003,3985600,20.120001
2013-11-21,79.550003,80.790001,79.110001,80.669998,3466000,20.1675
2013-11-20,80.029999,80.57,78.970001,79.110001,3294000,19.7775
2013-11-19,81.129997,81.730003,79.779999,79.980003,3532000,19.995001
2013-11-18,83.690002,83.82,81.199997,81.510002,3464000,20.377501
2013-11-15,83.529999,83.739998,82.599998,83.550003,3637200,20.887501
2013-11-14,82.889999,83.629997,81.769997,83.529999,4711600,20.8825
2013-11-13,79.910004,82.669998,79.690002,82.639999,3990800,20.66
2013-11-12,79.989998,80.68,79.599998,80.07,2496800,20.0175
2013-11-11,78.989998,80.839996,78.690002,80.279999,3264400,20.07
2013-11-08,76.129997,78.970001,76.110001,78.940002,5274000,19.735001
2013-11-07,79.629997,79.68,76.029999,76.349998,7772800,19.0875
2013-11-06,80.330002,80.699997,78.489998,79.260002,4150400,19.815001
2013-11-05,80.309998,80.43,79.690002,80.190002,5160400,20.047501
2013-11-04,80.68,80.830002,79.889999,80.389999,3872000,20.0975
2013-11-01,81.510002,81.809998,79.800003,80.260002,3217200,20.065001
2013-10-31,81.419998,81.949997,79.940002,81.150002,5166000,20.2875
2013-10-30,82.019997,82.029999,80.830002,81.459999,4047200,20.365
2013-10-29,81.169998,81.50,79.690002,81.07,5369600,20.2675
2013-10-28,80.300003,81.489998,79.949997,81.00,4616000,20.25
2013-10-25,80.379997,80.379997,78.50,80.18,7756000,20.045
2013-10-24,78.989998,80.839996,77.349998,79.980003,20772400,19.995001
2013-10-23,82.809998,84.00,82.230003,83.980003,7076800,20.995001
2013-10-22,84.68,85.120003,82.300003,83.230003,5181200,20.807501
2013-10-21,85.75,86.019997,83.129997,83.980003,5468400,20.995001
2013-10-18,82.779999,85.32,82.720001,85.290001,4098800,21.3225
2013-10-17,82.290001,82.809998,81.209999,82.120003,4277200,20.530001
2013-10-16,81.349998,82.949997,80.75,82.220001,4926400,20.555
2013-10-15,79.400002,81.080002,79.349998,80.559998,5800800,20.139999
2013-10-14,77.519997,79.32,77.239998,79.260002,2410000,19.815001
2013-10-11,79.00,79.00,77.300003,78.370003,2835200,19.592501
2013-10-10,78.00,79.449997,78.00,79.00,3705200,19.75
2013-10-09,76.860001,77.919998,75.440002,77.540001,6323200,19.385
2013-10-08,79.410004,79.769997,75.720001,76.349998,7714400,19.0875
2013-10-07,80.449997,80.669998,79.360001,79.389999,4068800,19.8475
2013-10-04,80.699997,81.330002,80.459999,81.110001,3686000,20.2775
2013-10-03,82.610001,83.400002,79.669998,80.879997,6096000,20.219999
2013-10-02,82.220001,82.68,82.019997,82.400002,5429600,20.60
2013-10-01,80.389999,82.790001,80.269997,82.690002,7366000,20.672501
2013-09-30,79.080002,79.949997,78.669998,79.449997,3648000,19.862499
2013-09-27,80.68,81.150002,79.889999,79.989998,5926000,19.997499
2013-09-26,77.830002,79.370003,77.830002,79.110001,4068400,19.7775
2013-09-25,77.769997,78.480003,77.410004,77.809998,2643600,19.452499
2013-09-24,77.480003,78.199997,76.940002,77.589996,2694000,19.397499
2013-09-23,77.889999,78.07,75.620003,77.18,3858000,19.295
2013-09-20,77.940002,78.25,77.209999,77.879997,9137200,19.469999
2013-09-19,78.309998,78.82,77.169998,77.639999,4246000,19.41
2013-09-18,76.940002,78.190002,76.809998,77.959999,5033600,19.49
2013-09-17,76.089996,76.879997,75.910004,76.82,6669200,19.205
2013-09-16,78.239998,78.379997,74.760002,75.440002,16005600,18.860001
2013-09-13,79.00,79.370003,78.269997,78.50,10617600,19.625
2013-09-12,80.589996,80.970001,79.900002,80.589996,5099600,20.147499
2013-09-11,79.879997,81.639999,79.779999,81.169998,7083200,20.2925
2013-09-10,79.480003,80.449997,79.07,80.059998,5417200,20.014999
2013-09-09,77.720001,79.620003,77.720001,79.309998,6319600,19.827499
2013-09-06,78.059998,78.059998,76.089996,77.199997,5899600,19.299999
2013-09-05,74.93,77.339996,74.730003,76.889999,5276000,19.2225
2013-09-04,74.330002,75.00,73.849998,74.790001,2777600,18.6975
2013-09-03,73.540001,74.550003,73.339996,74.129997,4618000,18.532499
2013-08-30,73.480003,73.629997,72.43,72.639999,2340400,18.16
2013-08-29,72.349998,73.68,72.349998,73.32,1901600,18.33
2013-08-28,71.790001,72.669998,71.269997,72.349998,2834000,18.0875
2013-08-27,73.050003,73.279999,71.790001,72.07,4914400,18.0175
2013-08-26,73.57,74.580002,73.330002,73.860001,4181600,18.465
2013-08-23,72.220001,73.269997,71.739998,73.160004,2927600,18.290001
2013-08-22,72.550003,72.889999,71.790001,72.199997,2858000,18.049999
2013-08-21,71.349998,72.870003,71.110001,72.449997,4316800,18.112499
2013-08-20,70.110001,72.050003,69.709999,71.510002,4752800,17.877501
2013-08-19,69.019997,71.00,68.940002,70.669998,5502400,17.6675
2013-08-16,70.449997,70.900002,68.860001,68.93,7753600,17.2325
2013-08-15,72.269997,72.330002,70.510002,70.599998,5758000,17.65
2013-08-14,73.949997,74.110001,72.620003,73.300003,3854000,18.325001
2013-08-13,73.919998,74.220001,73.300003,74.07,4886000,18.5175
2013-08-12,72.489998,74.449997,72.279999,73.93,6452000,18.4825
2013-08-09,71.690002,73.150002,71.290001,72.690002,5642000,18.172501
2013-08-08,69.620003,72.470001,69.269997,71.980003,8351200,17.995001
2013-08-07,69.239998,70.339996,69.160004,69.50,5059200,17.375
2013-08-06,68.949997,70.300003,68.82,70.040001,4849600,17.51
2013-08-05,69.169998,69.900002,68.730003,69.269997,2561600,17.317499
2013-08-02,69.050003,69.50,68.410004,69.129997,3318000,17.282499
2013-08-01,67.940002,69.720001,67.639999,69.50,6231200,17.375
2013-07-31,68.129997,68.360001,67.019997,67.129997,3581200,16.782499
2013-07-30,67.82,68.379997,66.900002,67.830002,4849600,16.9575
2013-07-29,67.160004,68.080002,66.860001,67.660004,5220000,16.915001
2013-07-26,68.209999,68.730003,66.860001,68.529999,8768000,17.1325
2013-07-25,65.379997,69.550003,65.349998,69.379997,23112400,17.344999
2013-07-24,62.029999,62.689999,61.57,61.830002,5082400,15.4575
2013-07-23,61.599998,62.360001,61.369999,61.900002,5139600,15.475
2013-07-22,61.439999,61.869999,60.950001,61.470001,3629600,15.3675
2013-07-19,61.360001,61.700001,60.560001,61.529999,4514800,15.3825
2013-07-18,60.82,61.470001,60.52,61.110001,6174000,15.2775
2013-07-17,59.959999,60.450001,59.82,60.34,4140400,15.085
2013-07-16,60.889999,60.98,59.450001,59.82,4750000,14.955
2013-07-15,61.00,61.540001,60.669998,60.860001,2422000,15.215
2013-07-12,60.349998,61.080002,60.349998,60.799999,2270400,15.20
2013-07-11,62.25,62.25,59.900002,60.349998,6419200,15.0875
2013-07-10,61.720001,62.400002,61.32,61.810001,2245200,15.4525
2013-07-09,61.700001,62.00,60.900002,61.68,2901200,15.42
2013-07-08,61.41,62.00,61.41,61.580002,1908800,15.395
2013-07-05,60.950001,61.50,60.560001,61.220001,1990000,15.305
2013-07-03,59.630001,60.759998,59.580002,60.759998,2500000,15.19
2013-07-02,59.959999,60.869999,59.450001,60.02,2421200,15.005
2013-07-01,59.799999,61.060001,59.759998,60.080002,3332400,15.02
2013-06-28,58.450001,59.950001,58.049999,59.709999,7208000,14.9275
2013-06-27,58.16,58.810001,57.66,58.459999,3809600,14.615
2013-06-26,58.139999,58.240002,57.650002,57.75,3330400,14.4375
2013-06-25,57.009998,58.009998,56.84,57.50,3578800,14.375
2013-06-24,56.349998,57.290001,55.630001,56.68,3868400,14.17
2013-06-21,57.77,57.799999,56.23,56.82,8841600,14.205
2013-06-20,59.23,59.23,57.400002,57.720001,6532000,14.43
2013-06-19,60.009998,60.50,59.529999,59.68,3560800,14.92
2013-06-18,59.639999,60.25,59.43,60.060001,3271200,15.015
2013-06-17,59.650002,59.880001,59.240002,59.470001,2746800,14.8675
2013-06-14,59.200001,59.599998,58.790001,59.18,2653200,14.795
2013-06-13,59.299999,59.610001,58.650002,59.389999,2595200,14.8475
2013-06-12,59.900002,60.009998,58.639999,59.040001,4852800,14.76
2013-06-11,59.540001,60.07,59.200001,59.599998,4244800,14.90
2013-06-10,59.919998,60.599998,59.650002,60.040001,5805600,15.01
2013-06-07,59.73,60.330002,59.00,59.82,6784800,14.955
2013-06-06,59.490002,59.599998,58.720001,59.450001,8833600,14.8625
2013-06-05,61.700001,62.59,58.700001,59.639999,17061600,14.91
2013-06-04,61.970001,62.990002,61.169998,61.540001,4479600,15.385
2013-06-03,61.849998,62.380001,60.830002,61.75,5182800,15.4375
2013-05-31,62.560001,63.110001,61.990002,62.00,4405200,15.50
2013-05-30,62.68,63.470001,62.209999,62.740002,4593600,15.685
2013-05-29,62.82,63.48,62.360001,62.740002,3789600,15.685
2013-05-28,63.360001,63.880001,63.00,63.290001,3613600,15.8225
2013-05-24,62.419998,62.73,61.57,62.540001,4537200,15.635
2013-05-23,62.75,63.279999,62.00,63.009998,7349600,15.7525
2013-05-22,64.300003,65.550003,63.41,63.560001,9871200,15.89
2013-05-21,62.00,64.470001,61.889999,64.300003,8760000,16.075001
2013-05-20,62.25,62.689999,61.68,62.080002,3917600,15.52
2013-05-17,61.439999,62.740002,61.34,62.509998,5725600,15.6275
2013-05-16,61.299999,61.790001,61.150002,61.389999,6260800,15.3475
2013-05-15,60.619999,61.630001,60.50,61.380001,4043200,15.345
2013-05-14,59.450001,60.869999,59.439999,60.610001,3660400,15.1525
2013-05-13,59.66,60.18,59.139999,59.43,4557200,14.8575
2013-05-10,58.549999,59.970001,58.509998,59.849998,6061200,14.9625
2013-05-09,58.209999,59.18,58.110001,58.650002,5084400,14.6625
2013-05-08,57.669998,58.27,57.349998,58.209999,4477600,14.5525
2013-05-07,57.509998,57.950001,57.50,57.860001,3833600,14.465
2013-05-06,57.66,58.119999,57.360001,57.650002,3626400,14.4125
2013-05-03,57.259998,57.950001,57.099998,57.709999,4286400,14.4275
2013-05-02,56.98,57.25,56.18,56.939999,3808400,14.235
2013-05-01,56.860001,57.400002,56.189999,56.360001,4856800,14.09
2013-04-30,56.00,57.099998,55.700001,57.080002,7004400,14.27
2013-04-29,56.299999,56.470001,55.52,55.919998,5006400,13.98
2013-04-26,56.52,56.790001,55.50,55.759998,3734800,13.94
2013-04-25,56.060001,56.93,56.00,56.450001,5546400,14.1125
2013-04-24,55.369999,56.169998,55.220001,55.970001,5621200,13.9925
2013-04-23,55.669998,56.07,54.880001,55.470001,5115600,13.8675
2013-04-22,55.82,55.860001,54.700001,55.259998,7861200,13.815
2013-04-19,57.869999,58.439999,55.279999,56.41,17269600,14.1025
2013-04-18,56.849998,56.869999,55.169998,55.669998,9604400,13.9175
2013-04-17,56.490002,56.990002,55.18,56.82,6938000,14.205
2013-04-16,56.610001,57.52,55.700001,56.77,7543200,14.1925
2013-04-15,57.970001,58.52,56.360001,56.389999,12865600,14.0975
2013-04-12,56.00,57.110001,55.759998,57.00,7217600,14.25
2013-04-11,55.400002,56.560001,55.259998,56.029999,6768000,14.0075
2013-04-10,54.41,55.299999,54.099998,54.970001,5464800,13.7425
2013-04-09,54.200001,54.349998,53.57,54.209999,4716000,13.5525
2013-04-08,53.00,54.110001,52.919998,54.02,4858000,13.505
2013-04-05,52.450001,53.139999,51.689999,53.040001,2847200,13.26
2013-04-04,53.110001,53.790001,52.599998,53.23,5442000,13.3075
2013-04-03,51.740002,53.619999,51.439999,53.25,8238000,13.3125
2013-04-02,50.959999,52.84,50.68,51.619999,5854000,12.905
2013-04-01,51.099998,51.700001,50.290001,50.560001,3166800,12.64
2013-03-28,50.709999,51.75,50.709999,51.200001,5252000,12.80
2013-03-27,50.389999,51.169998,49.790001,50.970001,3556800,12.7425
2013-03-26,50.759998,50.869999,49.889999,50.650002,3576000,12.6625
2013-03-25,50.98,50.98,50.220001,50.709999,5506400,12.6775
2013-03-22,49.349998,50.68,49.200001,50.599998,9394400,12.65
2013-03-21,49.119999,49.419998,48.330002,48.369999,5335600,12.0925
2013-03-20,48.98,49.849998,48.580002,49.610001,5581200,12.4025
2013-03-19,50.029999,50.48,48.09,48.48,6132400,12.12
2013-03-18,50.16,50.52,49.810001,50.209999,4122400,12.5525
2013-03-15,51.189999,51.459999,50.450001,50.66,6123600,12.665
2013-03-14,49.98,51.130001,49.91,51.080002,6535600,12.77
2013-03-13,48.52,49.970001,48.52,49.709999,4696800,12.4275
2013-03-12,48.73,49.150002,48.119999,48.509998,4832400,12.1275
2013-03-11,48.59,48.849998,47.610001,48.68,9165200,12.17
2013-03-08,50.59,50.860001,48.75,49.139999,7186000,12.285
2013-03-07,50.50,50.529999,49.720001,50.50,4250800,12.625
2013-03-06,49.950001,50.790001,49.709999,50.209999,4357200,12.5525
2013-03-05,50.290001,50.450001,49.52,49.91,5806800,12.4775
2013-03-04,49.209999,50.59,49.09,49.970001,4626800,12.4925
2013-03-01,49.099998,49.639999,48.900002,49.459999,6829600,12.365
2013-02-28,48.209999,49.57,48.119999,49.279999,6506800,12.32
2013-02-27,47.419998,48.619999,47.259998,48.209999,4424800,12.0525
2013-02-26,46.779999,47.91,46.310001,47.529999,7259200,11.8825
2013-02-25,47.57,48.209999,46.66,46.689999,5864000,11.6725
2013-02-22,48.060001,48.59,47.130001,47.25,5358800,11.8125
2013-02-21,48.700001,48.880001,47.220001,47.740002,6222400,11.935
2013-02-20,49.84,49.990002,48.700001,48.759998,4661200,12.19
2013-02-19,49.82,50.50,49.52,49.759998,5006800,12.44
2013-02-15,48.950001,49.990002,48.849998,49.549999,6539200,12.3875
2013-02-14,48.48,49.220001,48.189999,48.900002,4055200,12.225
2013-02-13,49.709999,50.389999,48.48,48.700001,5823600,12.175
2013-02-12,49.990002,50.330002,49.389999,49.720001,4118800,12.43
2013-02-11,49.990002,50.00,49.16,49.82,4905600,12.455
2013-02-08,50.220001,50.639999,49.869999,50.200001,3579600,12.55
2013-02-07,50.240002,50.240002,49.139999,49.939999,8124400,12.485
2013-02-06,50.549999,51.09,50.00,50.099998,5046000,12.525
2013-02-05,50.00,51.23,50.00,50.470001,5708400,12.6175
2013-02-04,50.240002,50.849998,49.650002,49.959999,4990800,12.49
2013-02-01,51.240002,51.490002,50.32,50.50,8435600,12.625
2013-01-31,50.16,51.939999,50.00,50.869999,21563200,12.7175
2013-01-30,47.959999,49.02,47.610001,48.130001,12768000,12.0325
2013-01-29,47.919998,49.099998,47.220001,48.310001,10808400,12.0775
2013-01-28,48.25,48.259998,47.220001,47.91,4510000,11.9775
2013-01-25,46.900002,48.490002,46.740002,48.259998,15046800,12.065
2013-01-24,46.48,47.040001,44.32,45.860001,36373600,11.465
2013-01-23,47.00,47.82,46.610001,47.689999,5698400,11.9225
2013-01-22,46.00,48.02,45.380001,47.439999,9542800,11.86
2013-01-18,46.950001,47.00,46.07,46.259998,7578400,11.565
2013-01-17,47.330002,47.57,46.720001,46.950001,4889200,11.7375
2013-01-16,47.549999,47.599998,46.779999,47.060001,4434400,11.765
2013-01-15,47.889999,47.889999,46.799999,47.450001,5771200,11.8625
2013-01-14,48.049999,48.82,47.939999,48.34,6629200,12.085
2013-01-11,47.68,48.18,47.110001,48.09,5450400,12.0225
2013-01-10,46.779999,47.970001,46.130001,47.68,8829200,11.92
2013-01-09,48.689999,48.790001,46.389999,46.650002,12527200,11.6625
2013-01-08,48.43,49.060001,48.139999,48.639999,4480000,12.16
2013-01-07,48.310001,49.220001,48.029999,48.43,6808800,12.1075
2013-01-04,51.290001,51.299999,48.990002,49.349998,13139200,12.3375
2013-01-03,48.299999,50.18,48.220001,49.66,4672400,12.415
2013-01-02,49.700001,50.00,47.830002,48.330002,5601200,12.0825
2012-12-31,47.130001,48.84,47.119999,48.529999,5601200,12.1325
2012-12-28,47.779999,48.119999,47.110001,47.419998,6706800,11.855
2012-12-27,47.509998,48.59,47.00,48.049999,7052800,12.0125
2012-12-26,49.970001,50.099998,47.549999,47.650002,5500800,11.9125
2012-12-24,48.919998,49.540001,48.869999,49.25,2407200,12.3125
2012-12-21,46.919998,49.310001,46.889999,49.060001,9990000,12.265
2012-12-20,49.049999,49.150002,46.810001,47.470001,9322800,11.8675
2012-12-19,49.810001,50.330002,48.959999,49.009998,4190400,12.2525
2012-12-18,48.259998,50.57,48.110001,49.869999,8215600,12.4675
2012-12-17,48.299999,48.41,46.110001,47.889999,16136000,11.9725
2012-12-14,48.369999,49.220001,48.060001,48.209999,6161600,12.0525
2012-12-13,50.630001,50.990002,48.389999,48.459999,7154400,12.115
2012-12-12,50.419998,51.099998,50.07,50.560001,7563200,12.64
2012-12-11,50.299999,51.310001,50.200001,51.310001,6207600,12.8275
2012-12-10,52.209999,52.50,49.630001,50.130001,9328400,12.5325
2012-12-07,52.849998,53.389999,51.889999,52.16,2570000,13.04
2012-12-06,52.00,52.779999,50.950001,52.73,3732400,13.1825
2012-12-05,52.080002,52.41,51.029999,51.91,4031200,12.9775
2012-12-04,52.549999,52.66,51.400002,52.110001,3394000,13.0275
2012-12-03,52.310001,52.830002,51.700001,52.639999,4159600,13.16
2012-11-30,54.099998,54.099998,51.830002,51.830002,19485600,12.9575
2012-11-29,54.919998,55.200001,53.150002,53.830002,6947200,13.4575
2012-11-28,53.950001,54.82,53.720001,54.740002,4358800,13.685
2012-11-27,53.389999,55.07,53.299999,54.099998,7100800,13.525
2012-11-26,52.740002,53.709999,52.509998,53.639999,6826000,13.41
2012-11-23,52.099998,52.790001,51.939999,52.740002,1880400,13.185
2012-11-21,52.43,52.790001,51.150002,52.34,4215600,13.085
2012-11-20,51.279999,52.25,51.080002,51.93,5068400,12.9825
2012-11-19,51.259998,52.200001,51.080002,51.259998,6422800,12.815
2012-11-16,50.349998,51.52,49.299999,50.759998,6114000,12.69
2012-11-15,49.799999,50.310001,48.98,50.16,6708400,12.54
2012-11-14,52.009998,52.139999,49.689999,49.790001,5284800,12.4475
2012-11-13,50.169998,51.639999,49.369999,51.139999,6297600,12.785
2012-11-12,50.029999,50.48,49.119999,49.619999,4857200,12.405
2012-11-09,50.200001,50.75,48.900002,49.889999,11269200,12.4725
2012-11-08,52.790001,52.790001,50.310001,50.509998,5739600,12.6275
2012-11-07,52.68,53.130001,51.919998,52.860001,4308800,13.215
2012-11-06,53.110001,53.66,52.50,53.599998,4132800,13.40
2012-11-05,52.740002,53.119999,52.049999,53.00,3254400,13.25
2012-11-02,53.470001,54.369999,52.68,52.68,4193600,13.17
2012-11-01,52.080002,53.16,51.450001,53.119999,5418000,13.28
2012-10-31,52.610001,53.349998,51.700001,52.259998,6316400,13.065
2012-10-26,52.689999,53.130001,50.029999,52.150002,12571600,13.0375
2012-10-25,54.060001,55.50,52.009998,52.93,27808400,13.2325
2012-10-24,57.919998,58.310001,55.779999,56.619999,8506400,14.155
2012-10-23,57.189999,57.830002,56.91,57.439999,5375600,14.36
2012-10-22,58.380001,58.490002,57.200001,57.75,6220000,14.4375
2012-10-19,58.75,59.200001,58.209999,58.75,4718800,14.6875
2012-10-18,58.509998,60.200001,58.470001,59.27,4567600,14.8175
2012-10-17,57.880001,59.110001,57.57,58.599998,4482800,14.65
2012-10-16,56.34,58.25,56.18,58.080002,5570800,14.52
2012-10-15,54.639999,56.00,54.639999,55.98,3008400,13.995
2012-10-12,54.529999,55.18,54.310001,54.560001,2924800,13.64
2012-10-11,55.009998,55.470001,54.400002,54.59,4098800,13.6475
2012-10-10,54.330002,54.900002,54.029999,54.299999,4181200,13.575
2012-10-09,55.810001,55.880001,53.740002,54.119999,7033200,13.53
2012-10-08,56.080002,57.32,55.509998,55.610001,3623600,13.9025
2012-10-05,56.849998,57.200001,55.959999,56.060001,3323200,14.015
2012-10-04,55.330002,56.950001,55.029999,56.380001,5962800,14.095
2012-10-03,55.360001,55.779999,54.200001,54.889999,10383600,13.7225
2012-10-02,55.599998,56.32,55.299999,55.880001,4136400,13.97
2012-10-01,56.040001,57.900002,55.369999,55.50,6779200,13.875
2012-09-28,55.209999,56.349998,54.869999,55.830002,5158400,13.9575
2012-09-27,54.98,56.639999,54.630001,56.00,5078000,14.00
2012-09-26,54.529999,55.25,53.279999,54.66,6468800,13.665
2012-09-25,56.50,56.849998,54.490002,54.619999,7224800,13.655
2012-09-24,56.34,57.080002,55.810001,56.450001,4788000,14.1125
2012-09-21,57.639999,57.650002,56.00,56.540001,8521600,14.135
2012-09-20,57.919998,58.00,56.900002,57.049999,5156000,14.2625
2012-09-19,58.189999,58.93,57.830002,58.139999,2880800,14.535
2012-09-18,58.98,58.98,56.869999,57.950001,6744000,14.4875
2012-09-17,58.860001,59.400002,58.32,59.049999,3974400,14.7625
2012-09-14,59.299999,60.959999,59.299999,60.029999,4548400,15.0075
2012-09-13,59.43,60.220001,58.259998,59.299999,5818400,14.825
2012-09-12,59.369999,60.110001,59.310001,59.509998,3972400,14.8775
2012-09-11,59.369999,59.369999,58.189999,59.220001,5235600,14.805
2012-09-10,59.630001,60.400002,59.400002,59.599998,3288800,14.90
2012-09-07,59.349998,60.810001,58.990002,59.639999,6464800,14.91
2012-09-06,58.049999,59.400002,57.650002,59.330002,6062800,14.8325
2012-09-05,58.689999,58.900002,57.369999,57.450001,5769600,14.3625
2012-09-04,58.009998,59.189999,57.299999,58.700001,4360400,14.675
2012-08-31,58.18,58.709999,57.50,58.209999,5013200,14.5525
2012-08-30,57.360001,58.240002,56.919998,57.68,3481200,14.42
2012-08-29,57.50,58.310001,57.32,57.560001,4672800,14.39
2012-08-28,55.59,57.68,55.549999,57.389999,6497600,14.3475
2012-08-27,56.18,56.25,54.720001,55.549999,6055600,13.8875
2012-08-24,57.009998,57.169998,55.799999,55.869999,7070400,13.9675
2012-08-23,56.810001,57.369999,56.16,57.189999,3728000,14.2975
2012-08-22,56.50,57.25,56.169998,56.830002,3252000,14.2075
2012-08-21,56.790001,57.68,56.310001,56.59,3972000,14.1475
2012-08-20,57.73,57.860001,56.610001,56.75,4285600,14.1875
2012-08-17,56.57,58.16,56.259998,57.73,7113200,14.4325
2012-08-16,56.130001,57.110001,55.75,56.50,5042400,14.125
2012-08-15,56.369999,56.41,55.830002,55.959999,4180400,13.99
2012-08-14,57.18,57.23,56.240002,56.419998,3552000,14.105
2012-08-13,56.720001,57.00,55.82,56.880001,2966400,14.22
2012-08-10,56.959999,57.599998,56.209999,56.759998,4762400,14.19
2012-08-09,56.84,57.799999,56.720001,57.349998,4032400,14.3375
2012-08-08,56.400002,57.220001,56.27,56.689999,4497600,14.1725
2012-08-07,57.970001,58.48,56.57,56.75,8420800,14.1875
2012-08-06,56.099998,57.73,55.919998,57.669998,9247200,14.4175
2012-08-03,55.110001,56.400002,54.990002,56.110001,6735600,14.0275
2012-08-02,53.389999,54.790001,53.02,54.110001,5731200,13.5275
2012-08-01,54.939999,55.099998,53.50,53.50,6537600,13.375
2012-07-31,54.990002,55.200001,53.939999,54.439999,6207200,13.61
2012-07-30,55.18,55.900002,54.75,55.41,5912800,13.8525
2012-07-27,55.48,55.990002,54.740002,55.139999,8322400,13.785
2012-07-26,54.880001,55.950001,54.740002,55.310001,9466800,13.8275
2012-07-25,53.02,54.610001,52.830002,53.919998,13398400,13.48
2012-07-24,51.700001,55.00,51.700001,52.790001,40788400,13.1975
2012-07-23,48.59,49.290001,47.330002,48.380001,11627600,12.095
2012-07-20,50.18,50.290001,48.759998,49.59,9192800,12.3975
2012-07-19,49.900002,50.919998,49.59,50.529999,7707600,12.6325
2012-07-18,48.50,50.380001,48.419998,49.439999,7650000,12.36
2012-07-17,47.689999,49.330002,47.669998,48.639999,12177600,12.16
2012-07-16,47.150002,47.349998,46.50,47.049999,6128800,11.7625
2012-07-13,46.790001,47.799999,46.77,47.400002,6081600,11.85
2012-07-12,45.02,46.599998,44.07,46.32,8995200,11.58
2012-07-11,46.919998,46.93,45.16,45.470001,7141200,11.3675
2012-07-10,46.330002,47.549999,46.32,46.93,8182800,11.7325
2012-07-09,91.769997,92.879997,91.080002,92.290001,9924800,11.53625
2012-07-06,93.00,93.540001,91.279999,91.82,7906400,11.4775
2012-07-05,92.440002,95.290001,91.650002,93.879997,8028000,11.735
2012-07-03,91.650002,92.199997,90.080002,91.639999,4830400,11.455
2012-07-02,93.379997,93.379997,90.220001,91.769997,9533600,11.47125
2012-06-29,91.040001,95.00,91.040001,94.480003,21456000,11.81
2012-06-28,92.730003,93.080002,89.00,90.510002,15159200,11.31375
2012-06-27,96.07,96.900002,92.129997,93.230003,11014400,11.65375
2012-06-26,97.629997,98.949997,96.510002,96.589996,7312000,12.07375
2012-06-25,98.339996,98.470001,95.660004,97.190002,6132800,12.14875
2012-06-22,99.290001,100.00,97.650002,99.760002,8905600,12.47
2012-06-21,102.129997,102.260002,98.040001,98.470001,19340000,12.30875
2012-06-20,106.220001,106.830002,104.769997,105.18,6240000,13.1475
2012-06-19,106.25,107.860001,105.809998,106.440002,5378400,13.305
2012-06-18,105.089996,106.449997,104.050003,106.080002,4682400,13.26
2012-06-15,101.809998,106.120003,101.68,105.75,9841600,13.21875
2012-06-14,100.809998,102.970001,100.110001,101.68,8336000,12.71
2012-06-13,105.50,105.800003,100.610001,100.93,9081600,12.61625
2012-06-12,104.129997,106.239998,102.639999,105.830002,10936000,13.22875
2012-06-11,104.580002,107.150002,102.540001,102.739998,13952800,12.8425
2012-06-08,99.669998,103.32,99.120003,103.309998,9412000,12.91375
2012-06-07,100.00,101.150002,97.849998,99.82,7849600,12.4775
2012-06-06,99.830002,101.580002,99.389999,101.349998,5639200,12.66875
2012-06-05,97.080002,99.50,96.699997,99.059998,4184000,12.3825
2012-06-04,95.75,97.889999,94.809998,97.309998,7092000,12.16375
2012-06-01,97.959999,98.769997,94.169998,95.75,8300800,11.96875
2012-05-31,100.43,100.959999,98.540001,100.730003,5052800,12.59125
2012-05-30,99.440002,101.07,99.00,100.699997,4734400,12.5875
2012-05-29,99.50,100.900002,98.900002,100.760002,10640800,12.595
2012-05-25,97.32,98.489998,97.25,98.190002,4731200,12.27375
2012-05-24,94.849998,98.059998,94.529999,97.290001,9054400,12.16125
2012-05-23,93.699997,95.709999,92.949997,94.879997,7120000,11.86
2012-05-22,93.459999,95.190002,93.110001,94.360001,4860000,11.795
2012-05-21,89.00,93.459999,88.779999,93.209999,5764000,11.65125
2012-05-18,90.029999,92.290001,88.599998,89.00,8695200,11.125
2012-05-17,94.57,94.860001,90.019997,90.029999,9394400,11.25375
2012-05-16,94.650002,95.57,93.50,94.730003,8109600,11.84125
2012-05-15,94.589996,95.93,94.07,94.599998,7924800,11.825
2012-05-14,93.980003,94.970001,92.839996,94.059998,5389600,11.7575
2012-05-11,93.50,95.559998,93.080002,94.82,6251200,11.8525
2012-05-10,94.550003,95.25,92.889999,93.870003,7388000,11.73375
2012-05-09,93.040001,95.120003,91.389999,93.940002,12488800,11.7425
2012-05-08,95.860001,96.360001,89.349998,92.68,13058400,11.585
2012-05-07,96.059998,97.379997,95.32,96.809998,5648000,12.10125
2012-05-04,98.330002,98.93,95.599998,96.529999,5228800,12.06625
2012-05-03,100.669998,101.900002,99.07,99.370003,6035200,12.42125
2012-05-02,97.480003,101.769997,97.400002,101.110001,7338400,12.63875
2012-05-01,97.589996,99.440002,96.199997,98.309998,7704800,12.28875
2012-04-30,98.739998,99.419998,97.599998,97.93,4468800,12.24125
2012-04-27,97.949997,99.559998,96.279999,98.889999,9452800,12.36125
2012-04-26,97.07,97.900002,96.010002,97.589996,6673600,12.19875
2012-04-25,96.269997,97.370003,94.779999,96.660004,8039200,12.0825
2012-04-24,100.550003,100.739998,94.779999,95.339996,13212800,11.9175
2012-04-23,100.059998,100.989998,98.059998,100.449997,15592000,12.55625
2012-04-20,94.980003,102.860001,94.129997,101.529999,30960000,12.69125
2012-04-19,96.889999,97.230003,95.769997,96.50,8519200,12.0625
2012-04-18,96.129997,97.660004,95.150002,97.019997,4301600,12.1275
2012-04-17,95.599998,97.43,95.599998,96.389999,5007200,12.04875
2012-04-16,97.00,97.650002,94.879997,95.080002,3643200,11.885
2012-04-13,95.230003,96.330002,94.169998,96.260002,4735200,12.0325
2012-04-12,94.110001,95.209999,93.690002,95.080002,2755200,11.885
2012-04-11,93.32,94.800003,93.099998,94.209999,4961600,11.77625
2012-04-10,95.099998,95.440002,91.650002,92.25,7836800,11.53125
2012-04-09,95.059998,95.480003,94.050003,95.269997,5302400,11.90875
2012-04-05,94.440002,96.330002,94.440002,95.529999,5048000,11.94125
2012-04-04,95.040001,96.019997,93.849998,94.449997,8919200,11.80625
2012-04-03,96.300003,98.239998,95.980003,98.089996,6315200,12.26125
2012-04-02,94.080002,97.050003,93.870003,96.190002,6135200,12.02375
2012-03-30,94.860001,96.059998,93.370003,94.00,5664800,11.75
2012-03-29,94.419998,94.419998,91.650002,94.040001,10151200,11.755
2012-03-28,97.599998,97.779999,94.470001,95.879997,5202400,11.985
2012-03-27,98.959999,99.220001,97.470001,97.599998,3720800,12.20
2012-03-26,98.059998,99.349998,97.669998,98.959999,4498400,12.37
2012-03-23,97.660004,97.690002,95.120003,97.099998,4777600,12.1375
2012-03-22,96.709999,98.589996,96.589996,97.739998,5053600,12.2175
2012-03-21,96.720001,98.389999,96.459999,97.650002,5971200,12.20625
2012-03-20,95.209999,96.919998,95.110001,96.580002,4140800,12.0725
2012-03-19,94.809998,96.739998,93.889999,95.779999,4328000,11.9725
2012-03-16,96.330002,96.330002,93.839996,94.309998,9245600,11.78875
2012-03-15,97.559998,97.989998,95.720001,96.029999,8078400,12.00375
2012-03-14,97.400002,99.099998,97.190002,97.57,10292800,12.19625
2012-03-13,95.949997,97.830002,95.550003,97.699997,9372000,12.2125
2012-03-12,93.269997,95.82,92.080002,95.349998,10352800,11.91875
2012-03-09,92.800003,95.449997,92.50,94.940002,7434400,11.8675
2012-03-08,92.059998,93.360001,91.639999,92.849998,7016000,11.60625
2012-03-07,89.260002,91.620003,89.110001,91.019997,7055200,11.3775
2012-03-06,90.559998,90.669998,88.00,88.839996,10030400,11.105
2012-03-05,92.150002,93.120003,91.639999,91.919998,6800000,11.49
2012-03-02,92.089996,92.620003,91.160004,92.220001,7839200,11.5275
2012-03-01,89.50,92.290001,89.25,92.120003,11074400,11.515
2012-02-29,89.050003,89.879997,87.989998,89.239998,11520800,11.155
2012-02-28,87.580002,88.900002,86.169998,87.720001,9700800,10.965
2012-02-27,85.290001,87.769997,84.25,87.160004,11576800,10.895
2012-02-24,84.870003,86.300003,83.440002,85.830002,11320000,10.72875
2012-02-23,83.00,83.709999,82.209999,82.400002,3760800,10.30
2012-02-22,82.209999,83.489998,82.209999,82.809998,4324800,10.35125
2012-02-21,84.290001,84.580002,82.110001,82.519997,5001600,10.315
2012-02-17,85.57,86.470001,84.540001,84.870003,6496000,10.60875
2012-02-16,83.629997,85.760002,83.629997,85.629997,9548800,10.70375
2012-02-15,84.099998,86.870003,83.620003,84.050003,16508000,10.50625
2012-02-14,82.230003,84.75,81.93,84.75,10365600,10.59375
2012-02-13,82.699997,82.779999,81.25,82.480003,5008800,10.31
2012-02-10,81.800003,82.440002,81.25,82.050003,8036000,10.25625
2012-02-09,81.690002,82.849998,80.870003,82.82,7906400,10.3525
2012-02-08,81.580002,83.370003,80.589996,81.599998,11184800,10.20
2012-02-07,80.800003,81.349998,79.75,81.029999,6162400,10.12875
2012-02-06,79.809998,81.410004,79.50,80.800003,6473600,10.10
2012-02-03,78.489998,80.540001,78.150002,80.459999,9277600,10.0575
2012-02-02,78.529999,79.00,77.120003,77.580002,9993600,9.6975
2012-02-01,79.970001,80.139999,78.279999,78.440002,12276000,9.805
2012-01-31,78.519997,80.440002,78.150002,79.620003,18972000,9.9525
2012-01-30,75.980003,77.550003,75.050003,77.059998,8977600,9.6325
2012-01-27,73.019997,77.489998,72.760002,76.919998,16980000,9.615
2012-01-26,75.989998,77.260002,72.559998,73.400002,41981600,9.175
2012-01-25,76.190002,77.849998,75.800003,77.489998,16334400,9.68625
2012-01-24,75.269997,76.739998,74.809998,76.400002,11840000,9.55
2012-01-23,74.459999,76.900002,74.400002,75.769997,12132000,9.47125
2012-01-20,72.620003,73.970001,72.389999,73.620003,7675200,9.2025
2012-01-19,73.650002,74.32,71.900002,72.940002,16294400,9.1175
2012-01-18,73.720001,74.300003,71.760002,73.239998,21862400,9.155
2012-01-17,77.760002,78.629997,75.93,76.269997,8024000,9.53375
2012-01-13,77.169998,78.419998,76.650002,77.169998,7448800,9.64625
2012-01-12,76.239998,77.870003,75.629997,77.660004,12467200,9.7075
2012-01-11,74.730003,75.839996,74.529999,75.760002,6409600,9.47
2012-01-10,75.519997,75.699997,74.040001,75.150002,8084000,9.39375
2012-01-09,74.309998,75.129997,72.970001,74.370003,8222400,9.29625
2012-01-06,73.239998,74.919998,72.639999,74.150002,8214400,9.26875
2012-01-05,72.309998,73.260002,70.260002,73.25,10757600,9.15625
2012-01-04,72.099998,73.370003,71.440002,72.660004,8602400,9.0825
2012-01-03,73.870003,75.00,72.010002,72.18,7126400,9.0225
2011-12-30,71.849998,73.360001,71.489998,71.790001,4116000,8.97375
2011-12-29,72.449997,72.919998,71.099998,71.839996,5335200,8.98
2011-12-28,73.470001,73.830002,71.900002,72.550003,4834400,9.06875
2011-12-27,73.080002,75.059998,72.290001,73.699997,5989600,9.2125
2011-12-23,70.949997,73.389999,70.440002,73.18,5728000,9.1475
2011-12-22,71.550003,71.879997,70.00,70.589996,7055200,8.82375
2011-12-21,72.489998,72.739998,69.690002,71.120003,9880800,8.89
2011-12-20,73.610001,74.379997,72.150002,72.339996,7754400,9.0425
2011-12-19,74.50,74.900002,71.800003,72.029999,4809600,9.00375
2011-12-16,74.949997,75.269997,73.839996,74.129997,7493600,9.26625
2011-12-15,75.459999,75.980003,72.230003,74.129997,10968800,9.26625
2011-12-14,74.199997,75.099998,72.50,73.989998,10728000,9.24875
2011-12-13,80.059998,80.18,73.419998,74.480003,16226400,9.31
2011-12-12,81.449997,81.449997,76.830002,79.120003,13076800,9.89
2011-12-09,80.269997,82.949997,79.449997,82.699997,5814400,10.3375
2011-12-08,81.480003,82.639999,79.440002,79.900002,4978400,9.9875
2011-12-07,82.00,82.830002,80.519997,82.220001,5073600,10.2775
2011-12-06,83.889999,83.889999,82.129997,82.629997,5280800,10.32875
2011-12-05,83.139999,84.139999,82.589996,84.050003,5630400,10.50625
2011-12-02,82.43,84.860001,81.650002,81.839996,7156800,10.23
2011-12-01,79.989998,82.389999,79.00,81.860001,7171200,10.2325
2011-11-30,81.269997,83.00,79.440002,81.330002,18121600,10.16625
2011-11-29,79.559998,79.870003,77.599998,78.309998,10664000,9.78875
2011-11-28,77.139999,79.699997,77.139999,79.610001,8101600,9.95125
2011-11-25,76.07,76.690002,74.18,74.690002,3958400,9.33625
2011-11-23,74.300003,77.00,74.129997,76.43,7860800,9.55375
2011-11-22,75.620003,76.790001,74.82,75.059998,7483200,9.3825
2011-11-21,74.599998,76.769997,73.550003,75.690002,9744000,9.46125
2011-11-18,79.089996,79.389999,75.879997,76.889999,7015200,9.61125
2011-11-17,80.769997,81.589996,76.989998,78.599998,9566400,9.825
2011-11-16,82.309998,83.419998,80.43,80.849998,4351200,10.10625
2011-11-15,82.309998,83.809998,81.50,83.279999,6368800,10.41
2011-11-14,84.099998,85.089996,82.75,82.949997,4084800,10.36875
2011-11-11,82.160004,83.989998,81.379997,83.900002,5203200,10.4875
2011-11-10,81.790001,81.970001,79.410004,81.00,5235200,10.125
2011-11-09,81.50,82.919998,80.25,80.889999,6556000,10.11125
2011-11-08,84.389999,84.800003,81.00,83.769997,7277600,10.47125
2011-11-07,84.260002,85.599998,82.279999,83.50,5072800,10.4375
2011-11-04,85.519997,85.75,83.410004,84.300003,6313600,10.5375
2011-11-03,83.459999,86.00,82.339996,85.760002,9729600,10.72
2011-11-02,84.339996,85.769997,82.139999,83.800003,10677600,10.475
2011-11-01,81.199997,83.68,80.660004,82.050003,10248000,10.25625
2011-10-31,84.75,87.400002,84.099998,84.410004,10103200,10.55125
2011-10-28,85.019997,86.00,83.699997,85.830002,9400000,10.72875
2011-10-27,85.00,86.150002,83.129997,86.00,16209600,10.75
2011-10-26,81.239998,83.690002,79.519997,82.889999,23020000,10.36125
2011-10-25,74.25,83.470001,74.059998,80.150002,47403200,10.01875
2011-10-24,74.099998,77.580002,73.120003,76.330002,16333600,9.54125
2011-10-21,72.769997,73.980003,72.260002,73.110001,8579200,9.13875
2011-10-20,71.419998,72.25,70.00,71.669998,4283200,8.95875
2011-10-19,72.720001,73.650002,71.080002,71.290001,5111200,8.91125
2011-10-18,72.07,73.900002,69.230003,73.209999,7508000,9.15125
2011-10-17,75.019997,76.480003,71.790001,72.480003,6116800,9.06
2011-10-14,74.82,75.199997,73.290001,74.639999,6338400,9.33
2011-10-13,73.82,75.349998,72.800003,73.50,7830400,9.1875
2011-10-12,75.860001,77.559998,73.910004,74.25,10852000,9.28125
2011-10-11,74.230003,76.199997,73.269997,75.269997,7399200,9.40875
2011-10-10,71.919998,74.889999,71.919998,74.449997,6468800,9.30625
2011-10-07,72.309998,73.389999,69.57,69.959999,7935200,8.745
2011-10-06,69.300003,72.540001,69.00,72.260002,7144000,9.0325
2011-10-05,68.010002,69.599998,66.68,69.25,9599200,8.65625
2011-10-04,63.540001,68.400002,62.50,68.059998,13638400,8.5075
2011-10-03,65.510002,67.790001,63.119999,64.57,9404000,8.07125
2011-09-30,69.209999,70.410004,66.379997,66.410004,8712800,8.30125
2011-09-29,74.650002,74.790001,66.459999,70.50,10993600,8.8125
2011-09-28,75.720001,76.029999,72.879997,73.050003,6234400,9.13125
2011-09-27,78.300003,78.489998,74.779999,75.540001,11044800,9.4425
2011-09-26,73.720001,76.370003,72.209999,76.220001,7784800,9.5275
2011-09-23,71.220001,74.989998,71.010002,72.669998,9370400,9.08375
2011-09-22,70.550003,71.50,69.050003,70.519997,15057600,8.815
2011-09-21,76.650002,77.379997,73.660004,73.68,9730400,9.21
2011-09-20,78.910004,80.25,76.260002,76.529999,9038400,9.56625
2011-09-19,77.260002,79.550003,76.190002,78.589996,9246400,9.82375
2011-09-16,77.400002,80.800003,76.599998,78.879997,20979200,9.86
2011-09-15,75.400002,77.300003,73.709999,76.82,15256800,9.6025
2011-09-14,71.480003,76.400002,70.199997,75.239998,17751200,9.405
2011-09-13,69.730003,71.849998,69.190002,71.169998,6777600,8.89625
2011-09-12,66.199997,69.610001,66.150002,69.379997,8324000,8.6725
2011-09-09,69.839996,69.900002,66.080002,67.540001,10710400,8.4425
2011-09-08,70.050003,72.809998,69.690002,70.769997,11810400,8.84625
2011-09-07,69.889999,71.220001,68.169998,71.160004,9260800,8.895
2011-09-06,64.550003,68.449997,64.440002,67.989998,8177600,8.49875
2011-09-02,67.970001,68.959999,66.50,67.360001,7911200,8.42
2011-09-01,70.599998,72.559998,69.389999,69.730003,7202400,8.71625
2011-08-31,72.82,73.360001,69.849998,70.860001,13416800,8.8575
2011-08-30,69.440002,73.18,69.150002,72.360001,15990400,9.045
2011-08-29,68.470001,71.199997,67.93,70.110001,16359200,8.76375
2011-08-26,59.23,67.68,58.700001,67.50,19534400,8.4375
2011-08-25,63.119999,63.720001,59.50,59.610001,10408800,7.45125
2011-08-24,62.630001,63.68,61.490002,62.919998,8995200,7.865
2011-08-23,56.970001,63.41,55.93,62.630001,19810400,7.82875
2011-08-22,55.580002,57.25,54.740002,55.990002,12984000,6.99875
2011-08-19,55.02,58.099998,52.619999,52.779999,11928800,6.5975
2011-08-18,57.23,57.34,54.639999,55.830002,21792000,6.97875
2011-08-17,64.050003,64.709999,58.540001,59.139999,14255200,7.3925
2011-08-16,64.93,65.43,62.84,63.439999,10124800,7.93
2011-08-15,64.730003,66.029999,63.619999,65.959999,8744800,8.245
2011-08-12,63.57,64.410004,62.73,63.73,6710400,7.96625
2011-08-11,59.720001,63.950001,58.580002,62.939999,10064000,7.8675
2011-08-10,61.650002,62.889999,58.950001,59.080002,10930400,7.385
2011-08-09,58.220001,61.400002,55.490002,61.279999,15816800,7.66
2011-08-08,59.52,61.09,54.369999,55.93,22619200,6.99125
2011-08-05,66.029999,66.769997,60.650002,62.639999,20994400,7.83
2011-08-04,69.150002,69.279999,64.129997,64.790001,14628000,8.09875
2011-08-03,68.43,70.349998,66.059998,70.129997,16773600,8.76625
2011-08-02,71.940002,73.650002,68.970001,69.18,10982400,8.6475
2011-08-01,74.629997,75.660004,72.199997,72.870003,8469600,9.10875
2011-07-29,73.110001,74.790001,72.32,73.410004,9786400,9.17625
2011-07-28,71.75,75.790001,71.199997,74.50,15205600,9.3125
2011-07-27,74.959999,75.629997,71.940002,72.050003,12422400,9.00625
2011-07-26,78.989998,82.169998,74.699997,75.449997,38247200,9.43125
2011-07-25,79.050003,79.699997,77.75,78.589996,13099200,9.82375
2011-07-22,80.529999,80.93,79.220001,79.669998,11932000,9.95875
2011-07-21,81.470001,82.949997,80.290001,80.419998,10467200,10.0525
2011-07-20,82.440002,82.440002,80.800003,81.190002,6528800,10.14875
2011-07-19,78.470001,82.660004,78.230003,82.400002,12284800,10.30
2011-07-18,77.309998,78.349998,77.080002,77.68,3551200,9.71
2011-07-15,78.580002,78.699997,77.120003,77.93,4550400,9.74125
2011-07-14,79.50,79.849998,77.870003,78.260002,5210400,9.7825
2011-07-13,78.519997,80.699997,78.400002,79.330002,6465600,9.91625
2011-07-12,77.110001,79.139999,76.75,78.199997,7876000,9.775
2011-07-11,78.669998,79.959999,76.839996,77.199997,7588800,9.65
2011-07-08,78.290001,79.739998,77.400002,79.550003,6719200,9.94375
2011-07-07,80.260002,81.519997,79.50,79.580002,10637600,9.9475
2011-07-06,80.959999,81.199997,79.019997,79.709999,14188000,9.96375
2011-07-05,78.389999,81.449997,77.650002,81.239998,12234400,10.155
2011-07-01,77.669998,79.629997,77.00,79.230003,7304000,9.90375
2011-06-30,77.099998,77.980003,76.980003,77.309998,5378400,9.66375
2011-06-29,77.760002,79.150002,76.580002,77.089996,10446400,9.63625
2011-06-28,76.150002,77.68,75.849998,77.599998,9658400,9.70
2011-06-27,74.32,75.25,73.50,74.300003,10760800,9.2875
2011-06-24,73.389999,74.769997,72.459999,74.370003,33004000,9.29625
2011-06-23,71.120003,73.690002,70.410004,73.620003,9275200,9.2025
2011-06-22,73.449997,74.900002,72.169998,72.279999,7849600,9.035
2011-06-21,72.349998,74.690002,72.010002,73.620003,16122400,9.2025
2011-06-20,68.059998,72.07,67.639999,71.870003,12272000,8.98375
2011-06-17,69.589996,69.830002,67.139999,68.07,15342400,8.50875
2011-06-16,67.980003,68.940002,66.970001,68.019997,10716000,8.5025
2011-06-15,68.900002,69.589996,67.720001,68.07,8554400,8.50875
2011-06-14,68.879997,69.900002,68.610001,69.68,12900800,8.71
2011-06-13,66.029999,68.50,65.25,67.970001,17323200,8.49625
2011-06-10,66.25,67.07,63.98,64.120003,11796000,8.015
2011-06-09,62.66,65.489998,62.09,65.269997,14790400,8.15875
2011-06-08,64.510002,64.559998,62.299999,62.509998,8672000,7.81375
2011-06-07,65.260002,66.139999,64.610001,64.660004,5522400,8.0825
2011-06-06,66.510002,66.879997,64.889999,65.129997,5402400,8.14125
2011-06-03,65.400002,68.989998,65.300003,66.559998,8651200,8.32
2011-06-02,66.629997,67.849998,65.459999,66.160004,9020800,8.27
2011-06-01,65.040001,67.099998,65.040001,66.629997,11647200,8.32875
2011-05-31,65.919998,66.260002,64.230003,65.18,5663200,8.1475
2011-05-27,65.769997,66.349998,65.129997,65.389999,3492800,8.17375
2011-05-26,63.32,65.669998,63.32,65.620003,6945600,8.2025
2011-05-25,63.849998,64.550003,62.619999,64.050003,7676800,8.00625
2011-05-24,65.019997,65.370003,64.059998,64.199997,4278400,8.025
2011-05-23,64.510002,65.489998,64.00,65.00,5735200,8.125
2011-05-20,66.940002,67.389999,64.379997,65.43,8041600,8.17875
2011-05-19,67.489998,67.75,65.900002,66.889999,6326400,8.36125
2011-05-18,65.809998,67.629997,65.510002,67.110001,12928000,8.38875
2011-05-17,64.370003,64.849998,61.560001,64.089996,15142400,8.01125
2011-05-16,66.290001,66.860001,64.419998,64.730003,7336000,8.09125
2011-05-13,68.220001,68.620003,66.339996,66.919998,6657600,8.365
2011-05-12,68.269997,69.25,67.760002,68.059998,7920000,8.5075
2011-05-11,67.110001,68.919998,67.080002,68.730003,12054400,8.59125
2011-05-10,65.760002,67.550003,65.529999,67.400002,8424800,8.425
2011-05-09,66.00,66.769997,65.540001,65.690002,7202400,8.21125
2011-05-06,65.93,67.25,64.879997,66.00,10284800,8.25
2011-05-05,64.849998,66.169998,63.799999,65.150002,9878400,8.14375
2011-05-04,64.75,65.470001,62.91,65.32,11727200,8.165
2011-05-03,66.419998,66.739998,64.470001,64.75,10068800,8.09375
2011-05-02,68.489998,68.589996,65.300003,66.800003,13780000,8.35
2011-04-29,70.300003,70.300003,67.559998,68.459999,12137600,8.5575
2011-04-28,70.00,72.239998,69.519997,70.239998,11573600,8.78
2011-04-27,70.00,70.400002,68.190002,70.050003,13842400,8.75625
2011-04-26,74.900002,75.449997,69.360001,69.639999,36849600,8.705
2011-04-25,79.849998,80.00,77.68,78.470001,6914400,9.80875
2011-04-21,79.199997,79.199997,77.559998,78.529999,3184800,9.81625
2011-04-20,78.93,79.589996,77.809998,78.449997,8245600,9.80625
2011-04-19,74.209999,77.970001,74.099998,77.800003,10845600,9.725
2011-04-18,72.800003,74.599998,71.540001,74.110001,5149600,9.26375
2011-04-15,73.349998,74.400002,73.129997,73.870003,3372000,9.23375
2011-04-14,74.029999,74.830002,72.769997,73.410004,5555200,9.17625
2011-04-13,74.43,75.089996,73.300003,74.959999,4911200,9.37
2011-04-12,72.269997,75.00,71.860001,73.970001,7895200,9.24625
2011-04-11,71.480003,74.290001,71.480003,73.290001,7107200,9.16125
2011-04-08,73.32,73.900002,71.160004,71.400002,6103200,8.925
2011-04-07,73.910004,74.879997,72.50,73.099998,5339200,9.1375
2011-04-06,76.50,76.660004,73.040001,73.900002,7156800,9.2375
2011-04-05,74.730003,76.849998,74.50,76.050003,6908000,9.50625
2011-04-04,73.959999,75.00,72.879997,74.550003,9255200,9.31875
2011-04-01,68.470001,74.120003,68.059998,73.230003,15990400,9.15375
2011-03-31,69.089996,69.50,67.660004,68.050003,5211200,8.50625
2011-03-30,68.660004,70.559998,68.50,69.029999,6476000,8.62875
2011-03-29,64.68,68.769997,63.709999,68.32,9294400,8.54
2011-03-28,65.879997,66.690002,64.610001,65.110001,3984800,8.13875
2011-03-25,65.410004,67.099998,65.059998,65.790001,3962400,8.22375
2011-03-24,65.220001,65.889999,64.690002,65.25,3585600,8.15625
2011-03-23,63.889999,65.300003,63.299999,64.919998,3725600,8.115
2011-03-22,65.489998,65.650002,64.029999,64.190002,3808800,8.02375
2011-03-21,64.099998,65.830002,64.029999,65.510002,5110400,8.18875
2011-03-18,65.339996,66.040001,63.009998,63.310001,15441600,7.91375
2011-03-17,68.25,68.410004,66.400002,67.080002,3301600,8.385
2011-03-16,67.220001,68.730003,66.230003,67.139999,4431200,8.3925
2011-03-15,66.00,68.239998,65.550003,67.519997,4938400,8.44
2011-03-14,68.529999,69.139999,67.339996,68.269997,4404800,8.53375
2011-03-11,67.599998,69.769997,66.959999,69.449997,5049600,8.68125
2011-03-10,68.00,68.720001,67.169998,67.690002,4242400,8.46125
2011-03-09,69.099998,70.190002,68.099998,68.849998,4104800,8.60625
2011-03-08,68.019997,70.690002,67.910004,69.489998,9174400,8.68625
2011-03-07,67.440002,69.25,65.75,67.860001,10854400,8.4825
2011-03-04,66.269997,67.480003,66.00,67.330002,5073600,8.41625
2011-03-03,65.00,66.650002,64.690002,66.559998,5711200,8.32
2011-03-02,64.43,64.769997,62.529999,63.880001,4134400,7.985
2011-03-01,66.279999,66.379997,63.810001,64.470001,4781600,8.05875
2011-02-28,66.330002,66.610001,64.940002,66.230003,3609600,8.27875
2011-02-25,64.870003,67.07,64.839996,66.019997,5331200,8.2525
2011-02-24,64.00,65.269997,63.389999,64.559998,5130400,8.07
2011-02-23,66.00,66.459999,62.279999,64.25,8089600,8.03125
2011-02-22,66.800003,68.529999,66.099998,66.150002,4224000,8.26875
2011-02-18,67.419998,68.199997,66.900002,67.839996,3121600,8.48
2011-02-17,67.360001,68.00,66.419998,67.529999,3373600,8.44125
2011-02-16,67.480003,68.269997,66.830002,67.769997,4324000,8.47125
2011-02-15,67.699997,68.720001,66.830002,67.339996,6013600,8.4175
2011-02-14,69.849998,70.43,68.830002,68.959999,6752000,8.62
2011-02-11,69.00,69.970001,68.510002,69.809998,4944800,8.72625
2011-02-10,66.300003,69.230003,65.940002,69.120003,8252000,8.64
2011-02-09,66.709999,68.650002,66.419998,66.470001,7668000,8.30875
2011-02-08,65.300003,67.190002,65.050003,66.989998,8384000,8.37375
2011-02-07,63.700001,65.550003,63.330002,65.510002,9432000,8.18875
2011-02-04,60.16,64.949997,59.810001,63.700001,12228800,7.9625
2011-02-03,59.439999,60.82,59.419998,60.259998,6378400,7.5325
2011-02-02,60.060001,60.68,59.34,59.41,5837600,7.42625
2011-02-01,60.00,60.459999,59.529999,60.18,7880000,7.5225
2011-01-31,59.880001,60.360001,59.25,59.860001,7510400,7.4825
2011-01-28,59.889999,60.98,59.060001,59.75,9772000,7.46875
2011-01-27,56.139999,59.950001,55.82,59.790001,25632800,7.47375
2011-01-26,53.080002,54.130001,52.529999,53.880001,6556000,6.735
2011-01-25,53.540001,53.709999,51.77,53.00,8934400,6.625
2011-01-24,53.950001,55.349998,53.220001,53.52,10423200,6.69
2011-01-21,54.299999,54.59,53.07,53.25,6144000,6.65625
2011-01-20,55.00,55.610001,54.00,54.09,4646400,6.76125
2011-01-19,56.830002,56.990002,55.060001,55.209999,4458400,6.90125
2011-01-18,56.299999,56.830002,55.759998,56.830002,3904800,7.10375
2011-01-14,55.400002,56.349998,55.310001,56.299999,2415200,7.0375
2011-01-13,55.18,55.50,54.849998,55.470001,2528800,6.93375
2011-01-12,54.990002,55.560001,54.779999,55.02,2152800,6.8775
2011-01-11,55.91,56.00,54.150002,54.389999,3057600,6.79875
2011-01-10,53.209999,55.619999,52.66,55.220001,4219200,6.9025
2011-01-07,54.799999,54.799999,52.759998,53.549999,4948800,6.69375
2011-01-06,55.75,55.860001,54.27,54.639999,3564000,6.83
2011-01-05,54.57,55.939999,54.32,55.540001,3428000,6.9425
2011-01-04,55.720001,56.110001,53.919998,54.650002,4911200,6.83125
2011-01-03,54.98,56.200001,54.50,55.57,6912800,6.94625
2010-12-31,55.139999,55.349998,54.599998,54.84,3596800,6.855
2010-12-30,54.630001,55.50,54.619999,55.139999,2316800,6.8925
2010-12-29,53.68,54.900002,53.66,54.599998,3225600,6.825
2010-12-28,54.419998,54.669998,53.360001,53.470001,3304000,6.68375
2010-12-27,54.790001,54.849998,53.82,54.50,2145600,6.8125
2010-12-23,54.52,55.389999,54.509998,54.849998,3070400,6.85625
2010-12-22,56.970001,57.25,53.84,54.490002,8011200,6.81125
2010-12-21,57.459999,57.50,56.889999,57.400002,3265600,7.175
2010-12-20,58.419998,58.419998,56.59,57.23,3956800,7.15375
2010-12-17,56.299999,57.490002,55.950001,57.279999,7230400,7.16
2010-12-16,54.77,56.450001,54.66,56.110001,6284000,7.01375
2010-12-15,56.419998,56.650002,53.599998,54.779999,19624000,6.8475
2010-12-14,59.75,59.84,56.66,56.75,10943200,7.09375
2010-12-13,59.400002,60.139999,59.380001,59.709999,7089600,7.46375
2010-12-10,59.119999,60.09,58.970001,60.009998,5066400,7.50125
2010-12-09,58.540001,59.150002,58.09,59.009998,5517600,7.37625
2010-12-08,58.66,59.330002,58.099998,58.689999,2148000,7.33625
2010-12-07,60.110001,60.119999,58.59,58.720001,5568000,7.34
2010-12-06,59.490002,59.599998,58.459999,59.549999,3229600,7.44375
2010-12-03,57.57,59.189999,57.389999,59.029999,4247200,7.37875
2010-12-02,58.099998,58.59,57.150002,58.09,3822400,7.26125
2010-12-01,58.50,59.080002,57.77,57.900002,5212800,7.2375
2010-11-30,55.619999,58.689999,55.619999,57.73,7067200,7.21625
2010-11-29,56.259998,56.459999,55.50,56.029999,7836000,7.00375
2010-11-26,57.220001,57.220001,55.860001,56.50,1985600,7.0625
2010-11-24,56.00,57.139999,56.00,56.580002,7585600,7.0725
2010-11-23,54.540001,55.810001,54.119999,55.52,5298400,6.94
2010-11-22,55.00,55.09,53.889999,54.990002,8367200,6.87375
2010-11-19,51.700001,54.700001,51.689999,54.25,7235200,6.78125
2010-11-18,51.689999,52.419998,51.650002,51.959999,4857600,6.495
2010-11-17,50.16,51.66,50.009998,50.91,5884000,6.36375
2010-11-16,49.799999,51.389999,49.060001,50.00,5780000,6.25
2010-11-15,50.689999,51.09,49.59,49.709999,3697600,6.21375
2010-11-12,51.50,51.93,50.27,50.549999,3616000,6.31875
2010-11-11,51.220001,52.299999,51.02,51.970001,3941600,6.49625
2010-11-10,51.16,51.880001,50.619999,51.849998,4112800,6.48125
2010-11-09,51.880001,51.990002,50.990002,51.259998,5099200,6.4075
2010-11-08,50.310001,51.990002,50.099998,51.759998,6905600,6.47
2010-11-05,48.540001,50.900002,48.540001,50.259998,7881600,6.2825
2010-11-04,47.150002,48.57,47.00,48.490002,6840000,6.06125
2010-11-03,47.00,47.389999,45.849998,46.43,4280800,5.80375
2010-11-02,46.810001,47.389999,46.139999,46.799999,4520800,5.85
2010-11-01,46.950001,47.490002,46.25,46.50,3650400,5.8125
2010-10-29,46.900002,47.169998,46.330002,46.68,3525600,5.835
2010-10-28,47.419998,48.07,46.119999,46.959999,5429600,5.87
2010-10-27,47.810001,47.900002,46.25,46.799999,7509600,5.85
2010-10-26,45.360001,48.490002,44.75,47.98,16339200,5.9975
2010-10-25,47.380001,48.59,47.130001,47.91,7976800,5.98875
2010-10-22,46.25,47.169998,45.709999,47.07,4973600,5.88375
2010-10-21,45.610001,47.779999,44.689999,45.41,4611200,5.67625
2010-10-20,45.099998,45.700001,44.560001,45.310001,2982400,5.66375
2010-10-19,45.509998,45.970001,44.459999,44.880001,4825600,5.61
2010-10-18,46.139999,46.279999,45.619999,46.23,3187200,5.77875
2010-10-15,46.810001,46.959999,45.50,45.619999,8082400,5.7025
2010-10-14,46.75,47.50,45.889999,46.279999,4644800,5.785
2010-10-13,46.66,48.00,46.59,46.790001,6512000,5.84875
2010-10-12,45.639999,46.740002,45.310001,46.400002,4715200,5.80
2010-10-11,46.310001,46.759998,45.830002,45.919998,3344000,5.74
2010-10-08,44.59,46.82,44.59,46.220001,7014400,5.7775
2010-10-07,44.66,45.25,44.189999,44.59,4223200,5.57375
2010-10-06,45.00,45.25,44.07,44.450001,5572800,5.55625
2010-10-05,45.490002,47.00,44.860001,45.110001,14558400,5.63875
2010-10-04,44.98,45.599998,44.220001,44.84,4244000,5.605
2010-10-01,45.32,45.84,44.279999,45.049999,4401600,5.63125
2010-09-30,45.869999,46.00,44.560001,45.040001,4446400,5.63
2010-09-29,45.400002,46.049999,45.310001,45.50,4032000,5.6875
2010-09-28,45.470001,46.00,44.689999,45.470001,6323200,5.68375
2010-09-27,44.959999,45.630001,44.700001,45.220001,2941600,5.6525
2010-09-24,45.080002,46.099998,44.779999,44.919998,6763200,5.615
2010-09-23,43.41,45.130001,42.93,44.389999,6288000,5.54875
2010-09-22,44.75,45.279999,43.709999,44.00,6756000,5.50
2010-09-21,45.360001,45.439999,44.549999,45.080002,6013600,5.635
2010-09-20,44.490002,45.299999,44.02,45.23,5560000,5.65375
2010-09-17,44.049999,44.360001,43.66,44.169998,10876000,5.52125
2010-09-16,42.32,44.189999,42.240002,44.07,7300800,5.50875
2010-09-15,42.150002,44.139999,42.009998,42.560001,10556000,5.32
2010-09-14,41.00,42.580002,40.740002,42.209999,13384000,5.27625
2010-09-13,40.380001,41.00,40.09,40.91,7404800,5.11375
2010-09-10,39.869999,40.700001,39.84,39.889999,5324000,4.98625
2010-09-09,39.91,40.380001,39.060001,39.599998,7291200,4.95
2010-09-08,38.41,39.599998,38.41,38.959999,5900800,4.87
2010-09-07,38.27,39.389999,37.919998,38.360001,7248000,4.795
2010-09-03,37.810001,38.48,37.439999,38.349998,4401600,4.79375
2010-09-02,36.709999,37.50,36.610001,37.240002,4143200,4.655
2010-09-01,36.759998,37.889999,36.540001,36.740002,6532800,4.5925
2010-08-31,34.799999,36.00,34.32,35.869999,6494400,4.48375
2010-08-30,35.919998,36.650002,34.84,34.950001,4279200,4.36875
2010-08-27,35.380001,36.43,34.200001,36.200001,7784800,4.525
2010-08-26,36.77,36.889999,34.82,34.919998,4701600,4.365
2010-08-25,35.130001,36.630001,35.00,36.50,3928800,4.5625
2010-08-24,35.740002,36.380001,34.830002,35.59,3657600,4.44875
2010-08-23,37.169998,37.549999,36.119999,36.369999,3071200,4.54625
2010-08-20,36.240002,36.970001,35.59,36.779999,3536800,4.5975
2010-08-19,37.470001,37.650002,36.200001,36.310001,6168000,4.53875
2010-08-18,36.66,38.00,36.259998,37.650002,5711200,4.70625
2010-08-17,35.990002,37.209999,35.75,36.599998,6520800,4.575
2010-08-16,35.619999,35.889999,35.189999,35.470001,7096800,4.43375
2010-08-13,36.220001,36.959999,35.869999,35.889999,2987200,4.48625
2010-08-12,36.490002,36.73,35.290001,36.490002,3162400,4.56125
2010-08-11,36.860001,37.259998,36.400002,36.509998,5437600,4.56375
2010-08-10,37.349998,38.00,37.09,37.669998,3445600,4.70875
2010-08-09,37.700001,38.00,37.18,37.880001,4720800,4.735
2010-08-06,36.700001,37.43,36.57,37.27,5112000,4.65875
2010-08-05,37.700001,38.00,37.34,37.419998,4070400,4.6775
2010-08-04,37.330002,38.23,37.18,38.009998,3363200,4.75125
2010-08-03,38.07,38.09,36.77,37.369999,5066400,4.67125
2010-08-02,38.310001,38.689999,37.669998,38.23,5468000,4.77875
2010-07-30,36.75,38.110001,36.59,37.560001,4272000,4.695
2010-07-29,37.630001,38.009998,36.50,37.43,4393600,4.67875
2010-07-28,37.740002,38.209999,37.02,37.099998,5412000,4.6375
2010-07-27,39.709999,40.00,37.48,37.93,14808800,4.74125
2010-07-26,37.529999,38.419998,37.529999,38.23,10112800,4.77875
2010-07-23,36.709999,37.509998,36.509998,37.419998,4689600,4.6775
2010-07-22,34.990002,37.200001,34.84,37.00,11357600,4.625
2010-07-21,33.889999,34.639999,33.200001,34.299999,6414400,4.2875
2010-07-20,32.709999,34.040001,32.27,33.52,5601600,4.19
2010-07-19,33.990002,34.00,32.639999,33.209999,3298400,4.15125
2010-07-16,35.240002,35.27,33.240002,33.330002,7013600,4.16625
2010-07-15,35.200001,35.529999,34.580002,35.459999,4211200,4.4325
2010-07-14,35.869999,36.34,34.919998,35.349998,5066400,4.41875
2010-07-13,36.470001,36.490002,35.200001,36.150002,7008800,4.51875
2010-07-12,35.650002,36.439999,35.540001,35.93,4796800,4.49125
2010-07-09,35.27,35.950001,35.029999,35.91,5928800,4.48875
2010-07-08,35.16,35.400002,34.50,35.400002,6695200,4.425
2010-07-07,32.830002,34.77,32.529999,34.610001,5241600,4.32625
2010-07-06,33.59,34.34,32.110001,32.509998,3960000,4.06375
2010-07-02,33.709999,33.849998,32.529999,32.689999,2856000,4.08625
2010-07-01,33.009998,33.889999,31.629999,33.490002,5736800,4.18625
2010-06-30,33.709999,34.470001,33.02,33.130001,4409600,4.14125
2010-06-29,35.43,35.43,33.16,33.59,7014400,4.19875
2010-06-28,35.509998,36.91,35.470001,36.18,4457600,4.5225
2010-06-25,35.34,36.049999,34.91,35.939999,5128000,4.4925
2010-06-24,36.259998,36.380001,34.57,35.080002,8146400,4.385
2010-06-23,36.349998,37.099998,35.669998,36.650002,4760000,4.58125
2010-06-22,36.490002,37.68,35.77,35.900002,5780000,4.4875
2010-06-21,38.110001,38.869999,36.41,36.669998,7909600,4.58375
2010-06-18,37.040001,37.860001,36.50,37.50,6939200,4.6875
2010-06-17,37.419998,37.689999,36.029999,36.860001,6740000,4.6075
2010-06-16,35.459999,37.830002,35.130001,36.990002,10644000,4.62375
2010-06-15,35.290001,35.98,34.599998,35.830002,5965600,4.47875
2010-06-14,34.439999,35.470001,34.34,34.73,7009600,4.34125
2010-06-11,33.380001,34.66,32.509998,34.34,8388000,4.2925
2010-06-10,32.619999,33.389999,32.130001,33.299999,6464000,4.1625
2010-06-09,32.400002,33.459999,31.58,31.92,7846400,3.99
2010-06-08,31.66,32.240002,30.280001,32.060001,5481600,4.0075
2010-06-07,32.73,33.25,31.309999,31.469999,3602400,3.93375
2010-06-04,33.439999,33.990002,32.00,32.689999,7220800,4.08625
2010-06-03,33.759998,34.52,33.369999,34.459999,5016000,4.3075
2010-06-02,32.709999,33.77,32.209999,33.73,3432800,4.21625
2010-06-01,33.110001,33.830002,32.419998,32.52,4486400,4.065
2010-05-28,34.369999,34.869999,33.490002,33.689999,8130400,4.21125
2010-05-27,34.00,35.00,33.869999,34.709999,9385600,4.33875
2010-05-26,33.490002,34.400002,32.57,33.560001,18442400,4.195
2010-05-25,30.040001,31.18,29.120001,31.08,7753600,3.885
2010-05-24,31.43,31.950001,30.92,31.049999,4700000,3.88125
2010-05-21,29.959999,32.240002,29.43,30.98,10476800,3.8725
2010-05-20,30.35,31.24,30.00,30.51,10742400,3.81375
2010-05-19,31.40,31.959999,30.50,31.389999,9872000,3.92375
2010-05-18,33.490002,33.98,31.99,32.209999,4767200,4.02625
2010-05-17,32.73,33.25,30.99,32.939999,7610400,4.1175
2010-05-14,33.50,33.84,32.02,32.810001,6496800,4.10125
2010-05-13,34.200001,34.400002,33.450001,34.009998,6088800,4.25125
2010-05-12,33.450001,34.970001,33.450001,34.389999,7146400,4.29875
2010-05-11,32.389999,34.330002,32.130001,33.400002,7000800,4.175
2010-05-10,32.360001,33.00,31.41,32.77,6021600,4.09625
2010-05-07,31.50,32.18,29.59,30.190001,11984000,3.77375
2010-05-06,32.799999,32.799999,29.16,31.35,11632800,3.91875
2010-05-05,33.50,34.52,32.790001,32.91,7108800,4.11375
2010-05-04,34.959999,34.959999,33.25,33.869999,7266400,4.23375
2010-05-03,34.00,35.130001,33.75,34.540001,9623200,4.3175
2010-04-30,35.860001,36.43,33.66,33.75,8756800,4.21875
2010-04-29,35.889999,36.490002,35.369999,35.849998,8481600,4.48125
2010-04-28,34.52,36.32,34.50,35.540001,14744800,4.4425
2010-04-27,34.93,35.25,33.049999,34.200001,18670400,4.275
2010-04-26,35.139999,36.220001,35.139999,35.93,8712000,4.49125
2010-04-23,34.720001,35.450001,34.50,35.349998,4541600,4.41875
2010-04-22,34.130001,35.00,33.700001,34.82,7149600,4.3525
2010-04-21,34.00,34.400002,33.740002,34.02,7406400,4.2525
2010-04-20,33.900002,34.400002,33.669998,33.880001,3644800,4.235
2010-04-19,33.540001,34.73,32.700001,33.650002,9287200,4.20625
2010-04-16,33.43,34.060001,33.310001,33.740002,5723200,4.2175
2010-04-15,34.549999,34.549999,33.189999,33.389999,12063200,4.17375
2010-04-14,32.98,34.919998,32.799999,34.630001,11599200,4.32875
2010-04-13,33.09,33.419998,32.439999,32.580002,7548000,4.0725
2010-04-12,33.380001,34.25,32.790001,32.950001,12874400,4.11875
2010-04-09,31.73,32.330002,31.280001,32.279999,5222400,4.035
2010-04-08,31.360001,31.99,31.10,31.639999,3788800,3.955
2010-04-07,31.41,31.870001,31.190001,31.549999,4125600,3.94375
2010-04-06,31.00,31.43,30.860001,31.360001,3035200,3.92
2010-04-05,30.790001,31.200001,30.610001,30.940001,4884000,3.8675
2010-04-01,29.75,30.610001,29.639999,30.559999,7015200,3.82
2010-03-31,30.09,30.34,29.290001,29.41,4557600,3.67625
2010-03-30,30.530001,31.00,29.950001,30.25,6009600,3.78125
2010-03-29,30.76,30.77,30.219999,30.60,3466400,3.825
2010-03-26,30.309999,30.870001,30.15,30.60,5187200,3.825
2010-03-25,29.50,30.84,29.459999,30.16,8388800,3.77
2010-03-24,30.25,30.299999,29.059999,29.16,11553600,3.645
2010-03-23,30.08,31.16,30.08,30.799999,9392000,3.85
2010-03-22,28.42,30.389999,28.18,30.09,7964000,3.76125
2010-03-19,28.74,28.76,28.049999,28.74,4911200,3.5925
2010-03-18,29.110001,29.58,28.209999,28.34,9039200,3.5425
2010-03-17,28.610001,29.190001,28.610001,28.969999,4144800,3.62125
2010-03-16,28.32,28.719999,28.15,28.690001,2875200,3.58625
2010-03-15,28.360001,28.48,27.83,28.18,3158400,3.5225
2010-03-12,29.25,29.280001,28.299999,28.40,6032000,3.55
2010-03-11,28.860001,29.209999,28.129999,29.18,6637600,3.6475
2010-03-10,28.379999,29.17,28.18,29.00,4709600,3.625
2010-03-09,28.200001,28.889999,28.17,28.41,4067200,3.55125
2010-03-08,28.190001,28.67,28.129999,28.17,3035200,3.52125
2010-03-05,26.879999,28.450001,26.709999,28.139999,6939200,3.5175
2010-03-04,26.860001,26.99,26.43,26.690001,1950400,3.33625
2010-03-03,27.00,27.129999,26.549999,26.75,4318400,3.34375
2010-03-02,27.16,27.17,26.68,26.959999,3778400,3.37
2010-03-01,26.16,26.85,26.00,26.84,3281600,3.355
2010-02-26,26.17,26.27,25.780001,26.059999,2902400,3.2575
2010-02-25,25.52,26.110001,25.27,26.09,3859200,3.26125
2010-02-24,25.780001,26.360001,25.690001,25.85,6490400,3.23125
2010-02-23,25.940001,26.030001,25.16,25.34,3596000,3.1675
2010-02-22,25.940001,26.23,25.74,25.940001,3177600,3.2425
2010-02-19,25.60,25.85,25.459999,25.77,2404800,3.22125
2010-02-18,25.85,25.85,25.440001,25.690001,2324000,3.21125
2010-02-17,25.65,25.959999,25.59,25.82,2428000,3.2275
2010-02-16,25.450001,25.639999,25.17,25.629999,2821600,3.20375
2010-02-12,25.40,25.40,24.99,25.280001,5303200,3.16
2010-02-11,24.610001,25.389999,24.389999,25.33,5113600,3.16625
2010-02-10,24.83,25.120001,24.389999,24.540001,4427200,3.0675
2010-02-09,24.35,25.09,23.889999,24.85,6520800,3.10625
2010-02-08,24.639999,24.75,23.889999,23.940001,5335200,2.9925
2010-02-05,24.42,24.52,23.719999,24.440001,10075200,3.055
2010-02-04,25.700001,25.700001,24.370001,24.450001,9863200,3.05625
2010-02-03,26.43,26.610001,25.809999,25.879999,5456000,3.235
2010-02-02,26.120001,27.32,25.73,26.799999,10510400,3.35
2010-02-01,25.799999,26.08,25.15,25.969999,4974400,3.24625
2010-01-29,26.74,26.940001,25.370001,25.40,8784000,3.175
2010-01-28,27.92,28.08,25.92,26.25,14160000,3.28125
2010-01-27,27.32,28.209999,27.32,27.91,9220800,3.48875
2010-01-26,26.50,28.059999,26.18,27.42,8334400,3.4275
2010-01-25,26.959999,27.049999,26.200001,26.540001,4956000,3.3175
2010-01-22,27.280001,27.83,26.50,26.629999,8641600,3.32875
2010-01-21,27.540001,28.370001,26.99,27.34,15407200,3.4175
2010-01-20,27.129999,27.200001,26.50,26.68,6938400,3.335
2010-01-19,28.110001,28.370001,27.01,27.139999,9436000,3.3925
2010-01-15,28.85,29.16,27.82,27.99,4578400,3.49875
2010-01-14,29.07,29.15,28.67,28.90,5499200,3.6125
2010-01-13,29.299999,29.40,28.84,29.00,3229600,3.625
2010-01-12,29.60,29.879999,28.700001,28.959999,6319200,3.62
2010-01-11,29.309999,29.469999,28.82,29.09,6161600,3.63625
2010-01-08,29.219999,29.450001,28.73,29.15,6400000,3.64375
2010-01-07,29.51,29.99,28.969999,29.209999,5780800,3.65125
2010-01-06,29.02,29.59,28.91,29.559999,3821600,3.695
2010-01-05,28.030001,28.959999,27.73,28.92,3666400,3.615
2010-01-04,27.469999,28.10,27.469999,28.08,4284000,3.51
2009-12-31,27.860001,28.00,27.25,27.27,2436000,3.40875
2009-12-30,27.73,28.00,27.540001,27.870001,2336000,3.48375
2009-12-29,27.360001,27.82,27.34,27.790001,1891200,3.47375
2009-12-28,27.52,27.889999,26.99,27.35,3056000,3.41875
2009-12-24,27.66,27.82,27.43,27.51,1521600,3.43875
2009-12-23,27.09,27.68,26.90,27.60,2631200,3.45
2009-12-22,27.02,27.27,26.860001,27.040001,2164800,3.38
2009-12-21,26.469999,27.09,26.469999,26.969999,2443200,3.37125
2009-12-18,26.610001,26.700001,25.799999,26.43,4814400,3.30375
2009-12-17,26.629999,26.889999,26.08,26.32,3660800,3.29
2009-12-16,26.83,27.219999,26.700001,27.02,2987200,3.3775
2009-12-15,26.469999,26.969999,26.40,26.76,2248800,3.345
2009-12-14,26.83,26.889999,26.27,26.709999,3703200,3.33875
2009-12-11,26.610001,26.950001,26.280001,26.60,6936800,3.325
2009-12-10,26.41,26.549999,25.870001,25.99,4403200,3.24875
2009-12-09,26.25,26.35,25.98,26.059999,3493600,3.2575
2009-12-08,26.309999,26.49,25.969999,26.290001,3468800,3.28625
2009-12-07,27.139999,27.469999,26.50,26.68,4118400,3.335
2009-12-04,26.98,27.459999,26.280001,27.24,6273600,3.405
2009-12-03,26.639999,26.77,25.90,25.93,2454400,3.24125
2009-12-02,26.25,27.17,26.040001,26.440001,4863200,3.305
2009-12-01,25.809999,26.379999,25.469999,26.15,5288800,3.26875
2009-11-30,26.50,26.67,25.549999,25.60,7151200,3.20
2009-11-27,26.639999,27.25,26.280001,26.43,3119200,3.30375
2009-11-25,27.42,27.42,26.950001,27.139999,1899200,3.3925
2009-11-24,28.00,28.00,26.940001,27.17,3210400,3.39625
2009-11-23,27.85,28.469999,27.709999,27.92,2822400,3.49
2009-11-20,27.889999,27.889999,26.84,27.309999,3093600,3.41375
2009-11-19,29.00,29.01,27.290001,27.809999,4760000,3.47625
2009-11-18,29.200001,29.219999,28.67,29.18,2892800,3.6475
2009-11-17,29.450001,29.450001,28.66,28.959999,4474400,3.62
2009-11-16,28.16,29.58,27.950001,29.450001,4932000,3.68125
2009-11-13,27.65,27.99,27.00,27.83,3420000,3.47875
2009-11-12,28.24,28.459999,27.02,27.18,4108800,3.3975
2009-11-11,28.280001,28.889999,28.01,28.24,2292800,3.53
2009-11-10,28.32,28.65,27.90,28.07,2406400,3.50875
2009-11-09,28.120001,28.610001,27.93,28.209999,3162400,3.52625
2009-11-06,27.610001,28.24,27.030001,27.76,4500800,3.47
2009-11-05,26.98,27.84,26.719999,27.84,4443200,3.48
2009-11-04,28.00,28.00,26.639999,26.65,3070400,3.33125
2009-11-03,26.620001,27.379999,26.540001,27.34,2948000,3.4175
2009-11-02,27.24,27.40,26.389999,26.90,4203200,3.3625
2009-10-30,27.280001,27.620001,26.459999,26.85,4325600,3.35625
2009-10-29,26.030001,27.809999,25.780001,27.52,12395200,3.44
2009-10-28,28.43,28.790001,25.26,25.52,23587200,3.19
2009-10-27,31.219999,31.889999,28.799999,29.27,15507200,3.65875
2009-10-26,32.240002,33.310001,32.099998,33.09,10672000,4.13625
2009-10-23,31.48,31.73,31.00,31.51,3755200,3.93875
2009-10-22,30.440001,31.40,30.030001,31.280001,4388000,3.91
2009-10-21,31.59,32.25,30.40,30.41,3980800,3.80125
2009-10-20,31.040001,31.84,30.889999,31.58,3928800,3.9475
2009-10-19,30.10,31.09,29.91,31.040001,3574400,3.88
2009-10-16,30.09,30.389999,29.370001,29.950001,5065600,3.74375
2009-10-15,29.77,30.370001,29.57,30.280001,3553600,3.785
2009-10-14,29.629999,30.209999,29.51,30.07,2771200,3.75875
2009-10-13,29.09,29.68,28.809999,29.33,1474400,3.66625
2009-10-12,29.33,29.92,29.139999,29.23,4566400,3.65375
2009-10-09,28.92,29.43,28.450001,29.42,1837600,3.6775
2009-10-08,29.01,29.190001,28.299999,29.02,3350400,3.6275
2009-10-07,29.08,29.370001,28.40,28.52,3502400,3.565
2009-10-06,28.440001,28.83,27.74,28.32,6506400,3.54
2009-10-05,27.42,28.66,27.299999,28.469999,2709600,3.55875
2009-10-02,26.85,28.09,26.809999,27.24,3270400,3.405
2009-10-01,27.77,27.82,27.09,27.209999,5586400,3.40125
2009-09-30,29.15,29.43,27.77,27.83,6191200,3.47875
2009-09-29,28.690001,29.200001,27.879999,28.379999,3456000,3.5475
2009-09-28,28.24,28.790001,28.120001,28.57,1677600,3.57125
2009-09-25,28.25,28.450001,27.719999,27.98,2823200,3.4975
2009-09-24,28.690001,29.17,27.879999,28.129999,3038400,3.51625
2009-09-23,29.76,29.76,28.40,28.48,5040800,3.56
2009-09-22,31.17,31.24,29.67,29.75,4495200,3.71875
2009-09-21,29.49,30.870001,28.559999,30.67,7531200,3.83375
2009-09-18,29.139999,29.68,29.02,29.60,5017600,3.70
2009-09-17,28.860001,29.07,28.59,29.030001,4223200,3.62875
2009-09-16,28.50,29.00,28.16,28.99,5451200,3.62375
2009-09-15,28.129999,28.50,27.74,28.42,4029600,3.5525
2009-09-14,26.870001,28.83,26.83,28.139999,12613600,3.5175
2009-09-11,25.690001,26.469999,24.950001,26.370001,7334400,3.29625
2009-09-10,25.459999,25.959999,24.90,25.82,4264000,3.2275
2009-09-09,23.23,25.879999,23.23,25.41,10598400,3.17625
2009-09-08,22.959999,23.24,22.77,23.23,3510400,2.90375
2009-09-04,22.51,22.74,22.290001,22.690001,4354400,2.83625
2009-09-03,22.51,22.639999,22.200001,22.52,2666400,2.815
2009-09-02,23.120001,23.23,22.32,22.32,5120000,2.79
2009-09-01,23.700001,24.059999,23.00,23.23,3240000,2.90375
2009-08-31,24.07,24.07,23.469999,23.870001,2445600,2.98375
2009-08-28,24.25,24.41,23.629999,24.299999,2440000,3.0375
2009-08-27,23.610001,24.23,23.049999,24.07,2411200,3.00875
2009-08-26,23.309999,23.75,23.07,23.620001,2120800,2.9525
2009-08-25,23.639999,24.08,23.00,23.280001,5064800,2.91
2009-08-24,24.16,24.700001,23.48,23.639999,2240000,2.955
2009-08-21,23.75,24.35,23.67,24.16,3936000,3.02
2009-08-20,23.01,23.799999,23.01,23.559999,2164800,2.945
2009-08-19,23.280001,23.940001,23.25,23.549999,2392000,2.94375
2009-08-18,23.51,24.33,23.459999,23.60,2019200,2.95
2009-08-17,23.629999,23.77,23.129999,23.58,3799200,2.9475
2009-08-14,24.01,24.17,23.52,23.99,2987200,2.99875
2009-08-13,23.969999,24.41,23.60,24.120001,2140000,3.015
2009-08-12,24.07,24.59,23.85,23.889999,3151200,2.98625
2009-08-11,24.01,24.35,23.370001,24.00,2675200,3.00
2009-08-10,25.120001,25.209999,24.120001,24.24,2091200,3.03
2009-08-07,24.26,25.219999,24.190001,25.02,3423200,3.1275
2009-08-06,24.24,24.66,23.610001,23.93,3640000,2.99125
2009-08-05,24.200001,24.719999,24.00,24.290001,1895200,3.03625
2009-08-04,24.129999,24.379999,23.77,24.110001,2800800,3.01375
2009-08-03,24.50,24.870001,24.09,24.209999,3028000,3.02625
2009-07-31,24.559999,25.34,24.219999,24.290001,3173600,3.03625
2009-07-30,24.99,25.67,24.549999,24.73,4979200,3.09125
2009-07-29,25.00,25.00,24.08,24.690001,7660800,3.08625
2009-07-28,26.879999,27.370001,25.139999,25.43,14876000,3.17875
2009-07-27,24.51,25.75,23.83,25.620001,7167200,3.2025
2009-07-24,23.51,24.639999,23.32,24.559999,6636800,3.07
2009-07-23,22.389999,23.639999,22.290001,23.639999,10574400,2.955
2009-07-22,22.219999,23.139999,22.219999,22.35,3883200,2.79375
2009-07-21,22.879999,22.940001,22.049999,22.40,3207200,2.80
2009-07-20,22.549999,22.950001,22.280001,22.879999,3893600,2.86
2009-07-17,23.059999,23.059999,22.299999,22.50,4537600,2.8125
2009-07-16,21.860001,23.08,21.57,23.01,4811200,2.87625
2009-07-15,21.690001,22.25,20.879999,21.91,4912000,2.73875
2009-07-14,21.780001,21.780001,21.139999,21.450001,2326400,2.68125
2009-07-13,20.33,21.77,19.49,21.76,5652000,2.72
2009-07-10,20.620001,20.940001,20.030001,20.42,2798400,2.5525
2009-07-09,21.15,21.65,20.51,20.629999,3052800,2.57875
2009-07-08,20.959999,21.07,20.50,20.889999,2730400,2.61125
2009-07-07,21.719999,21.809999,20.67,20.73,4712800,2.59125
2009-07-06,22.17,22.66,21.299999,21.620001,2503200,2.7025
2009-07-02,22.49,23.00,21.969999,22.40,2813600,2.80
2009-07-01,22.76,23.040001,22.450001,23.00,3623200,2.875
2009-06-30,22.60,23.00,22.290001,22.379999,3784800,2.7975
2009-06-29,22.629999,22.92,22.120001,22.51,2700000,2.81375
2009-06-26,21.65,23.08,21.540001,22.60,6736000,2.825
2009-06-25,21.25,21.860001,20.75,21.74,5915200,2.7175
2009-06-24,21.780001,21.889999,21.26,21.360001,2519200,2.67
2009-06-23,21.379999,21.99,20.950001,21.57,4466400,2.69625
2009-06-22,21.99,21.99,21.17,21.24,4250400,2.655
2009-06-19,21.90,22.530001,21.790001,22.049999,3947200,2.75625
2009-06-18,22.33,22.440001,21.629999,21.809999,3155200,2.72625
2009-06-17,22.00,22.58,21.01,22.25,6456000,2.78125
2009-06-16,23.43,23.799999,22.200001,22.219999,3990400,2.7775
2009-06-15,23.67,23.77,23.08,23.299999,3060000,2.9125
2009-06-12,24.09,24.17,23.549999,24.129999,2535200,3.01625
2009-06-11,24.889999,25.040001,23.91,24.01,3074400,3.00125
2009-06-10,24.67,24.98,23.700001,24.77,4319200,3.09625
2009-06-09,24.00,24.83,23.700001,24.379999,5819200,3.0475
2009-06-08,25.18,25.18,23.639999,24.059999,5670400,3.0075
2009-06-05,25.780001,26.00,24.790001,25.190001,3452800,3.14875
2009-06-04,26.07,26.200001,24.77,25.40,3281600,3.175
2009-06-03,25.360001,26.48,25.09,25.58,4750400,3.1975
2009-06-02,25.01,26.00,24.950001,25.67,5198400,3.20875
2009-06-01,24.99,25.33,24.58,25.23,4768000,3.15375
2009-05-29,23.73,24.540001,23.50,24.540001,4876000,3.0675
2009-05-28,23.18,24.48,23.030001,23.65,7336800,2.95625
2009-05-27,22.799999,24.030001,22.50,23.139999,8491200,2.8925
2009-05-26,20.43,23.00,20.27,22.98,12117600,2.8725
2009-05-22,21.219999,21.32,20.25,20.700001,6744800,2.5875
2009-05-21,21.780001,21.780001,20.60,20.799999,11133600,2.60
2009-05-20,22.690001,23.190001,21.93,22.030001,7940000,2.75375
2009-05-19,23.549999,23.549999,21.90,22.540001,5793600,2.8175
2009-05-18,21.950001,22.709999,21.620001,22.709999,6788000,2.83875
2009-05-15,21.450001,22.00,21.299999,21.690001,5333600,2.71125
2009-05-14,21.08,21.85,20.139999,21.469999,6824000,2.68375
2009-05-13,21.25,21.75,20.23,20.74,7257600,2.5925
2009-05-12,22.51,22.92,21.02,21.59,5362400,2.69875
2009-05-11,22.92,22.92,21.75,22.42,8339200,2.8025
2009-05-08,23.969999,24.00,22.60,23.35,6880800,2.91875
2009-05-07,24.969999,24.969999,22.700001,22.959999,8390400,2.87
2009-05-06,24.709999,24.83,22.51,24.50,8835200,3.0625
2009-05-05,25.049999,25.469999,24.35,24.50,6065600,3.0625
2009-05-04,24.459999,25.219999,23.700001,25.15,6384800,3.14375
2009-05-01,23.41,24.18,23.299999,24.00,7826400,3.00
2009-04-30,24.43,24.43,23.379999,23.540001,11574400,2.9425
2009-04-29,23.90,24.52,22.91,24.059999,17214400,3.0075
2009-04-28,23.940001,25.50,22.790001,24.50,40779200,3.0625
2009-04-27,20.620001,21.99,20.18,21.700001,10984800,2.7125
2009-04-24,21.59,21.59,20.549999,20.93,10240800,2.61625
2009-04-23,20.76,21.459999,20.459999,21.389999,8055200,2.67375
2009-04-22,18.969999,21.27,18.889999,20.73,12352800,2.59125
2009-04-21,18.33,19.450001,18.030001,19.23,4553600,2.40375
2009-04-20,19.85,19.85,18.219999,18.360001,6585600,2.295
2009-04-17,19.00,20.299999,18.90,20.02,6861600,2.5025
2009-04-16,18.23,19.209999,17.83,18.90,6987200,2.3625
2009-04-15,17.639999,18.379999,17.639999,18.200001,4051200,2.275
2009-04-14,18.35,18.620001,17.60,17.73,5175200,2.21625
2009-04-13,18.90,18.90,18.200001,18.59,5030400,2.32375
2009-04-09,18.16,19.049999,17.790001,18.91,6302400,2.36375
2009-04-08,17.309999,17.98,17.190001,17.719999,4317600,2.215
2009-04-07,17.459999,17.530001,16.58,17.26,5509600,2.1575
2009-04-06,17.92,18.209999,17.379999,17.74,4989600,2.2175
2009-04-03,16.01,18.219999,16.01,18.07,5426400,2.25875
2009-04-02,16.969999,18.32,16.290001,17.290001,7089600,2.16125
2009-04-01,16.110001,16.370001,15.78,16.110001,6432800,2.01375
2009-03-31,16.620001,16.84,16.08,16.43,3513600,2.05375
2009-03-30,16.27,16.85,16.00,16.469999,4324000,2.05875
2009-03-27,17.10,17.209999,16.459999,16.639999,3704000,2.08
2009-03-26,16.50,17.48,16.379999,17.41,5946400,2.17625
2009-03-25,16.459999,17.200001,15.53,16.32,4998400,2.04
2009-03-24,17.559999,17.940001,16.27,16.33,9212800,2.04125
2009-03-23,17.68,18.75,16.940001,18.73,7452000,2.34125
2009-03-20,18.129999,18.75,17.139999,17.25,11868800,2.15625
2009-03-19,17.85,18.34,17.25,18.059999,9825600,2.2575
2009-03-18,16.32,18.25,16.00,17.700001,10480800,2.2125
2009-03-17,16.02,16.18,15.16,16.18,8241600,2.0225
2009-03-16,16.360001,16.51,15.41,15.41,6245600,1.92625
2009-03-13,15.84,16.85,15.53,16.139999,7836000,2.0175
2009-03-12,13.50,16.309999,13.36,15.50,10843200,1.9375
2009-03-11,13.88,14.09,13.50,13.59,4475200,1.69875
2009-03-10,13.75,14.30,12.90,13.71,11640000,1.71375
2009-03-09,12.45,12.79,12.16,12.44,3920000,1.555
2009-03-06,13.22,13.23,11.94,12.33,7057600,1.54125
2009-03-05,13.14,14.25,12.65,13.05,11283200,1.63125
2009-03-04,12.92,13.24,12.53,12.89,4999200,1.61125
2009-03-03,13.99,14.12,12.72,12.75,7264800,1.59375
2009-03-02,14.49,14.49,13.65,13.77,7326400,1.72125
2009-02-27,14.27,14.83,14.19,14.39,3732800,1.79875
2009-02-26,14.82,14.86,14.26,14.62,7113600,1.8275
2009-02-25,14.62,14.72,13.98,14.30,3983200,1.7875
2009-02-24,13.97,14.90,13.20,14.68,7939200,1.835
2009-02-23,15.00,15.24,14.08,14.12,5641600,1.765
2009-02-20,15.28,15.60,14.52,14.75,9959200,1.84375
2009-02-19,15.39,16.309999,15.15,15.55,5494400,1.94375
2009-02-18,15.51,16.049999,15.03,15.43,5317600,1.92875
2009-02-17,15.20,15.76,14.89,15.54,7068800,1.9425
2009-02-13,16.610001,16.610001,15.57,15.82,4551200,1.9775
2009-02-12,16.43,16.610001,15.98,16.52,5176800,2.065
2009-02-11,16.58,17.15,15.75,16.440001,7520800,2.055
2009-02-10,17.51,17.690001,16.35,16.440001,9008000,2.055
2009-02-09,18.200001,18.309999,17.540001,17.58,5381600,2.1975
2009-02-06,17.540001,18.66,17.540001,18.200001,9750400,2.275
2009-02-05,17.01,17.549999,16.65,17.48,6624000,2.185
2009-02-04,17.33,17.50,16.90,17.030001,6628800,2.12875
2009-02-03,16.879999,17.50,16.51,17.360001,8516000,2.17
2009-02-02,18.24,18.42,16.58,16.790001,13183200,2.09875
2009-01-30,18.15,18.860001,17.549999,18.50,18305600,2.3125
2009-01-29,19.040001,20.15,18.43,19.00,10273600,2.375
2009-01-28,19.07,19.58,18.58,19.440001,8794400,2.43
2009-01-27,19.120001,19.40,18.68,18.73,3685600,2.34125
2009-01-26,19.60,19.950001,18.540001,19.049999,3455200,2.38125
2009-01-23,18.780001,19.50,18.51,18.77,3649600,2.34625
2009-01-22,19.549999,19.610001,18.110001,19.370001,8565600,2.42125
2009-01-21,19.25,19.85,18.60,19.66,6990400,2.4575
2009-01-20,19.860001,20.389999,18.809999,18.98,5892800,2.3725
2009-01-16,19.75,20.25,19.209999,19.969999,5520000,2.49625
2009-01-15,19.40,19.84,18.790001,19.75,8658400,2.46875
2009-01-14,18.360001,19.790001,18.25,19.40,29724800,2.425
2009-01-13,22.59,23.77,22.10,22.32,4617600,2.79
2009-01-12,25.190001,25.190001,22.98,23.209999,3017600,2.90125
2009-01-09,25.00,25.15,23.799999,24.00,3108800,3.00
2009-01-08,25.00,25.200001,24.00,25.059999,2788000,3.1325
2009-01-07,25.60,25.799999,24.48,25.23,4244000,3.15375
2009-01-06,25.690001,26.48,25.129999,26.139999,3219200,3.2675
2009-01-05,25.99,26.00,24.450001,25.76,4266400,3.22
2009-01-02,24.07,25.690001,24.01,25.09,4041600,3.13625
2008-12-31,23.41,24.50,23.25,23.84,4935200,2.98
2008-12-30,22.610001,23.610001,22.35,23.459999,5532800,2.9325
2008-12-29,22.75,23.690001,22.07,22.48,5999200,2.81
2008-12-26,23.139999,23.940001,22.209999,22.719999,3353600,2.84
2008-12-24,23.219999,23.290001,22.76,23.02,1407200,2.8775
2008-12-23,24.030001,24.08,22.620001,23.02,4724000,2.8775
2008-12-22,24.950001,25.049999,23.370001,23.940001,5055200,2.9925
2008-12-19,24.50,26.08,24.10,24.879999,7281600,3.11
2008-12-18,24.620001,25.40,24.00,24.27,5988800,3.03375
2008-12-17,24.32,25.00,23.10,24.52,9126400,3.065
2008-12-16,24.809999,25.42,23.84,24.58,8132800,3.0725
2008-12-15,26.049999,26.049999,22.82,24.360001,8920800,3.045
2008-12-12,24.00,26.790001,23.700001,25.98,6420000,3.2475
2008-12-11,27.26,27.93,25.360001,25.360001,7324000,3.17
2008-12-10,27.459999,28.68,26.98,27.459999,5325600,3.4325
2008-12-09,27.309999,29.40,27.00,27.77,10184800,3.47125
2008-12-08,26.50,27.40,25.00,27.40,9472800,3.425
2008-12-05,24.76,26.25,22.90,26.219999,9935200,3.2775
2008-12-04,23.309999,25.42,23.00,24.32,5851200,3.04
2008-12-03,21.700001,24.08,21.530001,23.85,5653600,2.98125
2008-12-02,20.68,23.16,20.540001,22.139999,8496000,2.7675
2008-12-01,22.370001,22.860001,20.469999,20.540001,6001600,2.5675
2008-11-28,22.879999,23.18,21.68,22.99,3840000,2.87375
2008-11-26,21.98,23.33,21.049999,23.18,5252000,2.8975
2008-11-25,21.82,21.99,20.10,21.629999,4745600,2.70375
2008-11-24,20.190001,22.40,19.33,21.610001,6331200,2.70125
2008-11-21,18.99,20.290001,17.139999,20.02,7759200,2.5025
2008-11-20,17.23,19.950001,17.059999,18.200001,8632800,2.275
2008-11-19,18.959999,19.16,17.00,17.549999,10040000,2.19375
2008-11-18,20.549999,20.940001,18.059999,18.790001,10503200,2.34875
2008-11-17,22.65,24.40,20.41,20.48,5401600,2.56
2008-11-14,24.280001,24.280001,20.92,22.940001,6180000,2.8675
2008-11-13,21.440001,24.93,20.51,24.67,7507200,3.08375
2008-11-12,24.200001,24.48,20.780001,21.219999,7267200,2.6525
2008-11-11,24.360001,25.67,23.559999,24.940001,8992000,3.1175
2008-11-10,26.57,26.57,23.450001,24.65,5776800,3.08125
2008-11-07,24.65,26.299999,24.00,25.75,4767200,3.21875
2008-11-06,26.049999,26.809999,24.25,24.43,5420000,3.05375
2008-11-05,25.799999,27.49,25.309999,26.190001,5488800,3.27375
2008-11-04,25.370001,26.49,24.50,25.99,4266400,3.24875
2008-11-03,26.00,26.00,24.10,24.860001,5391200,3.1075
2008-10-31,22.639999,26.00,22.60,26.00,7347200,3.25
2008-10-30,23.01,23.93,22.030001,22.549999,6090400,2.81875
2008-10-29,22.76,23.24,21.51,22.16,11520000,2.77
2008-10-28,21.700001,23.48,19.610001,22.879999,25820000,2.86
2008-10-27,17.620001,18.790001,17.50,18.110001,5594400,2.26375
2008-10-24,17.33,18.74,16.049999,18.10,8980000,2.2625
2008-10-23,20.65,21.15,17.690001,18.43,15471200,2.30375
2008-10-22,22.49,22.49,20.07,20.42,8753600,2.5525
2008-10-21,24.690001,24.690001,22.51,22.809999,9818400,2.85125
2008-10-20,25.77,26.030001,23.15,24.09,8696000,3.01125
2008-10-17,26.82,26.82,24.549999,25.360001,9314400,3.17
2008-10-16,25.139999,26.34,23.00,25.85,9346400,3.23125
2008-10-15,28.129999,28.129999,24.040001,24.51,8876800,3.06375
2008-10-14,30.719999,30.719999,26.25,27.00,9153600,3.375
2008-10-13,29.49,29.99,27.51,29.299999,8434400,3.6625
2008-10-10,25.43,28.25,23.85,28.25,12840000,3.53125
2008-10-09,29.00,29.00,25.90,26.50,6990400,3.3125
2008-10-08,25.23,29.17,25.049999,27.34,12068000,3.4175
2008-10-07,29.09,29.549999,26.65,26.66,11688000,3.3325
2008-10-06,26.16,29.33,25.049999,29.120001,10269600,3.64
2008-10-03,30.50,30.51,26.200001,27.01,9004800,3.37625
2008-10-02,31.040001,31.50,28.799999,29.280001,6521600,3.66
2008-10-01,31.58,31.940001,30.67,31.299999,4799200,3.9125
2008-09-30,31.690001,32.84,30.799999,31.76,6602400,3.97
2008-09-29,33.259998,34.990002,30.09,30.82,11229600,3.8525
2008-09-26,33.52,34.48,33.310001,34.00,4739200,4.25
2008-09-25,35.939999,35.939999,33.349998,34.040001,6135200,4.255
2008-09-24,36.470001,36.470001,33.68,34.32,7544800,4.29
2008-09-23,36.400002,37.130001,34.50,35.439999,9432800,4.43
2008-09-22,39.00,39.75,35.900002,36.48,5486400,4.56
2008-09-19,43.209999,43.52,38.700001,39.23,20398400,4.90375
2008-09-18,36.880001,43.00,36.150002,43.00,19477600,5.375
2008-09-17,34.799999,37.34,34.259998,36.59,17133600,4.57375
2008-09-16,32.869999,35.610001,32.48,35.240002,9896800,4.405
2008-09-15,32.740002,35.00,32.310001,33.41,7228800,4.17625
2008-09-12,34.290001,35.50,34.07,34.740002,6468800,4.3425
2008-09-11,35.27,35.27,33.619999,34.889999,7642400,4.36125
2008-09-10,35.939999,36.00,34.25,35.27,6364000,4.40875
2008-09-09,35.860001,36.73,35.040001,35.68,7259200,4.46
2008-09-08,35.919998,36.43,35.099998,35.849998,8748800,4.48125
2008-09-05,34.009998,34.700001,32.509998,34.509998,7172800,4.31375
2008-09-04,35.759998,36.220001,33.869999,34.34,6160800,4.2925
2008-09-03,35.279999,36.50,34.75,36.380001,6735200,4.5475
2008-09-02,34.490002,35.490002,34.00,35.23,9702400,4.40375
2008-08-29,33.459999,34.650002,33.18,33.709999,4973600,4.21375
2008-08-28,32.619999,33.849998,32.50,33.810001,4612800,4.22625
2008-08-27,31.02,32.91,31.02,32.380001,8588800,4.0475
2008-08-26,32.490002,32.490002,30.65,31.280001,4433600,3.91
2008-08-25,32.950001,33.330002,31.440001,31.92,5125600,3.99
2008-08-22,33.740002,33.799999,32.650002,33.34,4656800,4.1675
2008-08-21,32.23,33.57,31.65,32.610001,7169600,4.07625
2008-08-20,32.939999,33.080002,31.360001,32.259998,4637600,4.0325
2008-08-19,32.599998,32.599998,31.280001,32.380001,6550400,4.0475
2008-08-18,32.720001,33.900002,32.150002,33.07,5562400,4.13375
2008-08-15,33.25,33.779999,32.41,32.869999,7672000,4.10875
2008-08-14,33.59,34.380001,32.849998,33.209999,7818400,4.15125
2008-08-13,35.189999,35.189999,32.189999,33.75,9087200,4.21875
2008-08-12,35.990002,36.00,34.25,34.470001,5430400,4.30875
2008-08-11,35.610001,36.599998,34.50,35.529999,8972800,4.44125
2008-08-08,32.709999,36.50,32.709999,34.599998,11047200,4.325
2008-08-07,32.779999,34.150002,32.18,32.91,8913600,4.11375
2008-08-06,34.189999,34.189999,31.65,32.919998,7571200,4.115
2008-08-05,31.219999,34.209999,31.219999,33.82,14172000,4.2275
2008-08-04,30.25,31.50,29.68,31.26,8769600,3.9075
2008-08-01,29.84,30.99,28.809999,30.40,5510400,3.80
2008-07-31,29.389999,31.02,28.719999,29.15,7956800,3.64375
2008-07-30,28.540001,31.469999,28.530001,30.35,15272000,3.79375
2008-07-29,29.09,29.58,27.24,28.40,19608000,3.55
2008-07-28,28.99,28.99,26.00,26.629999,14610400,3.32875
2008-07-25,29.92,29.92,27.799999,28.08,8952000,3.51
2008-07-24,30.50,30.50,28.52,28.93,6656000,3.61625
2008-07-23,30.030001,32.240002,29.75,30.58,14647200,3.8225
2008-07-22,27.51,30.299999,26.26,30.23,10599200,3.77875
2008-07-21,28.23,28.549999,27.08,27.360001,6249600,3.42
2008-07-18,28.209999,29.459999,27.57,28.09,11174400,3.51125
2008-07-17,27.01,28.459999,26.42,28.34,8011200,3.5425
2008-07-16,25.42,27.49,24.51,27.040001,10811200,3.38
2008-07-15,25.98,26.030001,23.50,25.389999,10295200,3.17375
2008-07-14,25.85,26.17,25.00,25.23,8360000,3.15375
2008-07-11,25.48,25.74,24.549999,25.40,11621600,3.175
2008-07-10,27.559999,28.17,25.15,25.76,12546400,3.22
2008-07-09,27.879999,29.00,27.17,27.73,12172000,3.46625
2008-07-08,25.99,27.940001,24.85,27.940001,11504800,3.4925
2008-07-07,25.99,25.99,24.25,24.940001,6867200,3.1175
2008-07-03,25.91,26.450001,25.00,25.02,5120000,3.1275
2008-07-02,26.540001,27.35,25.700001,25.799999,10239200,3.225
2008-07-01,25.309999,26.25,24.50,25.75,13950400,3.21875
2008-06-30,26.24,26.41,25.25,25.639999,10320800,3.205
2008-06-27,26.799999,27.860001,26.07,26.08,12873600,3.26
2008-06-26,27.700001,27.700001,26.32,26.809999,8500000,3.35125
2008-06-25,27.40,28.629999,27.40,28.030001,9116800,3.50375
2008-06-24,27.799999,28.530001,27.10,27.10,11657600,3.3875
2008-06-23,28.98,29.00,27.709999,27.809999,6692800,3.47625
2008-06-20,29.24,29.48,28.00,28.18,12586400,3.5225
2008-06-19,30.700001,30.700001,28.84,29.24,18406400,3.655
2008-06-18,31.959999,32.200001,30.48,30.51,6632800,3.81375
2008-06-17,32.650002,32.650002,31.67,32.18,5335200,4.0225
2008-06-16,31.75,32.91,31.360001,32.48,7245600,4.06
2008-06-13,32.18,32.59,31.049999,31.75,6721600,3.96875
2008-06-12,32.580002,33.68,31.32,31.889999,7998400,3.98625
2008-06-11,33.639999,34.369999,32.439999,32.560001,5392000,4.07
2008-06-10,33.189999,35.16,32.540001,34.32,12327200,4.29
2008-06-09,34.080002,34.080002,32.75,33.360001,6963200,4.17
2008-06-06,34.099998,34.34,32.950001,33.130001,9458400,4.14125
2008-06-05,34.32,36.110001,33.98,34.080002,16976800,4.26
2008-06-04,34.470001,34.759998,34.02,34.310001,7504800,4.28875
2008-06-03,34.98,34.98,34.00,34.360001,10789600,4.295
2008-06-02,36.00,36.02,34.25,34.77,8829600,4.34625
2008-05-30,36.139999,36.380001,35.09,35.799999,9053600,4.475
2008-05-29,34.509998,35.889999,33.560001,34.98,9439200,4.3725
2008-05-28,33.990002,34.389999,33.32,34.200001,6830400,4.275
2008-05-27,34.919998,34.919998,33.610001,33.75,4770400,4.21875
2008-05-23,34.689999,34.689999,32.529999,34.189999,10922400,4.27375
2008-05-22,35.990002,36.34,33.470001,33.669998,20210400,4.20875
2008-05-21,37.990002,38.00,35.759998,36.799999,10755200,4.60
2008-05-20,36.689999,37.66,36.34,37.66,6683200,4.7075
2008-05-19,36.790001,38.610001,36.400002,36.75,13136800,4.59375
2008-05-16,36.540001,37.07,36.00,36.50,9500800,4.5625
2008-05-15,34.610001,36.549999,34.610001,36.400002,51780800,4.55
2008-05-14,34.689999,35.349998,34.290001,34.610001,18474400,4.32625
2008-05-13,34.00,34.349998,32.970001,32.98,9140000,4.1225
2008-05-12,34.23,34.549999,33.950001,34.27,3105600,4.28375
2008-05-09,34.50,34.50,33.900002,34.209999,4306400,4.27625
2008-05-08,34.990002,35.00,33.860001,34.50,6552800,4.3125
2008-05-07,35.18,35.240002,34.57,34.700001,6151200,4.3375
2008-05-06,34.48,35.360001,32.799999,35.029999,6674400,4.37875
2008-05-05,35.360001,35.389999,33.00,33.73,12558400,4.21625
2008-05-02,35.720001,35.740002,34.299999,34.57,7525600,4.32125
2008-05-01,33.84,35.139999,33.139999,34.709999,8675200,4.33875
2008-04-30,34.119999,35.50,33.209999,33.330002,14070400,4.16625
2008-04-29,34.540001,36.869999,33.490002,34.619999,38226400,4.3275
2008-04-28,37.009998,38.900002,36.889999,38.580002,15353600,4.8225
2008-04-25,35.529999,37.630001,34.900002,36.98,10644800,4.6225
2008-04-24,34.490002,35.880001,33.900002,35.32,11704800,4.415
2008-04-23,36.369999,36.369999,33.630001,33.84,12501600,4.23
2008-04-22,36.73,36.75,35.310001,35.810001,9435200,4.47625
2008-04-21,34.990002,37.439999,34.299999,36.07,15058400,4.50875
2008-04-18,33.990002,34.799999,33.369999,34.32,12363200,4.29
2008-04-17,32.27,33.650002,32.049999,33.419998,5908000,4.1775
2008-04-16,34.720001,34.720001,32.259998,32.41,14978400,4.05125
2008-04-15,35.060001,35.470001,32.91,33.50,13693600,4.1875
2008-04-14,35.98,36.240002,34.439999,34.889999,7528000,4.36125
2008-04-11,36.990002,37.75,35.220001,35.48,9572800,4.435
2008-04-10,35.549999,36.459999,35.240002,36.02,3276000,4.5025
2008-04-09,36.450001,37.73,35.200001,35.630001,8152800,4.45375
2008-04-08,36.09,37.310001,35.790001,36.830002,5905600,4.60375
2008-04-07,36.740002,36.740002,35.50,36.330002,7882400,4.54125
2008-04-04,36.099998,36.150002,35.029999,35.25,11300800,4.40625
2008-04-03,36.099998,36.52,35.669998,36.27,4975200,4.53375
2008-04-02,37.849998,38.18,36.049999,36.290001,10657600,4.53625
2008-04-01,36.75,37.860001,36.75,37.00,8069600,4.625
2008-03-31,36.75,37.169998,35.73,36.599998,12424800,4.575
2008-03-28,37.669998,38.110001,36.490002,36.68,3668800,4.585
2008-03-27,37.889999,38.860001,37.529999,37.669998,2789600,4.70875
2008-03-26,38.380001,39.029999,37.73,38.119999,4630400,4.765
2008-03-25,39.169998,39.950001,38.00,39.00,11743200,4.875
2008-03-24,37.43,39.459999,37.43,39.240002,12084000,4.905
2008-03-20,38.150002,39.900002,36.59,37.389999,15794400,4.67375
2008-03-19,35.73,37.380001,35.73,36.150002,14922400,4.51875
2008-03-18,35.029999,37.490002,35.029999,35.540001,21546400,4.4425
2008-03-17,32.98,35.669998,32.580002,34.16,10790400,4.27
2008-03-14,35.77,35.790001,33.540001,34.00,7932000,4.25
2008-03-13,33.73,35.470001,32.889999,35.389999,7041600,4.42375
2008-03-12,34.00,35.849998,33.580002,34.049999,12916800,4.25625
2008-03-11,34.139999,36.00,32.84,33.939999,16429600,4.2425
2008-03-10,34.689999,35.240002,32.619999,33.00,9685600,4.125
2008-03-07,34.93,36.490002,33.25,34.400002,10700000,4.30
2008-03-06,36.50,36.50,35.00,35.259998,6824000,4.4075
2008-03-05,36.150002,37.459999,36.009998,36.720001,7563200,4.59
2008-03-04,36.75,37.709999,35.84,36.310001,13183200,4.53875
2008-03-03,36.700001,37.150002,35.509998,37.150002,10040000,4.64375
2008-02-29,36.779999,37.080002,35.560001,36.82,7707200,4.6025
2008-02-28,38.849998,38.849998,36.799999,37.150002,11470400,4.64375
2008-02-27,40.68,40.68,38.240002,38.630001,27656000,4.82875
2008-02-26,39.990002,41.75,39.990002,41.23,12344000,5.15375
2008-02-25,42.689999,42.689999,37.880001,40.040001,15865600,5.005
2008-02-22,43.830002,43.830002,39.810001,40.990002,12838400,5.12375
2008-02-21,42.450001,43.919998,42.450001,43.650002,8708800,5.45625
2008-02-20,42.799999,43.580002,42.00,42.790001,4462400,5.34875
2008-02-19,43.950001,44.00,42.32,43.200001,7619200,5.40
2008-02-15,43.02,43.23,41.689999,42.66,9160800,5.3325
2008-02-14,45.299999,45.299999,42.900002,43.419998,12355200,5.4275
2008-02-13,46.040001,46.799999,44.490002,45.00,12750400,5.625
2008-02-12,45.240002,45.990002,43.689999,44.93,5357600,5.61625
2008-02-11,44.900002,45.950001,44.360001,44.990002,8730400,5.62375
2008-02-08,42.52,45.439999,42.25,44.709999,17132800,5.58875
2008-02-07,40.59,42.700001,39.57,42.43,14129600,5.30375
2008-02-06,40.049999,41.599998,39.50,40.900002,13068800,5.1125
2008-02-05,38.810001,41.970001,38.00,39.66,13011200,4.9575
2008-02-04,44.459999,44.459999,39.689999,40.290001,11690400,5.03625
2008-02-01,41.470001,43.50,41.470001,42.779999,20687200,5.3475
2008-01-31,36.82,41.50,36.25,40.25,26171200,5.03125
2008-01-30,36.98,39.610001,36.73,37.59,16892800,4.69875
2008-01-29,35.610001,37.130001,34.50,36.389999,8187200,4.54875
2008-01-28,35.700001,36.490002,33.759998,34.950001,12679200,4.36875
2008-01-25,36.240002,36.98,33.66,34.869999,11711200,4.35875
2008-01-24,35.959999,37.200001,35.400002,35.66,18374400,4.4575
2008-01-23,30.98,36.27,29.190001,34.939999,30846400,4.3675
2008-01-22,25.74,31.60,25.389999,31.290001,34849600,3.91125
2008-01-18,29.799999,31.040001,26.49,28.01,144504800,3.50125
2008-01-17,43.080002,43.080002,34.799999,37.060001,72306400,4.6325
2008-01-16,40.66,43.84,40.66,42.849998,15404000,5.35625
2008-01-15,44.75,44.75,40.209999,41.400002,28488000,5.175
2008-01-14,43.880001,45.740002,43.25,45.16,17425600,5.645
2008-01-11,44.060001,44.259998,42.529999,42.650002,6308000,5.33125
2008-01-10,42.970001,44.889999,42.099998,44.32,12726400,5.54
2008-01-09,42.790001,43.59,41.759998,43.369999,14199200,5.42125
2008-01-08,43.240002,44.18,42.419998,42.799999,11689600,5.35
2008-01-07,42.50,43.32,41.360001,42.950001,14496800,5.36875
2008-01-04,43.060001,43.279999,41.00,41.799999,10975200,5.225
2008-01-03,46.099998,47.16,43.599998,44.049999,14656800,5.50625
2008-01-02,43.689999,45.900002,43.549999,45.740002,11975200,5.7175
2007-12-31,42.50,44.880001,42.169998,43.669998,11530400,5.45875
2007-12-28,42.68,43.470001,42.279999,42.459999,8858400,5.3075
2007-12-27,42.009998,43.310001,41.509998,43.060001,9418400,5.3825
2007-12-26,43.50,43.50,41.91,42.330002,7104800,5.29125
2007-12-24,44.630001,44.91,43.25,43.48,3461600,5.435
2007-12-21,44.560001,45.889999,43.950001,44.689999,13364800,5.58625
2007-12-20,46.639999,46.860001,43.209999,43.950001,17684800,5.49375
2007-12-19,44.09,47.689999,43.470001,46.25,19836800,5.78125
2007-12-18,43.400002,44.450001,42.689999,44.25,12450400,5.53125
2007-12-17,44.880001,45.450001,42.689999,42.959999,10995200,5.37
2007-12-14,46.810001,47.099998,44.029999,45.25,13450400,5.65625
2007-12-13,48.529999,48.529999,46.919998,47.50,6456800,5.9375
2007-12-12,49.560001,50.25,46.93,48.240002,11422400,6.03
2007-12-11,49.549999,49.75,47.610001,48.310001,14337600,6.03875
2007-12-10,48.439999,50.549999,47.700001,49.400002,10960000,6.175
2007-12-07,48.00,48.490002,45.82,48.439999,12832000,6.055
2007-12-06,49.25,49.830002,47.290001,47.66,7940800,5.9575
2007-12-05,48.59,49.310001,48.23,49.16,6839200,6.145
2007-12-04,49.130001,49.130001,47.009998,47.860001,9328800,5.9825
2007-12-03,50.48,50.48,48.849998,49.09,5647200,6.13625
2007-11-30,48.900002,50.369999,48.369999,49.68,13410400,6.21
2007-11-29,48.889999,48.889999,46.650002,48.099998,14285600,6.0125
2007-11-28,48.740002,49.650002,47.23,48.400002,15165600,6.05
2007-11-27,47.25,48.139999,47.200001,48.110001,9256800,6.01375
2007-11-26,48.169998,49.25,46.25,46.549999,7803200,5.81875
2007-11-23,47.369999,48.200001,47.00,48.18,3274400,6.0225
2007-11-21,47.880001,47.880001,46.529999,46.810001,15093600,5.85125
2007-11-20,50.240002,50.490002,46.84,47.880001,18624800,5.985
2007-11-19,51.599998,52.040001,47.18,47.849998,15796000,5.98125
2007-11-16,50.610001,51.650002,49.869999,51.599998,9354400,6.45
2007-11-15,50.860001,51.50,49.310001,50.400002,7048000,6.30
2007-11-14,48.720001,52.459999,48.610001,51.00,21927200,6.375
2007-11-13,46.00,48.490002,45.939999,48.259998,13213600,6.0325
2007-11-12,46.529999,48.25,45.450001,45.549999,16015200,5.69375
2007-11-09,45.669998,48.200001,45.00,46.669998,16876800,5.83375
2007-11-08,49.240002,50.07,46.959999,48.599998,15977600,6.075
2007-11-07,48.00,50.50,47.509998,49.66,22705600,6.2075
2007-11-06,53.00,53.00,48.759998,49.50,51257600,6.1875
2007-11-05,51.490002,55.91,51.00,51.369999,38753600,6.42125
2007-11-02,58.650002,58.650002,54.75,56.07,29281600,7.00875
2007-11-01,60.189999,60.389999,57.25,58.290001,27783200,7.28625
2007-10-31,62.23,63.349998,59.470001,62.25,42489600,7.78125
2007-10-30,60.110001,63.900002,56.50,63.709999,140184800,7.96375
2007-10-29,60.009998,61.599998,58.099998,58.73,27477600,7.34125
2007-10-26,58.290001,60.330002,58.00,59.57,23746400,7.44625
2007-10-25,56.00,57.889999,55.619999,56.849998,13293600,7.10625
2007-10-24,57.18,57.18,53.66,55.610001,20694400,6.95125
2007-10-23,55.00,57.75,54.830002,57.18,20726400,7.1475
2007-10-22,53.060001,55.990002,53.060001,54.639999,15188800,6.83
2007-10-19,55.509998,55.799999,53.400002,53.860001,23447200,6.7325
2007-10-18,56.740002,56.799999,55.360001,56.029999,16032800,7.00375
2007-10-17,59.57,59.57,56.419998,57.040001,32902400,7.13
2007-10-16,59.939999,59.990002,58.509998,59.130001,9968000,7.39125
2007-10-15,60.75,61.380001,59.75,60.169998,7348000,7.52125
2007-10-12,61.32,61.700001,59.610001,60.709999,11648800,7.58875
2007-10-11,61.00,62.040001,60.580002,61.32,14874400,7.665
2007-10-10,59.599998,60.98,59.330002,60.619999,11213600,7.5775
2007-10-09,59.009998,60.150002,58.27,59.799999,14175200,7.475
2007-10-08,58.349998,58.77,57.849998,58.599998,8300800,7.325
2007-10-05,59.060001,59.25,57.970001,58.549999,16441600,7.31875
2007-10-04,58.700001,58.990002,56.799999,57.900002,13216000,7.2375
2007-10-03,60.639999,60.650002,58.439999,58.59,13942400,7.32375
2007-10-02,60.75,61.299999,60.110001,60.419998,7644000,7.5525
2007-10-01,60.50,61.470001,59.439999,60.68,15283200,7.585
2007-09-28,59.52,60.66,59.040001,59.82,15349600,7.4775
2007-09-27,60.560001,60.779999,58.049999,58.799999,31093600,7.35
2007-09-26,61.900002,62.400002,58.48,60.099998,41840000,7.5125
2007-09-25,64.300003,65.120003,63.509998,64.050003,8048000,8.00625
2007-09-24,63.34,65.50,63.099998,64.720001,10321600,8.09
2007-09-21,64.00,64.010002,62.799999,63.110001,7255200,7.88875
2007-09-20,64.669998,65.089996,62.73,62.810001,12118400,7.85125
2007-09-19,66.360001,67.32,64.589996,65.230003,8434400,8.15375
2007-09-18,62.18,65.919998,61.119999,65.790001,11829600,8.22375
2007-09-17,61.970001,62.169998,60.650002,61.470001,5265600,7.68375
2007-09-14,62.169998,63.57,62.060001,62.200001,7088000,7.775
2007-09-13,63.900002,64.419998,62.630001,62.77,6089600,7.84625
2007-09-12,62.599998,64.639999,62.25,63.830002,7263200,7.97875
2007-09-11,62.599998,64.209999,61.52,62.169998,7420000,7.77125
2007-09-10,64.510002,64.510002,60.450001,62.400002,10083200,7.80
2007-09-07,62.110001,64.550003,61.93,63.849998,7966400,7.98125
2007-09-06,64.50,64.879997,62.529999,63.380001,7934400,7.9225
2007-09-05,65.040001,65.730003,63.549999,64.440002,6307200,8.055
2007-09-04,64.309998,65.410004,64.059998,65.330002,5860800,8.16625
2007-08-31,64.50,65.50,63.959999,65.010002,4097600,8.12625
2007-08-30,63.880001,65.50,63.240002,63.880001,7962400,7.985
2007-08-29,62.259998,65.019997,62.259998,64.730003,6581600,8.09125
2007-08-28,62.509998,63.740002,60.91,62.25,8396000,7.78125
2007-08-27,65.00,65.00,63.09,63.150002,6920800,7.89375
2007-08-24,64.980003,65.669998,64.540001,65.480003,5748800,8.185
2007-08-23,66.980003,68.209999,64.809998,64.980003,6660000,8.1225
2007-08-22,69.019997,69.910004,66.580002,66.860001,11865600,8.3575
2007-08-21,65.00,67.550003,64.949997,66.910004,10636000,8.36375
2007-08-20,64.599998,67.00,63.34,64.449997,10476000,8.05625
2007-08-17,62.50,64.709999,61.150002,63.919998,12076800,7.99
2007-08-16,58.009998,61.459999,54.50,60.389999,17956800,7.54875
2007-08-15,61.110001,62.25,58.009998,59.09,11574400,7.38625
2007-08-14,63.790001,64.080002,60.66,61.470001,9617600,7.68375
2007-08-13,67.559998,68.870003,63.150002,63.240002,11325600,7.905
2007-08-10,66.269997,67.639999,63.50,66.440002,17604800,8.305
2007-08-09,64.870003,73.400002,64.529999,67.099998,29757600,8.3875
2007-08-08,65.839996,69.800003,64.769997,66.68,21196000,8.335
2007-08-07,63.950001,65.50,62.98,64.099998,20350400,8.0125
2007-08-06,66.449997,67.00,62.00,63.049999,17389600,7.88125
2007-08-03,62.310001,68.239998,62.240002,64.709999,25972000,8.08875
2007-08-02,65.00,65.300003,61.18,62.00,16584800,7.75
2007-08-01,61.41,66.07,60.709999,64.129997,20900000,8.01625
2007-07-31,63.25,64.75,60.869999,61.41,53236000,7.67625
2007-07-30,52.880001,55.52,52.09,55.18,21539200,6.8975
2007-07-27,50.98,52.240002,50.349998,51.59,8936000,6.44875
2007-07-26,50.950001,51.689999,50.009998,50.50,6352800,6.3125
2007-07-25,53.00,53.32,51.150002,51.830002,9351200,6.47875
2007-07-24,53.279999,53.939999,52.810001,52.860001,6294400,6.6075
2007-07-23,55.889999,55.889999,54.169998,54.169998,5732000,6.77125
2007-07-20,57.25,57.419998,55.00,55.119999,10414400,6.89
2007-07-19,56.990002,57.759998,56.900002,57.380001,8708000,7.1725
2007-07-18,54.869999,56.790001,54.700001,56.73,12946400,7.09125
2007-07-17,54.50,55.040001,54.00,54.860001,6195200,6.8575
2007-07-16,54.259998,56.25,54.029999,54.150002,10440800,6.76875
2007-07-13,53.200001,56.049999,52.25,54.02,21756800,6.7525
2007-07-12,52.98,53.43,52.369999,53.240002,5784000,6.655
2007-07-11,53.00,53.50,51.75,51.919998,6059200,6.49
2007-07-10,53.900002,54.110001,52.259998,52.330002,6431200,6.54125
2007-07-09,54.299999,54.860001,53.610001,54.259998,7398400,6.7825
2007-07-06,54.68,54.939999,52.66,54.240002,14592800,6.78
2007-07-05,49.150002,55.48,49.119999,54.299999,49208000,6.7875
2007-07-03,47.450001,49.09,47.349998,49.09,8534400,6.13625
2007-07-02,46.869999,47.09,45.66,47.09,5638400,5.88625
2007-06-29,46.50,47.099998,45.439999,45.650002,7274400,5.70625
2007-06-28,46.630001,46.84,46.18,46.299999,4976800,5.7875
2007-06-27,45.790001,46.759998,45.59,46.630001,6365600,5.82875
2007-06-26,46.139999,46.139999,45.389999,45.799999,11462400,5.725
2007-06-25,46.23,46.50,45.759998,45.959999,8412800,5.745
2007-06-22,46.169998,46.34,45.59,46.220001,11420000,5.7775
2007-06-21,46.360001,46.490002,45.48,46.169998,4937600,5.77125
2007-06-20,46.540001,47.240002,46.34,46.349998,7373600,5.79375
2007-06-19,46.259998,46.290001,45.419998,45.82,5260800,5.7275
2007-06-18,45.119999,46.43,44.799999,46.060001,9665600,5.7575
2007-06-15,45.209999,45.209999,44.560001,45.189999,4268800,5.64875
2007-06-14,44.93,44.98,44.389999,44.459999,4864800,5.5575
2007-06-13,44.580002,45.00,44.450001,44.73,5308800,5.59125
2007-06-12,45.009998,45.139999,44.25,44.400002,9268000,5.55
2007-06-11,46.59,46.59,44.619999,45.169998,14560800,5.64625
2007-06-08,45.50,47.07,45.279999,46.75,4047200,5.84375
2007-06-07,46.400002,46.610001,45.860001,45.970001,5883200,5.74625
2007-06-06,47.080002,47.099998,46.099998,46.599998,7709600,5.825
2007-06-05,47.630001,47.630001,46.919998,47.259998,6427200,5.9075
2007-06-04,48.09,48.299999,47.599998,47.880001,4922400,5.985
2007-06-01,47.990002,48.580002,47.639999,48.09,5127200,6.01125
2007-05-31,47.50,48.32,47.27,47.830002,6178400,5.97875
2007-05-30,46.52,47.580002,46.099998,47.48,4643200,5.935
2007-05-29,47.349998,47.43,46.75,46.889999,4844000,5.86125
2007-05-25,46.349998,47.599998,46.349998,47.349998,4564000,5.91875
2007-05-24,46.900002,47.860001,46.299999,46.330002,7150400,5.79125
2007-05-23,48.299999,48.529999,47.009998,47.049999,11525600,5.88125
2007-05-22,48.50,49.00,47.52,48.200001,11292800,6.025
2007-05-21,47.060001,48.16,46.970001,48.080002,18349600,6.01
2007-05-18,44.759998,46.889999,44.759998,46.470001,18644800,5.80875
2007-05-17,43.50,45.150002,43.00,44.91,10226400,5.61375
2007-05-16,41.50,43.580002,41.369999,43.459999,15587200,5.4325
2007-05-15,44.549999,44.549999,42.799999,42.810001,6159200,5.35125
2007-05-14,45.450001,45.450001,43.50,43.830002,5636000,5.47875
2007-05-11,44.389999,44.709999,43.740002,44.549999,4006400,5.56875
2007-05-10,45.59,45.59,43.259998,43.740002,9220000,5.4675
2007-05-09,45.200001,45.32,43.23,44.860001,6176800,5.6075
2007-05-08,45.599998,45.599998,44.799999,45.119999,7361600,5.64
2007-05-07,46.00,46.00,44.720001,44.84,4887200,5.605
2007-05-04,45.599998,45.599998,44.82,45.169998,7356800,5.64625
2007-05-03,46.00,46.25,44.369999,44.50,13723200,5.5625
2007-05-02,46.290001,46.759998,45.669998,45.950001,12957600,5.74375
2007-05-01,46.139999,47.200001,44.509998,46.060001,45684000,5.7575
2007-04-30,49.32,50.849998,49.23,50.50,9216000,6.3125
2007-04-27,49.27,49.990002,48.880001,49.310001,5284000,6.16375
2007-04-26,51.009998,51.009998,49.59,49.599998,6860000,6.20
2007-04-25,50.580002,51.189999,50.150002,51.00,5012800,6.375
2007-04-24,50.799999,50.799999,50.009998,50.099998,6049600,6.2625
2007-04-23,51.490002,51.650002,50.790001,50.82,3934400,6.3525
2007-04-20,51.799999,51.900002,50.799999,51.490002,4923200,6.43625
2007-04-19,50.709999,51.450001,50.57,51.040001,4450400,6.38
2007-04-18,51.98,52.09,50.529999,50.709999,9526400,6.33875
2007-04-17,52.50,52.599998,51.91,51.950001,2576800,6.49375
2007-04-16,51.990002,52.630001,51.990002,52.509998,2991200,6.56375
2007-04-13,52.580002,52.599998,51.66,51.889999,4908800,6.48625
2007-04-12,52.919998,52.959999,52.470001,52.66,4848800,6.5825
2007-04-11,53.080002,53.23,52.48,52.669998,4014400,6.58375
2007-04-10,52.849998,53.110001,52.450001,53.049999,3310400,6.63125
2007-04-09,52.580002,53.040001,52.259998,52.82,5860800,6.6025
2007-04-05,51.970001,52.23,51.43,52.18,5500000,6.5225
2007-04-04,52.27,52.330002,51.349998,51.389999,5993600,6.42375
2007-04-03,51.220001,52.580002,51.220001,52.279999,8690400,6.535
2007-04-02,51.259998,51.439999,50.560001,51.169998,3528000,6.39625
2007-03-30,50.75,51.700001,50.73,51.299999,6683200,6.4125
2007-03-29,50.00,50.740002,49.810001,50.73,5469600,6.34125
2007-03-28,49.68,50.049999,49.18,49.400002,7012800,6.175
2007-03-27,50.799999,50.799999,49.57,49.669998,6732000,6.20875
2007-03-26,51.200001,51.34,50.689999,51.00,4659200,6.375
2007-03-23,49.790001,51.32,49.720001,51.200001,6124800,6.40
2007-03-22,50.330002,50.470001,49.459999,49.990002,4038400,6.24875
2007-03-21,48.950001,50.310001,48.779999,49.939999,5407200,6.2425
2007-03-20,48.330002,49.00,48.310001,48.950001,3196000,6.11875
2007-03-19,47.119999,48.77,47.119999,48.700001,7951200,6.0875
2007-03-16,47.07,47.50,46.389999,46.830002,6264800,5.85375
2007-03-15,46.52,47.25,46.50,47.080002,4841600,5.885
2007-03-14,45.950001,46.849998,45.189999,46.639999,6932000,5.83
2007-03-13,46.75,46.75,45.09,45.330002,6884800,5.66625
2007-03-12,46.709999,46.889999,46.580002,46.740002,1677600,5.8425
2007-03-09,46.650002,47.169998,46.25,46.509998,4250400,5.81375
2007-03-08,45.59,46.25,45.59,46.169998,4145600,5.77125
2007-03-07,46.02,46.02,45.09,45.110001,4476000,5.63875
2007-03-06,44.740002,46.299999,44.59,46.009998,6042400,5.75125
2007-03-05,44.00,44.740002,43.34,43.700001,5580000,5.4625
2007-03-02,45.799999,45.939999,44.540001,44.779999,5801600,5.5975
2007-03-01,45.50,46.639999,44.900002,45.939999,6590400,5.7425
2007-02-28,45.560001,46.490002,45.009998,45.900002,5563200,5.7375
2007-02-27,46.66,47.610001,45.00,45.549999,7677600,5.69375
2007-02-26,47.650002,47.84,47.080002,47.57,3375200,5.94625
2007-02-23,47.799999,48.00,47.509998,47.689999,2264000,5.96125
2007-02-22,48.240002,48.48,47.619999,47.799999,2803200,5.975
2007-02-21,48.810001,48.810001,47.84,47.869999,3908800,5.98375
2007-02-20,48.150002,49.099998,47.639999,48.810001,5633600,6.10125
2007-02-16,47.560001,47.900002,47.00,47.889999,3138400,5.98625
2007-02-15,47.490002,47.75,47.34,47.560001,2549600,5.945
2007-02-14,46.880001,47.900002,46.68,47.490002,4385600,5.93625
2007-02-13,47.41,47.970001,46.75,46.860001,4814400,5.8575
2007-02-12,48.25,48.360001,47.029999,47.23,5826400,5.90375
2007-02-09,48.869999,48.869999,48.00,48.080002,4990400,6.01
2007-02-08,48.490002,49.150002,48.099998,48.869999,11317600,6.10875
2007-02-07,46.939999,48.400002,46.330002,47.939999,11111200,5.9925
2007-02-06,45.299999,46.810001,45.299999,46.130001,7200000,5.76625
2007-02-05,45.490002,46.09,44.630001,45.27,11135200,5.65875
2007-02-02,46.950001,47.16,45.610001,45.799999,14378400,5.725
2007-02-01,46.52,48.900002,45.50,47.169998,55327200,5.89625
2007-01-31,52.189999,52.189999,50.50,50.799999,5674400,6.35
2007-01-30,51.50,52.299999,50.959999,52.290001,4717600,6.53625
2007-01-29,50.040001,51.540001,50.02,51.450001,5179200,6.43125
2007-01-26,49.869999,50.290001,49.75,50.040001,2638400,6.255
2007-01-25,50.75,50.939999,49.369999,49.799999,4640000,6.225
2007-01-24,48.950001,50.900002,48.93,50.75,5436000,6.34375
2007-01-23,48.470001,49.599998,47.599998,49.41,12958400,6.17625
2007-01-22,49.599998,49.919998,46.610001,47.080002,17247200,5.885
2007-01-19,50.369999,51.450001,50.209999,51.07,3158400,6.38375
2007-01-18,50.75,51.25,50.66,50.700001,4204800,6.3375
2007-01-17,50.75,51.25,50.349998,50.900002,2656800,6.3625
2007-01-16,49.700001,51.09,49.599998,50.759998,3662400,6.345
2007-01-12,50.00,50.049999,49.299999,49.599998,2721600,6.20
2007-01-11,50.00,50.639999,49.630001,50.049999,4033600,6.25625
2007-01-10,48.400002,49.98,48.25,49.970001,3728000,6.24625
2007-01-09,48.959999,49.00,48.200001,48.869999,3298400,6.10875
2007-01-08,48.349998,49.18,48.00,48.990002,3581600,6.12375
2007-01-05,48.700001,48.779999,47.799999,48.360001,5164000,6.045
2007-01-04,49.349998,49.84,49.00,49.23,3203200,6.15375
2007-01-03,50.75,51.450001,48.790001,49.549999,6679200,6.19375
2006-12-29,51.599998,51.599998,50.299999,50.450001,2992000,6.30625
2006-12-28,50.900002,51.57,50.439999,51.189999,3129600,6.39875
2006-12-27,50.450001,50.82,49.650002,50.799999,3236800,6.35
2006-12-26,50.00,50.959999,49.91,50.200001,2298400,6.275
2006-12-22,51.200001,51.209999,49.889999,49.959999,4819200,6.245
2006-12-21,51.50,51.700001,50.459999,51.349998,4705600,6.41875
2006-12-20,50.400002,51.68,50.400002,50.82,4034400,6.3525
2006-12-19,50.25,50.52,48.75,50.400002,5796000,6.30
2006-12-18,51.919998,54.00,50.060001,50.439999,11021600,6.305
2006-12-15,50.16,51.099998,49.950001,50.619999,7954400,6.3275
2006-12-14,49.43,49.84,49.27,49.77,4672000,6.22125
2006-12-13,50.080002,50.349998,48.50,49.00,8001600,6.125
2006-12-12,51.349998,51.349998,49.25,49.549999,7300000,6.19375
2006-12-11,51.73,52.25,50.93,51.080002,8044000,6.385
2006-12-08,50.490002,51.00,50.200001,50.860001,7528000,6.3575
2006-12-07,51.279999,51.700001,49.939999,50.43,8602400,6.30375
2006-12-06,49.50,51.669998,48.549999,50.970001,15276000,6.37125
2006-12-05,48.880001,49.900002,48.459999,49.57,24604000,6.19625
2006-12-04,46.330002,46.84,45.650002,46.73,4098400,5.84125
2006-12-01,47.07,47.150002,45.799999,46.380001,4946400,5.7975
2006-11-30,46.23,47.150002,45.91,46.919998,4732000,5.865
2006-11-29,47.130001,47.299999,46.00,46.18,6765600,5.7725
2006-11-28,46.080002,47.209999,44.91,46.650002,18507200,5.83125
2006-11-27,48.619999,49.599998,48.00,48.290001,9366400,6.03625
2006-11-24,47.400002,47.990002,47.290001,47.599998,1527200,5.95
2006-11-22,47.740002,48.150002,47.299999,47.700001,2820000,5.9625
2006-11-21,47.98,48.369999,46.919998,47.93,5362400,5.99125
2006-11-20,46.310001,47.990002,45.91,47.59,7318400,5.94875
2006-11-17,46.91,46.950001,46.32,46.549999,4225600,5.81875
2006-11-16,47.50,47.50,46.049999,46.25,4754400,5.78125
2006-11-15,45.490002,47.18,44.549999,46.849998,8680000,5.85625
2006-11-14,44.900002,45.470001,44.560001,45.310001,5023200,5.66375
2006-11-13,45.549999,45.889999,43.759998,44.400002,8819200,5.55
2006-11-10,44.830002,45.959999,44.830002,45.650002,3358400,5.70625
2006-11-09,45.82,46.049999,44.66,44.869999,3775200,5.60875
2006-11-08,45.439999,45.75,44.740002,45.740002,4769600,5.7175
2006-11-07,45.23,46.009998,45.23,45.799999,3712800,5.725
2006-11-06,45.220001,46.150002,44.77,45.220001,7155200,5.6525
2006-11-03,43.619999,45.279999,43.57,45.220001,11988800,5.6525
2006-11-02,46.34,46.389999,43.220001,43.50,26299200,5.4375
2006-11-01,46.959999,48.060001,46.57,46.73,9514400,5.84125
2006-10-31,45.990002,49.990002,45.50,46.349998,49800800,5.79375
2006-10-30,46.619999,47.349998,46.299999,46.740002,4836000,5.8425
2006-10-27,47.82,47.939999,46.50,46.619999,4390400,5.8275
2006-10-26,47.209999,47.880001,46.599998,47.779999,4367200,5.9725
2006-10-25,46.400002,47.25,46.389999,47.139999,4948000,5.8925
2006-10-24,47.029999,47.470001,46.43,46.509998,5296800,5.81375
2006-10-23,45.950001,48.130001,45.799999,46.990002,8689600,5.87375
2006-10-20,46.560001,46.98,45.77,45.84,3120800,5.73
2006-10-19,46.57,47.32,46.25,46.41,2688000,5.80125
2006-10-18,47.00,47.889999,46.150002,46.599998,5702400,5.825
2006-10-17,48.50,48.50,46.32,46.630001,6129600,5.82875
2006-10-16,48.00,48.639999,47.540001,48.630001,6271200,6.07875
2006-10-13,46.50,48.599998,45.900002,47.939999,11337600,5.9925
2006-10-12,44.700001,47.049999,44.52,46.470001,12686400,5.80875
2006-10-11,45.080002,45.27,44.060001,44.52,7428800,5.565
2006-10-10,42.869999,45.639999,42.580002,45.50,14630400,5.6875
2006-10-09,43.00,43.25,42.110001,42.98,2071200,5.3725
2006-10-06,42.299999,43.040001,41.75,42.860001,2936000,5.3575
2006-10-05,41.91,43.470001,41.91,42.439999,9764800,5.305
2006-10-04,39.869999,42.049999,39.779999,42.049999,6816000,5.25625
2006-10-03,39.799999,40.00,39.330002,39.950001,4980000,4.99375
2006-10-02,40.00,40.119999,39.650002,39.779999,2524000,4.9725
2006-09-29,40.209999,40.619999,40.00,40.02,2206400,5.0025
2006-09-28,41.220001,41.599998,39.689999,40.209999,4800000,5.02625
2006-09-27,41.43,42.349998,40.990002,40.990002,11380800,5.12375
2006-09-26,41.00,41.549999,39.650002,40.310001,4807200,5.03875
2006-09-25,41.25,41.290001,40.240002,40.900002,4756800,5.1125
2006-09-22,40.75,41.290001,39.93,41.25,6392000,5.15625
2006-09-21,40.50,41.00,40.00,40.91,7195200,5.11375
2006-09-20,39.939999,40.369999,39.369999,40.23,6358400,5.02875
2006-09-19,40.09,40.240002,39.119999,40.139999,6719200,5.0175
2006-09-18,39.93,40.220001,39.380001,39.98,7149600,4.9975
2006-09-15,39.50,40.00,38.98,39.599998,7532000,4.95
2006-09-14,38.139999,39.310001,37.75,39.169998,6385600,4.89625
2006-09-13,38.27,38.610001,37.98,38.240002,5214400,4.78
2006-09-12,36.200001,38.700001,36.16,38.369999,16138400,4.79625
2006-09-11,34.669998,36.099998,34.259998,36.049999,12525600,4.50625
2006-09-08,33.259998,33.970001,33.040001,33.48,3657600,4.185
2006-09-07,33.650002,33.849998,32.580002,32.669998,8032000,4.08375
2006-09-06,34.75,34.919998,33.50,33.630001,4706400,4.20375
2006-09-05,34.00,35.00,33.799999,34.810001,3546400,4.35125
2006-09-01,34.50,34.779999,33.799999,33.919998,3495200,4.24
2006-08-31,35.080002,35.110001,34.310001,34.439999,2883200,4.305
2006-08-30,35.529999,35.529999,34.869999,34.880001,4641600,4.36
2006-08-29,35.950001,36.220001,34.869999,35.18,3196000,4.3975
2006-08-28,35.299999,36.25,35.119999,35.830002,3536800,4.47875
2006-08-25,34.970001,35.25,34.50,34.91,2642400,4.36375
2006-08-24,35.09,35.09,33.98,34.549999,3522400,4.31875
2006-08-23,35.50,35.50,34.50,34.91,3560800,4.36375
2006-08-22,35.060001,36.23,34.740002,35.50,5746400,4.4375
2006-08-21,35.27,35.48,34.77,34.950001,3695200,4.36875
2006-08-18,35.189999,35.560001,34.75,35.25,3740800,4.40625
2006-08-17,35.439999,35.790001,34.740002,35.00,4279200,4.375
2006-08-16,35.16,36.130001,35.02,35.220001,8669600,4.4025
2006-08-15,33.119999,34.880001,32.919998,34.73,7826400,4.34125
2006-08-14,33.490002,34.049999,32.330002,32.48,7231200,4.06
2006-08-11,33.75,33.959999,32.200001,32.450001,7993600,4.05625
2006-08-10,33.240002,34.200001,32.580002,33.959999,8016800,4.245
2006-08-09,35.25,35.880001,33.25,33.43,8928000,4.17875
2006-08-08,36.740002,36.740002,35.00,35.18,10190400,4.3975
2006-08-07,36.849998,38.43,36.189999,36.509998,12663200,4.56375
2006-08-04,37.669998,38.299999,37.07,37.290001,5897600,4.66125
2006-08-03,36.529999,37.490002,35.77,37.419998,10050400,4.6775
2006-08-02,37.400002,38.18,36.50,36.990002,13566400,4.62375
2006-08-01,39.959999,40.50,38.57,39.00,5096000,4.875
2006-07-31,40.599998,41.099998,39.919998,40.150002,5148800,5.01875
2006-07-28,39.119999,41.09,39.119999,40.799999,5516800,5.10
2006-07-27,41.00,41.650002,39.049999,39.66,11245600,4.9575
2006-07-26,39.580002,40.939999,38.23,40.669998,32963200,5.08375
2006-07-25,42.549999,43.50,41.34,41.470001,8772800,5.18375
2006-07-24,41.049999,43.150002,40.59,42.540001,9287200,5.3175
2006-07-21,41.970001,42.07,39.950001,40.599998,4915200,5.075
2006-07-20,41.400002,42.740002,41.060001,41.970001,7802400,5.24625
2006-07-19,38.450001,41.470001,38.34,41.130001,6499200,5.14125
2006-07-18,39.279999,40.43,38.009998,38.450001,3644000,4.80625
2006-07-17,39.02,39.720001,38.16,39.169998,3790400,4.89625
2006-07-14,38.77,40.59,38.41,39.119999,7204800,4.89
2006-07-13,40.009998,40.02,38.080002,39.57,8073600,4.94625
2006-07-12,40.529999,41.18,40.150002,40.360001,3926400,5.045
2006-07-11,39.389999,41.00,37.59,40.970001,7427200,5.12125
2006-07-10,38.740002,40.310001,38.73,39.279999,8562400,4.91
2006-07-07,41.950001,42.900002,38.470001,38.75,19790400,4.84375
2006-07-06,42.91,43.470001,41.77,42.57,6101600,5.32125
2006-07-05,42.290001,42.950001,41.599998,42.91,7087200,5.36375
2006-07-03,42.759998,43.049999,42.349998,42.830002,3515200,5.35375
2006-06-30,41.34,43.50,40.830002,42.619999,28878400,5.3275
2006-06-29,38.23,40.830002,38.23,40.700001,9164000,5.0875
2006-06-28,37.139999,38.549999,36.849998,38.369999,4355200,4.79625
2006-06-27,37.34,37.849998,36.27,36.889999,4108800,4.61125
2006-06-26,37.75,37.990002,36.950001,37.34,2392800,4.6675
2006-06-23,36.849998,38.830002,35.869999,37.509998,5448800,4.68875
2006-06-22,37.759998,38.419998,36.880001,36.970001,4760000,4.62125
2006-06-21,37.50,37.950001,36.77,37.759998,6684000,4.72
2006-06-20,39.849998,39.849998,37.25,37.630001,10870400,4.70375
2006-06-19,39.57,41.439999,38.50,39.450001,20973600,4.93125
2006-06-16,37.189999,39.119999,37.150002,38.66,11560000,4.8325
2006-06-15,37.220001,37.950001,36.509998,37.099998,6751200,4.6375
2006-06-14,36.130001,37.00,35.849998,37.00,4959200,4.625
2006-06-13,34.810001,36.59,34.810001,35.740002,8542400,4.4675
2006-06-12,35.400002,35.75,34.669998,34.919998,4012000,4.365
2006-06-09,35.279999,35.990002,35.00,35.310001,3217600,4.41375
2006-06-08,34.32,34.860001,33.529999,34.66,5284800,4.3325
2006-06-07,36.099998,36.310001,34.75,35.00,4024800,4.375
2006-06-06,36.610001,37.150002,34.849998,35.900002,5992800,4.4875
2006-06-05,37.400002,37.919998,36.060001,36.360001,5416800,4.545
2006-06-02,37.400002,37.650002,36.830002,37.119999,3538400,4.64
2006-06-01,35.950001,37.360001,35.810001,37.25,8441600,4.65625
2006-05-31,34.599998,36.00,34.110001,35.700001,8872000,4.4625
2006-05-30,34.540001,34.73,34.130001,34.509998,5220000,4.31375
2006-05-26,34.34,34.900002,33.830002,34.400002,27513600,4.30
2006-05-25,35.599998,36.00,33.009998,34.18,6280000,4.2725
2006-05-24,35.470001,36.040001,34.529999,35.240002,7538400,4.405
2006-05-23,35.099998,35.860001,34.900002,35.25,4816800,4.40625
2006-05-22,34.400002,35.259998,33.75,34.66,4012800,4.3325
2006-05-19,33.119999,34.639999,32.25,34.419998,5948000,4.3025
2006-05-18,35.169998,35.50,32.84,33.009998,9000800,4.12625
2006-05-17,35.900002,35.900002,34.91,35.23,3389600,4.40375
2006-05-16,35.950001,35.990002,35.41,35.799999,1248800,4.475
2006-05-15,35.450001,36.450001,34.50,35.560001,2116000,4.445
2006-05-12,36.509998,36.84,35.150002,35.369999,2720000,4.42125
2006-05-11,36.25,37.50,36.25,36.77,3653600,4.59625
2006-05-10,36.130001,37.200001,35.209999,36.900002,3680000,4.6125
2006-05-09,36.310001,38.099998,36.310001,37.509998,6109600,4.68875
2006-05-08,36.799999,37.130001,36.119999,36.259998,1751200,4.5325
2006-05-05,36.799999,37.419998,36.599998,36.799999,2300000,4.60
2006-05-04,35.889999,36.669998,35.57,36.66,2059200,4.5825
2006-05-03,36.150002,36.709999,35.41,35.700001,2572000,4.4625
2006-05-02,36.93,37.299999,35.860001,36.110001,2383200,4.51375
2006-05-01,36.790001,37.540001,36.110001,36.73,3786400,4.59125
2006-04-28,37.669998,38.200001,36.75,36.779999,3426400,4.5975
2006-04-27,37.810001,38.98,36.849998,37.830002,7031200,4.72875
2006-04-26,40.119999,40.50,36.779999,37.00,53585600,4.625
2006-04-25,33.50,33.849998,32.50,32.709999,2823200,4.08875
2006-04-24,32.950001,33.73,32.889999,33.380001,2394400,4.1725
2006-04-21,33.610001,33.650002,32.689999,32.889999,1941600,4.11125
2006-04-20,33.00,33.799999,32.950001,32.98,1583200,4.1225
2006-04-19,32.490002,33.50,32.349998,33.00,2313600,4.125
2006-04-18,32.299999,32.50,32.110001,32.369999,1502400,4.04625
2006-04-17,31.549999,32.27,31.52,32.200001,2324800,4.025
2006-04-13,31.030001,31.549999,30.85,31.50,1734400,3.9375
2006-04-12,31.10,31.41,30.75,31.139999,1917600,3.8925
2006-04-11,31.76,31.85,30.799999,31.200001,2574400,3.90
2006-04-10,32.740002,32.849998,31.65,31.799999,2141600,3.975
2006-04-07,32.689999,33.00,32.400002,32.43,1638400,4.05375
2006-04-06,33.009998,33.50,32.619999,32.720001,1940000,4.09
2006-04-05,33.50,33.900002,32.84,32.959999,2615200,4.12
2006-04-04,32.50,33.299999,32.50,32.900002,2410400,4.1125
2006-04-03,32.700001,33.43,32.50,32.529999,2783200,4.06625
2006-03-31,32.849998,32.900002,32.25,32.400002,2504000,4.05
2006-03-30,33.860001,34.240002,32.849998,32.869999,2504800,4.10875
2006-03-29,32.790001,34.400002,32.75,34.00,4704800,4.25
2006-03-28,34.080002,34.900002,32.740002,32.91,6568800,4.11375
2006-03-27,33.07,35.139999,32.849998,34.200001,9240000,4.275
2006-03-24,31.530001,33.150002,31.48,33.00,4688800,4.125
2006-03-23,31.23,32.25,31.049999,31.530001,5720000,3.94125
2006-03-22,31.00,31.219999,30.00,31.18,2611200,3.8975
2006-03-21,31.00,31.02,30.309999,30.90,3176800,3.8625
2006-03-20,30.049999,31.50,29.91,31.049999,4264800,3.88125
2006-03-17,30.389999,30.530001,30.00,30.07,2124000,3.75875
2006-03-16,29.799999,30.620001,29.799999,30.27,4799200,3.78375
2006-03-15,29.719999,29.889999,29.129999,29.799999,2172000,3.725
2006-03-14,30.00,30.50,29.10,29.60,15766400,3.70
2006-03-13,26.49,27.719999,26.17,27.42,2761600,3.4275
2006-03-10,26.950001,26.950001,25.85,26.549999,4537600,3.31875
2006-03-09,26.799999,27.370001,26.799999,27.00,3109600,3.375
2006-03-08,28.25,28.25,26.75,26.93,4064800,3.36625
2006-03-07,28.309999,29.25,27.85,28.35,3515200,3.54375
2006-03-06,28.76,28.91,28.280001,28.60,2622400,3.575
2006-03-03,29.50,29.50,28.549999,28.870001,1620000,3.60875
2006-03-02,28.799999,29.389999,28.25,29.23,2827200,3.65375
2006-03-01,28.00,28.950001,28.00,28.65,2632000,3.58125
2006-02-28,28.309999,28.549999,27.98,28.190001,2608000,3.52375
2006-02-27,28.790001,28.84,28.50,28.57,2179200,3.57125
2006-02-24,28.90,29.17,28.469999,28.799999,2867200,3.60
2006-02-23,28.200001,29.48,27.60,29.15,4170400,3.64375
2006-02-22,27.200001,28.360001,27.15,28.200001,5537600,3.525
2006-02-21,28.700001,28.700001,27.32,27.40,5655200,3.425
2006-02-17,28.719999,29.25,27.91,28.92,3972800,3.615
2006-02-16,28.82,29.129999,27.049999,28.77,12722400,3.59625
2006-02-15,29.969999,30.43,28.879999,29.07,5998400,3.63375
2006-02-14,30.25,30.83,30.059999,30.290001,2800000,3.78625
2006-02-13,29.77,30.73,29.77,30.25,5493600,3.78125
2006-02-10,29.51,30.42,29.50,29.93,3940800,3.74125
2006-02-09,30.25,30.65,29.200001,29.49,7489600,3.68625
2006-02-08,30.99,31.00,28.50,29.450001,25420000,3.68125
2006-02-07,33.209999,34.00,30.629999,30.940001,58386400,3.8675
2006-02-06,39.369999,39.650002,37.549999,39.200001,9171200,4.90
2006-02-03,39.549999,39.970001,37.799999,38.84,3843200,4.855
2006-02-02,39.599998,40.00,38.02,39.419998,4013600,4.9275
2006-02-01,39.75,40.75,38.259998,39.029999,4975200,4.87875
2006-01-31,40.950001,41.09,39.599998,39.990002,5417600,4.99875
2006-01-30,38.389999,41.900002,37.91,40.299999,18108000,5.0375
2006-01-27,37.849998,39.00,37.299999,38.360001,3277600,4.795
2006-01-26,36.860001,38.650002,36.860001,37.549999,5156000,4.69375
2006-01-25,36.599998,37.75,34.779999,36.860001,6545600,4.6075
2006-01-24,37.330002,37.849998,36.549999,36.700001,5939200,4.5875
2006-01-23,38.200001,38.50,36.490002,37.32,7585600,4.665
2006-01-20,38.950001,39.25,37.50,38.279999,5359200,4.785
2006-01-19,38.299999,39.700001,38.200001,38.779999,5005600,4.8475
2006-01-18,36.66,39.549999,36.50,38.549999,8061600,4.81875
2006-01-17,39.16,39.41,37.049999,38.169998,7448800,4.77125
2006-01-13,38.810001,40.34,38.509998,39.02,8647200,4.8775
2006-01-12,37.139999,39.400002,37.139999,38.509998,12392800,4.81375
2006-01-11,38.279999,38.549999,36.50,37.689999,10361600,4.71125
2006-01-10,36.18,38.490002,35.540001,37.50,23698400,4.6875
2006-01-09,35.93,35.970001,34.77,35.830002,8494400,4.47875
2006-01-06,35.200001,36.369999,33.650002,35.470001,22208800,4.43375
2006-01-05,32.52,35.700001,32.169998,35.630001,28586400,4.45375
2006-01-04,32.740002,33.189999,31.280001,31.67,30113600,3.95875
2006-01-03,37.189999,37.389999,33.18,33.360001,32660800,4.17
2005-12-30,39.630001,39.740002,37.209999,38.310001,29355200,4.78875
2005-12-29,38.950001,40.00,38.279999,39.860001,36177600,4.9825
2005-12-28,34.009998,36.740002,33.700001,36.349998,29310400,4.54375
2005-12-27,31.90,34.919998,31.52,33.259998,33193600,4.1575
2005-12-23,28.700001,31.719999,28.549999,31.219999,15113600,3.9025
2005-12-22,28.58,28.83,27.99,28.700001,4285600,3.5875
2005-12-21,28.15,28.799999,27.889999,28.549999,9884800,3.56875
2005-12-20,27.540001,28.290001,26.85,28.07,11580800,3.50875
2005-12-19,27.59,27.60,25.15,26.49,7141600,3.31125
2005-12-16,27.379999,27.639999,26.51,27.639999,8036800,3.455
2005-12-15,27.00,27.65,26.799999,27.389999,4250400,3.42375
2005-12-14,26.00,27.25,25.870001,27.00,8248800,3.375
2005-12-13,25.76,25.90,25.25,25.59,2128800,3.19875
2005-12-12,25.00,25.58,24.75,25.49,2622400,3.18625
2005-12-09,25.60,25.84,24.799999,25.00,1599200,3.125
2005-12-08,25.50,25.879999,25.299999,25.50,1992800,3.1875
2005-12-07,24.91,25.65,24.91,25.65,3523200,3.20625
2005-12-06,26.059999,26.16,24.52,24.700001,4617600,3.0875
2005-12-05,25.120001,25.90,24.549999,25.66,5653600,3.2075
2005-12-02,23.709999,25.00,23.25,24.66,9434400,3.0825
2005-12-01,22.85,23.73,22.60,23.15,5836800,2.89375
2005-11-30,21.33,22.709999,21.27,22.51,6432800,2.81375
2005-11-29,23.559999,23.65,21.08,21.35,16241600,2.66875
2005-11-28,23.68,24.200001,23.58,23.700001,6484800,2.9625
2005-11-25,23.83,24.00,23.50,23.68,2330400,2.96
2005-11-23,23.940001,24.10,23.51,23.799999,8253600,2.975
2005-11-22,25.50,25.85,22.75,23.50,25755200,2.9375
2005-11-21,26.030001,26.950001,25.50,26.15,33676800,3.26875
2005-11-18,30.50,31.00,24.389999,25.299999,143706400,3.1625
