Date, Open, High, Low, Close, Volume, Adj Close, 2 Day Slope, 5 Day Slope, Standard Dev, Optimal Dates, Desired Level 1 Out Buy, Desired Level 1 Out Sell, Profit Speed
'2016-09-23', 36.490002, 36.790001, 36.029999, 36.040001, 2305300.0, 36.040001, 0.13000100000000003, 1.1800009999999972, 1.6404448705563401, -1.0, 0.0, -1.0, 0.0
'2016-09-22', 36.360001, 36.75, 36.130001, 36.619999, 4357200.0, 36.619999, 0.44000299999999726, 0.619999, 1.659109667810835, 0.0, 0.0, -0.8, 0.0035753849401709325
'2016-09-21', 35.919998, 36.099998, 35.619999, 36.029999, 3181100.0, 36.029999, -0.29000100000000373, 0.46999699999999933, 1.681214135479054, 0.0, 0.0, -0.5, 0.00793435456204643
'2016-09-20', 36.209999, 36.259998, 35.720001, 35.84, 2230200.0, 35.84, 0.8999980000000036, 1.009998000000003, 1.6473124040222553, 0.0, 0.0, -0.1, 0.0025775845321987217
'2016-09-19', 35.310001, 36.330002, 35.27, 35.939999, 4287900.0, 35.939999, -0.4300009999999972, -1.6299980000000005, 1.72155053970444, 0.0, 0.0, 0.0, 0.008354580618675125
'2016-09-16', 35.740002, 35.740002, 34.880001, 35.040001, 4845800.0, 35.040001, 0.2900009999999966, -0.5099980000000031, 1.7072205704012213, 0.0, 0.0, 0.0, 0.004196977940851822
'2016-09-15', 35.450001, 35.880001, 35.330002, 35.869999, 4266500.0, 35.869999, 0.25, -1.7999989999999997, 1.68573623046789, 0.0, 0.0, 0.0, 0.00488952031341267
'2016-09-14', 35.200001, 35.66, 34.549999, 35.470001, 7915000.0, 35.470001, -1.739998, -2.770000000000003, 1.5457723649723112, 0.0, 0.0, 0.0, 0.005235393520098384
'2016-09-13', 36.939999, 37.18, 35.990002, 36.290001, 3489500.0, 36.290001, 0.6899990000000003, -0.9299999999999997, 1.529932161183357, 0.0, 0.0, 0.0, -0.00152272946731808
'2016-09-12', 36.25, 37.400002, 36.200001, 37.25, 3115400.0, 37.25, -1.0, -2.0499989999999997, 1.6239483674471453, 0.0, 0.0, 0.0, 0.0007356383141762359
'2016-09-09', 37.25, 37.41, 36.43, 36.59, 3555100.0, 36.59, -0.7200010000000034, -1.3200000000000003, 1.5831125272565152, 0.0, 0.0, 0.0, -0.00204026308724833
'2016-09-08', 37.970001, 38.23, 37.41, 37.419998, 2415500.0, 37.419998, 0.10000200000000348, -0.12999699999999592, 1.5987483075626157, 0.0, 0.0, 0.0, -0.003543464843110334
'2016-09-07', 37.869999, 38.560001, 37.580002, 38.529999, 4912000.0, 38.191999, -0.4299999999999997, -0.630001, 1.6633537562209737, 0.0, 0.0, 0.0, -0.003036697994103466
'2016-09-06', 38.299999, 38.380001, 37.599998, 37.84, 3131800.0, 37.508054, -0.2700010000000006, -0.5400010000000037, 1.673578174750457, 0.0, 0.0, 0.0, -0.003635262195738926
'2016-09-02', 38.57, 38.689999, 38.09, 38.150002, 1953300.0, 37.815335, 0.4700020000000009, -0.5400009999999966, 1.6798488584925793, 0.0, 0.0, 0.0, -0.0038519908144746162
'2016-09-01', 38.099998, 38.450001, 38.02, 38.389999, 2441200.0, 38.053228, -0.40000200000000063, -1.6900029999999973, 1.6701154026530092, 0.0, 0.0, 0.0, -0.002817141005274248
'2016-08-31', 38.5, 38.779999, 37.900002, 38.18, 2929700.0, 37.845071, -0.3400000000000034, -1.3400000000000034, 1.6421761407760802, 0.0, 0.0, 0.0, -0.003262983766233771
'2016-08-30', 38.84, 38.959999, 38.470001, 38.59, 1939100.0, 38.251474, -0.2700009999999935, -1.4299999999999997, 1.6297519355209311, 0.0, 0.0, 0.0, -0.0035590931120130947
'2016-08-29', 39.110001, 39.389999, 38.91, 38.990002, 2865400.0, 38.647967, -0.6799999999999997, -0.9700010000000034, 1.6128187626777863, 0.0, 0.0, 0.0, -0.003721695123454484
'2016-08-26', 39.790001, 40.040001, 38.639999, 38.91, 3130800.0, 38.568667, -0.04999900000000679, -0.3200000000000003, 1.5854159401666612, 0.0, 0.0, 0.0, -0.004365020194262796
'2016-08-25', 39.84, 40.32, 39.650002, 39.830002, 2859900.0, 39.480598, -0.4299999999999997, 0.36999899999999997, 1.5674338215911534, 0.0, 0.0, 0.0, -0.004204314759036152
'2016-08-24', 40.27, 40.419998, 39.799999, 39.869999, 2522100.0, 39.520244, 0.18999800000000278, 0.9000010000000032, 1.5437264113397797, 0.0, 0.0, 0.0, -0.004469826291579464
'2016-08-23', 40.080002, 40.610001, 39.810001, 40.470001, 3253500.0, 40.114983, -0.029998999999996556, 0.6600040000000007, 1.5337904033259115, 0.0, 0.1, 0.0, -0.0040714024460831695
'2016-08-22', 40.110001, 40.330002, 39.689999, 39.759998, 2415100.0, 39.411209, 0.6399999999999935, 0.5200009999999935, 1.508652641090054, 0.0, 0.5, 0.0, -0.003923990449902139
'2016-08-19', 39.470001, 40.400002, 39.439999, 40.310001, 4848700.0, 39.956387, 0.10000200000000348, -0.029998999999996556, 1.4813582380149177, 0.0, 0.8, 0.0, -0.0031458480327882497
'2016-08-18', 39.369999, 39.529999, 39.209999, 39.459999, 2099600.0, 39.113841, -0.04999899999999968, -0.33000200000000035, 1.4335387984522656, 1.0, 1.0, 0.0, -0.002926082878488265
'2016-08-17', 39.419998, 39.580002, 38.869999, 39.220001, 3453700.0, 38.875949, -0.17000200000000376, -0.8100019999999972, 1.3937042535635968, 0.0, 0.8, 0.0, -0.0028587559503720408
'2016-08-16', 39.59, 39.66, 39.279999, 39.450001, 2851200.0, 39.103931, 0.09000000000000341, -1.0600019999999972, 1.3676979055011478, 0.0, 0.5, 0.0, -0.0029000944870103806
'2016-08-15', 39.5, 39.959999, 39.27, 39.720001, 4530800.0, 39.371563, -0.20000100000000032, -0.5299989999999966, 1.3247462834994885, 0.0, 0.1, 0.0, -0.002721517179023511
'2016-08-12', 39.700001, 39.950001, 39.169998, 39.330002, 4326300.0, 38.984984, -0.5299989999999966, -2.4599989999999963, 1.2632120602131418, 0.0, 0.0, 0.0, -0.0027881515844207483
'2016-08-11', 40.23, 40.52, 39.669998, 39.869999, 4375800.0, 39.520244, -0.42000200000000376, -1.7700000000000031, 1.2521759417737242, 0.0, 0.0, -0.1, -0.0030988466318667665
'2016-08-10', 40.650002, 40.799999, 39.32, 39.599998, 6436400.0, 39.252613, 0.6200030000000041, -1.2099989999999963, 1.3195337855475253, 0.0, 0.0, -0.5, -0.0033011941398452304
'2016-08-09', 40.029999, 41.900002, 40.0, 40.52, 10216000.0, 40.164544, -2.130001, 0.5599979999999931, 1.4916240682785757, 0.0, 0.0, -0.8, -0.0027635500627916578
'2016-08-08', 42.16, 42.240002, 41.23, 41.450001, 9343100.0, 41.086386, 0.1599999999999966, -1.1600000000000037, 1.6080644451227348, -1.0, 0.1, -1.0, 0.0
'2016-08-05', 42.0, 42.18, 41.610001, 42.029999, 4269700.0, 41.661296, 0.1399990000000031, -1.5900000000000034, 1.6735396950977637, 0.0, 0.5, -0.8, 0.0038095238095237284
'2016-08-04', 41.860001, 42.27, 41.34, 41.400002, 3067500.0, 41.036825, 2.3899999999999935, -0.9199979999999996, 1.68070941479459, 0.0, 0.8, -0.5, 0.0035833611184099075
'2016-08-03', 39.470001, 41.849998, 39.360001, 41.75, 5847700.0, 41.383753, -3.849998999999997, -3.5799979999999962, 1.692547599619926, 1.0, 1.0, -0.1, 0.022717666851169598
'2016-08-02', 43.32, 43.400002, 41.59, 41.669998, 4242400.0, 41.304453, -0.2700000000000031, -0.26000200000000007, 1.6913656743988568, 0.0, 0.8, 0.0, -0.0066943674976916185
'2016-08-01', 43.59, 43.59, 42.880001, 43.459999, 4324500.0, 43.078752, 0.8100010000000069, 0.4799990000000065, 1.7027865294083988, 0.0, 0.5, 0.0, -0.0065611378756595855
'2016-07-29', 42.779999, 43.419998, 42.380001, 43.110001, 4887000.0, 42.731824, -0.2700000000000031, -0.17000200000000376, 1.737964895100406, 0.0, 0.1, 0.0, -0.002415455097758807
'2016-07-28', 43.049999, 43.049999, 42.48, 42.799999, 3061800.0, 42.424542, -0.5300030000000007, 0.45999899999999627, 1.7908180512830907, 0.0, 0.0, 0.0, -0.002953373222743042
'2016-07-27', 43.580002, 43.709999, 42.73, 43.099998, 4105600.0, 42.721909, 0.47000100000000344, 0.5400010000000037, 1.8451458293651426, 0.0, 0.0, 0.0, -0.004072974801607409
'2016-07-26', 43.110001, 43.560001, 42.830002, 43.130001, 2576800.0, 42.751649, 0.1599999999999966, -0.15999900000000622, 1.8596534386938084, 0.0, 0.0, 0.0, -0.002448519234937311
'2016-07-25', 42.950001, 43.34, 42.869999, 43.259998, 2348600.0, 42.880505, 0.3600009999999969, -0.14999699999999905, 1.8747592982037007, 0.0, 0.0, -0.1, -0.0018393503646251458
'2016-07-22', 42.59, 43.02, 42.330002, 42.93, 1841100.0, 42.553402, -0.4500009999999932, -0.16999799999999965, 1.8535556812189666, 0.0, 0.0, -0.5, -0.0009178424299344848
'2016-07-21', 43.040001, 43.169998, 42.639999, 42.720001, 2160800.0, 42.345245, -0.2299990000000065, 0.7000009999999932, 1.8230080746579354, 0.0, 0.0, -0.8, -0.0017038432844522161
'2016-07-20', 43.27, 43.279999, 42.98, 43.040001, 1737500.0, 42.662438, 0.17000200000000376, 1.1000020000000035, 1.750412753572177, -1.0, 0.0, -1.0, 0.0
'2016-07-19', 43.099998, 43.279999, 42.630001, 43.279999, 2744600.0, 42.90033, 0.3399999999999963, 0.6899980000000028, 1.6788949513433014, 0.0, 0.1, -0.8, 0.00394436213198905
'2016-07-18', 42.759998, 43.619999, 42.59, 43.369999, 5030000.0, 42.989541, 0.41999799999999965, 0.8599960000000024, 1.5781933814056364, 0.0, 0.5, -0.5, 0.005963540971166557
'2016-07-15', 42.34, 42.509998, 42.16, 42.299999, 2084800.0, 41.928928, 0.17000200000000376, 0.5499990000000068, 1.4750161318896216, 0.0, 0.8, -0.1, 0.0073216816249409514
'2016-07-14', 42.169998, 42.48, 42.02, 42.18, 1952500.0, 41.809982, -0.24000199999999694, 1.3999979999999965, 1.3871126998438028, 1.0, 1.0, 0.0, 0.006521235784739683
'2016-07-13', 42.41, 42.630001, 41.860001, 42.009998, 2105800.0, 41.641471, 0.509997999999996, 2.1799999999999997, 1.2975338430786474, 0.0, 0.8, 0.0, 0.004055647253006398
'2016-07-12', 41.900002, 42.639999, 41.900002, 42.59, 3779800.0, 42.216385, 0.11000100000000401, 1.970002000000001, 1.1755926991668992, 0.0, 0.5, 0.0, 0.005449474680216016
'2016-07-11', 41.790001, 42.240002, 41.610001, 41.98, 3540100.0, 41.611735, 1.0200009999999935, 1.1900029999999973, 1.0758645236072837, 0.0, 0.1, 0.0, 0.005059306616705501
'2016-07-08', 40.77, 41.68, 40.73, 41.560001, 4975200.0, 41.195422, 0.5400000000000063, -0.20999999999999375, 0.9744833284025718, 0.0, 0.0, 0.0, 0.00766494971792985
'2016-07-07', 40.23, 40.59, 40.110001, 40.57, 2645900.0, 40.214105, 0.29999999999999716, 0.32999799999999624, 0.9297655690197151, 0.0, 0.0, -0.1, 0.008396166487143388
'2016-07-06', 39.93, 40.080002, 39.189999, 40.02, 4786800.0, 39.66893, -0.6699979999999996, 0.869999, 0.9078120508130494, 0.0, 0.0, -0.5, 0.00836463811670424
'2016-07-05', 40.599998, 40.759998, 39.880001, 39.970001, 3336300.0, 39.619369, -0.3800019999999975, 2.779997999999999, 0.894753821314536, 0.0, 0.0, -0.8, 0.005978509027154507
'2016-07-01', 40.98, 41.299999, 40.619999, 40.73, 3983200.0, 40.372701, 1.0799979999999962, 2.9599999999999937, 0.8608627129940412, -1.0, 0.1, -1.0, 0.0
'2016-06-30', 39.900002, 40.740002, 39.700001, 40.740002, 4164600.0, 40.382615, 0.8400010000000009, 0.860001000000004, 0.8141566399390195, 0.0, 0.5, -0.8, 0.027067617690846136
'2016-06-29', 39.060001, 39.970001, 39.029999, 39.860001, 3783600.0, 39.510334, 1.2400009999999995, -1.5399969999999996, 0.8169208802985889, 0.0, 0.8, -0.5, 0.024577559534624656
'2016-06-28', 37.82, 38.82, 37.82, 38.540001, 2872700.0, 38.201914, -0.20000000000000284, -2.5400009999999966, 0.8483959801891698, 1.0, 1.0, -0.1, 0.027851225101357274
'2016-06-27', 38.02, 38.080002, 36.75, 37.41, 5156500.0, 37.081825, -1.0200009999999935, -1.4799999999999969, 0.8665050315049331, 0.0, 0.8, -0.5, 0.019463440294581757
'2016-06-24', 39.040001, 39.48, 38.259998, 38.48, 5180100.0, 38.142439, -1.5599970000000027, -0.18999900000000025, 0.8757156808393342, 0.0, 0.5, -0.8, 0.009938519212640391
'2016-06-23', 40.599998, 40.849998, 40.290001, 40.43, 2485800.0, 40.075333, 0.23999700000000246, 2.3499979999999994, 0.8764639165046832, -1.0, 0.1, -1.0, 0.0
'2016-06-22', 40.360001, 40.709999, 40.119999, 40.290001, 3126900.0, 39.936562, 0.8600009999999969, 2.1700019999999967, 0.8202019022446038, 0.0, 0.0, -0.8, 0.005946407186659943
'2016-06-21', 39.5, 40.459999, 39.48, 40.41, 5426300.0, 40.055508, 0.2700000000000031, 1.7999989999999997, 0.8337887609388417, 0.0, 0.0, -0.5, 0.013924025316455688
'2016-06-20', 39.23, 39.759998, 39.200001, 39.400002, 2447400.0, 39.05437, 0.9799999999999969, 1.5999989999999968, 0.8497760920783912, 0.0, 0.0, -0.1, 0.011640734132041827
'2016-06-17', 38.25, 38.849998, 38.049999, 38.84, 2908300.0, 38.499281, 0.06000099999999975, 0.5700000000000003, 0.859357682303925, 0.0, 0.1, 0.0, 0.015359464052287577
'2016-06-16', 38.189999, 38.439999, 37.869999, 38.290001, 2201600.0, 37.954107, 0.48999799999999993, -0.1400030000000001, 0.907047721200364, 0.0, 0.5, 0.0, 0.012621100094818012
'2016-06-15', 37.700001, 38.650002, 37.560001, 38.32, 3168600.0, 37.983842, 0.07000000000000028, -1.0799979999999962, 0.9541208382596946, 0.0, 0.8, 0.0, 0.012820499217847054
'2016-06-14', 37.630001, 38.110001, 37.09, 37.450001, 2304000.0, 37.121475, -0.04999899999999968, -1.610000999999997, 1.004373491774428, 1.0, 1.0, 0.0, 0.011275186671248974
'2016-06-13', 37.68, 38.110001, 37.540001, 37.799999, 2316400.0, 37.468404, -0.6500020000000006, -0.40000200000000063, 1.0083207616633951, 0.0, 0.8, 0.0, 0.009686829883227175
'2016-06-10', 38.330002, 38.389999, 37.529999, 37.849998, 3349600.0, 37.517964, -0.4499969999999962, -0.4799989999999994, 1.0418169945507618, 0.0, 0.5, 0.0, 0.0065802704048326865
'2016-06-09', 38.779999, 38.82, 37.98, 38.639999, 3928600.0, 38.301035, -0.4600030000000004, -0.7800020000000032, 1.1238913804284556, 0.0, 0.1, 0.0, 0.004693138336594601
'2016-06-08', 39.240002, 39.41, 38.939999, 39.220001, 1834000.0, 38.875949, 1.1599999999999966, -0.06999900000000281, 1.1964596571000554, 0.0, 0.0, 0.0, 0.003150764365404472
'2016-06-07', 38.080002, 39.259998, 38.009998, 39.150002, 2795200.0, 38.806563, -0.7299989999999994, -1.3299979999999962, 1.2124304918638593, 0.0, 0.0, 0.0, 0.0055146968392141
'2016-06-06', 38.810001, 38.91, 38.080002, 38.380001, 4065100.0, 38.043317, -0.75, -0.8400010000000009, 1.1996282026810732, 0.0, 0.0, 0.0, 0.003547850383283342
'2016-06-03', 39.560001, 39.689999, 38.700001, 38.799999, 4713000.0, 38.459631, 0.25, 0.17000199999999666, 1.199934495823777, 0.0, 0.0, 0.0, 0.0018777931780133163
'2016-06-02', 39.310001, 39.869999, 39.0, 39.77, 3804000.0, 39.421123, -0.09999899999999684, -0.48999799999999993, 1.2129681427533698, 0.0, 0.0, 0.0, 0.002187733345516831
'2016-06-01', 39.41, 39.810001, 38.880001, 39.34, 4196100.0, 38.994895, -0.24000200000000405, 0.1599999999999966, 1.2137838901464666, 0.0, 0.0, -0.1, 0.0018872081958893727
'2016-05-31', 39.650002, 39.869999, 38.880001, 39.419998, 4941800.0, 38.739155, 0.26000299999999754, 0.6400039999999976, 1.2156834908447345, 0.0, 0.0, -0.5, 0.0014093849893641556
'2016-05-27', 39.389999, 39.639999, 39.169998, 39.599998, 2664900.0, 38.916046, -0.4099999999999966, 0.32999800000000334, 1.2214231324707094, 0.0, 0.0, -0.8, 0.0017065795474294492
'2016-05-26', 39.799999, 40.060001, 39.169998, 39.330002, 2761100.0, 38.650713, 0.5499989999999997, 1.5799979999999962, 1.2321756152256798, -1.0, 0.0, -1.0, 0.0
'2016-05-25', 39.25, 39.610001, 39.009998, 39.509998, 2785100.0, 38.827601, 0.24000199999999694, 1.6599999999999966, 1.2317574537226046, 0.0, 0.0, -0.8, 0.01401271337579617
'2016-05-24', 39.009998, 39.57, 38.970001, 39.48, 2641200.0, 38.79812, -0.05000299999999669, 1.2799980000000062, 1.2348217533632022, 0.0, 0.0, -0.5, 0.010125622154607604
'2016-05-23', 39.060001, 39.48, 38.830002, 38.880001, 2836300.0, 38.208484, 0.8399999999999963, 1.5600009999999997, 1.233060574487982, 0.0, 0.0, -0.1, 0.0063150536017651405
'2016-05-20', 38.220001, 39.23, 38.009998, 39.130001, 4498800.0, 38.454167, 0.630001, 0.8100010000000069, 1.232785334652586, 0.0, 0.0, 0.0, 0.010334889839484803
'2016-05-19', 37.59, 38.209999, 37.509998, 38.099998, 3315100.0, 37.441954, -0.13999999999999346, -0.15000199999999353, 1.2134496998232531, 0.0, 0.1, 0.0, 0.011758441074753902
'2016-05-18', 37.73, 37.830002, 37.169998, 37.380001, 3191200.0, 36.734392, 0.22999999999999687, -0.6199980000000025, 1.1695850469295324, 0.0, 0.5, 0.0, 0.00914391288983127
'2016-05-17', 37.5, 38.209999, 37.099998, 37.880001, 4399500.0, 37.225756, 0.09000000000000341, -2.0700000000000003, 1.1072401230592561, 0.0, 0.8, 0.0, 0.008761900952380951
'2016-05-16', 37.41, 37.950001, 37.130001, 37.650002, 3503900.0, 36.999729, -0.33000200000000035, -3.139999000000003, 1.0193728825775714, 1.0, 1.0, 0.0, 0.00798582932371025
'2016-05-13', 37.740002, 38.02, 36.639999, 37.299999, 7712500.0, 36.655772, -0.6099960000000024, -2.1600000000000037, 0.9147589560832763, 0.0, 0.8, 0.0, 0.006064879264064582
'2016-05-12', 38.349998, 38.389999, 37.610001, 38.009998, 6428900.0, 37.353508, -1.220002000000001, -1.230004000000001, 0.8174987335369326, 0.0, 0.5, 0.0, 0.0037809676026580247
'2016-05-11', 39.57, 39.57, 38.16, 38.18, 6220500.0, 37.520574, -0.9799989999999994, -0.8399999999999963, 0.752951826141528, 0.0, 0.1, 0.0, 0.0005284053575941356
'2016-05-10', 40.549999, 40.73, 40.119999, 40.610001, 3700000.0, 39.908604, 0.649996999999999, -0.010002000000000066, 0.7504323972816349, 0.0, 0.0, 0.0, -0.001541307066370088
'2016-05-09', 39.900002, 40.84, 39.689999, 40.689999, 4148700.0, 39.987221, 0.3200000000000003, -1.1199980000000025, 0.780615710919431, 0.0, 0.0, 0.0, -0.0001927954404999412
'2016-05-06', 39.580002, 39.990002, 39.119999, 39.91, 2881500.0, 39.220694, -0.8299979999999962, -0.9099999999999966, 0.8200791635505249, 0.0, 0.0, 0.0, 0.00039702048091284534
'2016-05-05', 40.41, 40.529999, 39.419998, 39.619999, 3043300.0, 38.935701, -0.15000100000000316, -0.75, 0.8508621136762986, 0.0, 0.0, 0.0, -0.001006353212901092
'2016-05-04', 40.560001, 41.080002, 40.299999, 40.419998, 3039700.0, 39.721883, -0.4599990000000034, -1.1600000000000037, 0.8804071242459547, 0.0, 0.0, 0.0, -0.001171107589469734
'2016-05-03', 41.02, 41.290001, 40.43, 40.709999, 2724500.0, 40.006876, 0.5299980000000062, -0.6399999999999935, 0.8841620071513187, 0.0, 0.0, 0.0, -0.0017495066968767077
'2016-05-02', 40.490002, 41.470001, 40.34, 41.34, 3395000.0, 40.625996, -0.6699979999999996, -0.00999800000000306, 0.8684467565595233, 0.0, 0.0, 0.0, -0.0009467398890224764
'2016-04-29', 41.16, 41.16, 39.810001, 40.27, 4395700.0, 39.574476, -0.5600010000000069, 0.6799999999999997, 0.8603928209065796, 0.0, 0.0, 0.0, -0.0017390427599611234
'2016-04-28', 41.720001, 41.970001, 41.060001, 41.209999, 4063800.0, 40.49824, 0.060001000000006854, 1.4400020000000069, 0.8369532683096897, 0.0, 0.0, 0.0, -0.0023010569918251005
'2016-04-27', 41.66, 42.130001, 41.18, 42.0, 4705100.0, 41.274596, 1.1599999999999966, 1.110000999999997, 0.7678451471494353, 0.0, 0.0, 0.0, -0.00212605559746702
'2016-04-26', 40.5, 42.0, 39.060001, 41.860001, 10676300.0, 41.137015, 0.020000000000003126, 0.5099980000000031, 0.6799114153090863, 0.0, 0.0, -0.1, -0.0007856352413019083
'2016-04-25', 40.48, 40.48, 39.91, 40.189999, 6961000.0, 39.495856, 0.20000100000000032, 0.4199989999999971, 0.6577432705520558, 0.0, 0.0, -0.5, -0.0007303671163430113
'2016-04-22', 40.279999, 40.689999, 39.970001, 40.279999, 3533100.0, 39.584302, -0.2700000000000031, 1.2999989999999997, 0.6344905124594548, 0.0, 0.0, -0.8, -0.0004965243420189725
'2016-04-21', 40.549999, 40.709999, 39.669998, 39.990002, 3400300.0, 39.299314, 0.5599970000000027, 1.8599999999999994, 0.6343224422614772, -1.0, 0.0, -1.0, 0.0
'2016-04-20', 39.990002, 40.68, 39.759998, 40.490002, 4696200.0, 39.790678, -0.06999900000000281, 0.5200009999999935, 0.6119647250191753, 0.0, 0.1, -0.8, 0.01400342515611784
'2016-04-19', 40.060001, 40.580002, 39.549999, 40.07, 4729900.0, 39.37793, 1.0800010000000029, 1.0600009999999997, 0.6084774376360907, 0.0, 0.5, -0.5, 0.006115801145386891
'2016-04-18', 38.98, 39.669998, 38.759998, 39.639999, 2492200.0, 38.955356, 0.2900009999999966, -0.15999900000000622, 0.6077144095899912, 0.0, 0.8, -0.1, 0.013425679835813262
'2016-04-15', 38.689999, 39.41, 38.599998, 38.98, 2478000.0, 38.306756, -0.7800020000000032, -0.3900030000000001, 0.6109869680380394, 1.0, 1.0, 0.0, 0.012018609770447393
'2016-04-14', 39.470001, 39.689999, 38.669998, 38.720001, 2633300.0, 38.051248, 0.47000100000000344, -0.869999, 0.6055779635843398, 0.0, 0.8, 0.0, 0.005472500494742811
'2016-04-13', 39.0, 39.5, 38.41, 39.450001, 2866600.0, 38.768639, -0.1399990000000031, -1.860000999999997, 0.6150487810112151, 0.0, 0.5, 0.0, 0.006623927350427349
'2016-04-12', 39.139999, 39.459999, 38.459999, 39.009998, 3450900.0, 38.336236, 0.05999700000000274, -0.6700019999999967, 0.6150487810112151, 0.0, 0.1, 0.0, 0.005146361179737662
'2016-04-11', 39.080002, 39.580002, 38.669998, 39.310001, 4636900.0, 38.631058, -1.259998000000003, -0.7799989999999966, 0.6234332062601374, 0.0, 0.0, 0.0, 0.004701883715359071
'2016-04-08', 40.34, 40.34, 38.799999, 38.970001, 5455600.0, 38.29693, -0.5200009999999935, -0.27999899999999656, 0.6258720057655768, 0.0, 0.0, 0.0, 0.0005784140362474419
'2016-04-07', 40.860001, 41.450001, 39.869999, 40.310001, 7258300.0, 39.613786, 1.0499999999999972, 1.3200000000000003, 0.6348496696077514, 0.0, 0.0, -0.1, -0.000758693079816609
'2016-04-06', 39.810001, 40.419998, 39.540001, 40.299999, 2492800.0, 39.603957, -0.04999999999999716, -0.5099990000000005, 0.69819173177012, 0.0, 0.0, -0.5, 0.0016898403357122611
'2016-04-05', 39.860001, 40.07, 39.689999, 39.709999, 1940200.0, 39.024147, -0.7599980000000031, 0.1800009999999972, 0.8472219310723206, 0.0, 0.0, -0.8, 0.0014425447037327865
'2016-04-04', 40.619999, 40.889999, 39.990002, 40.150002, 2423500.0, 39.45655, 1.0799980000000033, 1.759998000000003, 0.9616892886310329, -1.0, 0.0, -1.0, 0.0
'2016-04-01', 39.540001, 40.630001, 39.540001, 40.52, 2601600.0, 39.820159, -0.7799990000000037, 0.8600009999999969, 1.024379376186631, 0.0, 0.0, -0.8, 0.027314061018865514
'2016-03-31', 40.32, 40.860001, 39.84, 40.09, 3337600.0, 39.397585, 0.6400000000000006, 1.610000999999997, 1.1427873883530681, 0.0, 0.1, -0.5, 0.0037202256944444405
'2016-03-30', 39.68, 40.529999, 39.580002, 40.32, 4354500.0, 39.623612, 0.8199990000000028, 1.0, 1.1805046491512592, 0.0, 0.5, -0.1, 0.007896496975806454
'2016-03-29', 38.860001, 39.560001, 38.790001, 39.41, 2984000.0, 38.729329, 0.1800009999999972, -0.30999700000000274, 1.3185421442727248, 0.0, 0.8, 0.0, 0.011322683702452834
'2016-03-28', 38.68, 39.25, 38.439999, 38.93, 1866500.0, 38.25762, -0.02999900000000366, -0.5200010000000006, 1.5131323131177496, 1.0, 1.0, 0.0, 0.010031018614270942
'2016-03-24', 38.709999, 38.709999, 38.060001, 38.68, 1809800.0, 38.011938, 0.02999900000000366, -1.0699999999999932, 1.741599683656432, 0.0, 0.8, 0.0, 0.008223542794029334
'2016-03-23', 38.68, 39.32, 38.5, 38.75, 2033400.0, 38.080729, -0.48999799999999993, -0.29000100000000373, 1.8514608696560926, 0.0, 0.5, 0.0, 0.007165013295907816
'2016-03-22', 39.169998, 39.299999, 38.700001, 38.860001, 2666700.0, 38.188829, -0.030003000000000668, 0.30999700000000274, 1.960291613595897, 0.0, 0.1, 0.0, 0.004627269192099526
'2016-03-21', 39.200001, 39.57, 39.040001, 39.41, 2204200.0, 38.729329, -0.5799979999999962, 0.1800009999999972, 2.0025784061223617, 0.0, 0.0, 0.0, 0.004024937539046377
'2016-03-18', 39.779999, 39.779999, 39.029999, 39.27, 3384000.0, 38.591748, 0.8099979999999931, 0.23999799999999993, 1.991373044755509, 0.0, 0.0, 0.0, 0.0021116139294020684
'2016-03-17', 38.970001, 39.939999, 38.860001, 39.720001, 3241800.0, 39.033976, 0.11000000000000654, -0.4300009999999972, 1.9517510024593587, 0.0, 0.0, -0.1, 0.0038491099392534748
'2016-03-16', 38.860001, 39.16, 38.41, 39.009998, 1393600.0, 38.336236, -0.15999900000000622, 0.1800009999999972, 1.9234447863840323, 0.0, 0.0, -0.5, 0.0037742279008176113
'2016-03-15', 39.02, 39.150002, 38.48, 38.860001, 2902400.0, 38.188829, -0.5200009999999935, 0.26000200000000007, 1.8966138734073479, 0.0, 0.0, -0.8, 0.0031541990300831854
'2016-03-14', 39.540001, 39.950001, 39.23, 39.400002, 3383300.0, 38.719504, 0.139998999999996, 0.6700019999999967, 1.8619227192344108, -1.0, 0.0, -1.0, 0.0
'2016-03-11', 39.400002, 39.810001, 39.189999, 39.66, 3655700.0, 38.975011, 0.7200020000000009, 0.7800030000000007, 1.8052311652900843, 0.0, 0.0, -0.8, 0.00355327393130579
'2016-03-10', 38.68, 39.560001, 38.630001, 39.09, 4345600.0, 38.414856, -0.07999800000000334, -0.15000200000000063, 1.7813694911877758, 0.0, 0.1, -0.5, 0.011116869183040291
'2016-03-09', 38.759998, 39.009998, 38.189999, 38.810001, 3375900.0, 38.139694, -0.1100009999999969, -0.12000299999999697, 1.8423773290088616, 0.0, 0.5, -0.1, 0.006707972482351465
'2016-03-08', 38.869999, 39.25, 38.400002, 38.459999, 2809800.0, 37.795736, 0.25, 0.18999900000000025, 1.915019275110751, 0.0, 0.8, 0.0, 0.004309248888840958
'2016-03-07', 38.619999, 39.209999, 38.43, 39.189999, 3252300.0, 38.513128, -0.21000300000000038, -0.38000100000000003, 2.004234111297918, 1.0, 1.0, 0.0, 0.004764381273029016
'2016-03-04', 38.830002, 39.400002, 38.349998, 38.779999, 2830900.0, 38.110209, -0.04999899999999968, 0.13000100000000003, 2.01696733197285, 0.0, 0.8, -0.1, 0.0030474674368202725
'2016-03-03', 38.880001, 39.09, 38.52, 38.790001, 2153300.0, 38.120039, 0.20000100000000032, -0.029998999999996556, 2.089220650833168, 0.0, 0.5, -0.5, 0.002425044029338214
'2016-03-02', 38.68, 39.060001, 38.34, 38.869999, 2858600.0, 38.198655, -0.3200000000000003, 0.7200009999999963, 2.181894216012263, 0.0, 0.1, -0.8, 0.0027792172957600727
'2016-03-01', 39.0, 39.540001, 38.93, 39.330002, 3888700.0, 38.318551, 0.2999989999999997, 2.25, 2.195894178507038, -1.0, 0.0, -1.0, 0.0
'2016-02-29', 38.700001, 39.220001, 38.490002, 38.939999, 4850000.0, 37.938578, -0.20999899999999627, 2.4700010000000034, 2.2105543661868614, 0.0, 0.0, -0.8, 0.007751911944395032
'2016-02-26', 38.91, 38.990002, 38.290001, 38.57, 3379300.0, 37.578094, 0.9500009999999932, 2.729999999999997, 2.1738508013970104, 0.0, 0.0, -0.5, 0.001156515034695495
'2016-02-25', 37.959999, 39.049999, 37.73, 38.900002, 6923700.0, 37.899609, 1.2099990000000034, 1.9399990000000003, 2.0533862923313833, 0.0, 0.0, -0.1, 0.00913242911307766
'2016-02-24', 36.75, 38.009998, 36.740002, 37.889999, 6786400.0, 36.915582, 0.5200000000000031, 1.0999979999999994, 1.9600321696569114, 0.0, 0.0, 0.0, 0.015306122448979591
'2016-02-23', 36.23, 38.400002, 36.18, 36.950001, 4919200.0, 35.999757, 0.04999999999999716, 0.25999899999999343, 1.9501238612688117, 0.0, 0.0, 0.0, 0.01529119514214741
'2016-02-22', 36.18, 36.540001, 36.02, 36.18, 4144800.0, 35.249559, 0.1599999999999966, 1.389999000000003, 1.9218488994545173, 0.0, 0.0, 0.0, 0.01299060254284135
'2016-02-19', 36.02, 36.419998, 35.189999, 35.82, 3352300.0, 34.898816, 0.3699980000000025, 2.020000000000003, 1.9110860933979636, 0.0, 0.0, 0.0, 0.0118188308082811
'2016-02-18', 35.650002, 36.560001, 35.459999, 36.310001, 3778800.0, 35.376216, -0.3199990000000028, 2.470002000000001, 1.8743912043947604, 0.0, 0.0, 0.0, 0.011746135385911056
'2016-02-17', 35.970001, 36.18, 35.5, 35.970001, 3935700.0, 35.04496, 1.1800000000000068, 1.7400010000000066, 1.8435846703278433, 0.0, 0.1, 0.0, 0.00935964821228543
'2016-02-16', 34.790001, 35.669998, 34.759998, 35.580002, 4501600.0, 34.66499, 0.7900009999999966, 0.8300019999999932, 1.8135815811999871, 0.0, 0.5, 0.0, 0.012101175277344786
'2016-02-12', 34.0, 34.639999, 33.619999, 34.529999, 4672100.0, 33.64199, 0.8200000000000003, -0.6799999999999997, 1.8099182759392638, 0.0, 0.8, 0.0, 0.013368983957219251
'2016-02-11', 33.18, 33.860001, 32.950001, 33.630001, 4983800.0, 32.765138, -1.0499999999999972, -2.739998, 1.8113542375928644, 1.0, 1.0, 0.0, 0.014617239300783607
'2016-02-10', 34.23, 34.330002, 33.490002, 33.650002, 3777900.0, 32.784624, 0.2700009999999935, -1.6700020000000038, 1.8144921936089766, 0.0, 0.8, 0.0, 0.010719342007685574
'2016-02-09', 33.959999, 34.73, 33.549999, 34.049999, 3612300.0, 33.174335, -0.7200009999999963, -3.389998999999996, 1.8171816016754945, 0.0, 0.5, 0.0, 0.010600709129248537
'2016-02-08', 34.68, 34.779999, 33.77, 34.43, 5793100.0, 33.544563, -1.239998, -2.6400000000000006, 1.8161697288161458, 0.0, 0.1, -0.1, 0.008304498269896194
'2016-02-05', 35.919998, 35.919998, 34.740002, 35.049999, 6189500.0, 34.148618, 0.019995999999999015, -0.880001, 1.8016663908113586, 0.0, 0.0, -0.5, 0.005359135181466325
'2016-02-04', 35.900002, 36.279999, 35.439999, 36.09, 5336400.0, 35.161873, -1.4499959999999987, -0.2999989999999997, 1.7422636181324704, 0.0, 0.0, -0.8, 0.005079465553495282
'2016-02-03', 37.349998, 37.52, 35.34, 36.419998, 9979400.0, 35.483384, 0.02999799999999908, 2.5899999999999963, 1.6848353364847999, -1.0, 0.0, -1.0, 0.0
'2016-02-02', 37.32, 37.77, 36.73, 37.150002, 5272200.0, 36.194614, 0.5200010000000006, 3.970002000000001, 1.5001459859483222, 0.0, 0.0, -0.8, 0.0008038049303322369
'2016-02-01', 36.799999, 37.490002, 36.5, 37.209999, 5928600.0, 36.253069, 0.5999979999999994, 4.029998999999997, 1.2719037585364275, 0.0, 0.0, -0.5, 0.007472812703065559
'2016-01-29', 36.200001, 37.07, 36.02, 37.049999, 12055500.0, 36.097184, 1.4400029999999973, 4.140000000000001, 1.0430482490390987, 0.0, 0.0, -0.1, 0.01058929068353708
'2016-01-28', 34.759998, 35.889999, 34.529999, 35.82, 8616600.0, 34.898816, 1.4100000000000037, 1.5999980000000065, 0.8264235980423396, 0.0, 0.0, 0.0, 0.01862773409825855
'2016-01-27', 33.349998, 35.27, 33.27, 34.189999, 11581000.0, 33.310734, 0.5799979999999962, 1.769998000000001, 0.7688011922908501, 0.0, 0.0, 0.0, 0.023988007435562664
'2016-01-26', 32.77, 33.959999, 32.099998, 33.330002, 16514500.0, 32.472854, 0.7099990000000034, 1.9899990000000045, 0.8076430773972769, 0.0, 0.0, 0.0, 0.023293652731156526
'2016-01-25', 32.060001, 32.169998, 30.18, 30.35, 10744500.0, 29.569489, -1.0999989999999968, 0.38000100000000003, 0.8694034135358244, 0.0, 0.0, 0.0, 0.023571860061478385
'2016-01-22', 33.16, 33.439999, 31.879999, 32.43, 5162600.0, 31.595997, 1.5799999999999983, 2.280000999999995, 0.9104748248889877, 0.0, 0.0, 0.0, 0.01579462454764778
'2016-01-21', 31.58, 32.959999, 31.42, 32.470001, 4915300.0, 31.63497, 0.7999989999999997, -0.010000000000001563, 0.9301508275549131, 0.0, 0.0, 0.0, 0.02030116810921118
'2016-01-20', 30.780001, 31.610001, 30.059999, 31.459999, 8553300.0, 30.650942, -0.8999990000000011, -1.9499989999999983, 0.9753455694385279, 0.0, 0.0, 0.0, 0.021345018799706995
'2016-01-19', 31.68, 32.150002, 30.790001, 31.16, 4374200.0, 30.358658, 0.8000009999999982, -1.5299990000000037, 1.0297807268545787, 0.0, 0.0, 0.0, 0.016270655417814507
'2016-01-15', 30.879999, 31.639999, 30.360001, 31.43, 5791900.0, 30.621714, -0.7100009999999983, -1.100000999999999, 1.046324943483954, 0.0, 0.0, 0.0, 0.017460058315848168
'2016-01-14', 31.59, 32.150002, 30.49, 31.76, 4181100.0, 30.943228, -1.139999999999997, -1.4199980000000032, 1.0389071873854419, 0.0, 0.0, 0.0, 0.014025855309615991
'2016-01-13', 32.73, 32.950001, 31.389999, 31.52, 4696600.0, 30.7094, -0.4799990000000065, 0.6300019999999975, 1.034884983497102, 0.0, 0.0, 0.0, 0.010082488760857235
'2016-01-12', 33.209999, 33.470001, 31.84, 32.59, 3718100.0, 31.751882, 1.229999000000003, 0.0, 1.0315031882112788, 0.0, 0.1, 0.0, 0.008310748016985278
'2016-01-11', 31.98, 32.889999, 31.98, 32.77, 4162200.0, 31.927254, -1.0299980000000026, -1.8399999999999999, 1.0111916854226453, 0.0, 0.5, 0.0, 0.010494836616635394
'2016-01-08', 33.009998, 33.25, 31.870001, 31.950001, 4760000.0, 31.128342, 0.9100000000000037, 0.6600000000000037, 1.0118011813928118, 0.0, 0.8, 0.0, 0.007733842263397247
'2016-01-07', 32.099998, 33.27, 32.099998, 32.889999, 5203300.0, 32.044167, -1.110001000000004, -0.5100029999999975, 1.0092524734349244, 1.0, 1.0, 0.0, 0.009086189558848778
'2016-01-06', 33.209999, 33.470001, 32.369999, 32.790001, 4493500.0, 31.94674, -0.6100009999999969, 0.25, 1.0409015218021263, 0.0, 0.8, 0.0, 0.006561116855514693
'2016-01-05', 33.82, 34.189999, 33.310001, 33.970001, 5592000.0, 33.096394, 1.470002000000001, 0.9700020000000009, 1.076118560238593, 0.0, 0.5, 0.0, 0.005218802483737432
'2016-01-04', 32.349998, 33.66, 32.080002, 33.639999, 6508900.0, 32.774879, -0.26000299999999754, -0.24000200000000405, 1.0919077870615188, 0.0, 0.1, 0.0, 0.007359976903097122
'2015-12-31', 32.610001, 32.900002, 32.490002, 32.73, 2582000.0, 31.888281, -0.34999800000000647, -0.47000100000000344, 1.1849762839825206, 0.0, 0.0, 0.0, 0.006607004062677251
'2015-12-30', 32.959999, 33.02, 32.610001, 32.669998, 1398400.0, 31.829823, 0.11000100000000401, -0.3399999999999963, 1.2358252549526505, 0.0, 0.0, 0.0, 0.0057909444032182835
'2015-12-29', 32.849998, 33.23, 32.830002, 33.0, 3378900.0, 32.151338, 0.25999799999999595, 0.06999900000000281, 1.2673689223570928, 0.0, 0.0, 0.0, 0.005707762904582216
'2015-12-28', 32.59, 33.049999, 32.389999, 32.619999, 2685400.0, 31.78111, -0.49000199999999694, 0.47000100000000344, 1.2767313135158902, 0.0, 0.0, 0.0, 0.005842280454127027
'2015-12-24', 33.080002, 33.220001, 32.549999, 32.650002, 2726400.0, 31.810341, -0.21999699999999933, 0.75, 1.2687383308892206, 0.0, 0.0, 0.0, 0.004964649499858414
'2015-12-23', 33.299999, 33.450001, 32.389999, 33.279999, 3865900.0, 32.424136, 0.5200000000000031, -0.14000000000000057, 1.2169706920604602, 0.0, 0.0, 0.0, 0.004504503527551546
'2015-12-22', 32.779999, 33.189999, 32.610001, 33.029999, 4475700.0, 32.180566, 0.6599999999999966, 0.34999899999999684, 1.1463921747041796, 0.0, 0.0, -0.1, 0.0049790803837425415
'2015-12-21', 32.119999, 32.720001, 31.870001, 32.700001, 4689000.0, 31.859054, -0.21000300000000038, 0.11999899999999997, 1.112585158129321, 0.0, 0.0, -0.5, 0.005614719760839602
'2015-12-18', 32.330002, 32.639999, 31.629999, 31.99, 7342800.0, 31.167312, -1.109997, 1.3100020000000008, 1.1277864414864762, 0.0, 0.0, -0.8, 0.005175786874371364
'2015-12-17', 33.439999, 33.450001, 32.52, 32.639999, 5771200.0, 31.800596, 1.0099990000000005, 2.6699990000000007, 1.1327974999386652, -1.0, 0.0, -1.0, 0.0
'2015-12-16', 32.43, 33.439999, 32.41, 33.330002, 6851500.0, 32.472854, 0.4299999999999997, 1.9100000000000001, 1.0792160748743795, 0.0, 0.1, -0.8, 0.03114397163120569
'2015-12-15', 32.0, 32.599998, 31.809999, 32.34, 7191300.0, 31.508312, 0.9800000000000004, 1.2199990000000014, 1.0608288368800027, 0.0, 0.5, -0.5, 0.022499984375000004
'2015-12-14', 31.02, 31.280001, 30.299999, 31.09, 6159700.0, 30.290458, 0.25, 0.21000099999999833, 1.0433616791253597, 0.0, 0.8, -0.1, 0.026004717386632285
'2015-12-11', 30.77, 30.99, 30.280001, 30.379999, 3293100.0, 29.598716, 0.25, 0.31999899999999926, 1.0431640069415933, 1.0, 1.0, -0.1, 0.02169319954501138
'2015-12-10', 30.52, 31.26, 30.07, 31.120001, 3980900.0, 30.319687, -0.26000099999999904, 0.6499990000000011, 1.0430353843793265, 0.0, 0.8, -0.5, 0.01913498689384011
'2015-12-09', 30.780001, 31.639999, 30.209999, 30.51, 4905000.0, 29.725374, -0.029998000000002634, -0.2199990000000014, 1.0465066607106759, 0.0, 0.3, -0.8, 0.014403280883584127
'2015-12-08', 30.809999, 31.360001, 30.610001, 31.219999, 4637500.0, 30.417114, 0.35999800000000093, -0.2800009999999986, 1.0772942809653725, -1.0, 0.3, -1.0, 0.0
'2015-12-07', 30.450001, 31.15, 30.07, 31.07, 4114000.0, 30.270972, 0.5800000000000018, -1.5499989999999997, 1.0830575341240598, 0.0, 0.8, -0.8, 0.011822594028814677
'2015-12-04', 29.870001, 30.719999, 29.709999, 30.58, 5403400.0, 29.793573, -1.1299990000000015, -1.769998000000001, 1.0848309092514368, 1.0, 1.0, -0.5, 0.015734817015908415
'2015-12-03', 31.0, 31.02, 29.66, 29.870001, 6689300.0, 29.101833, -0.08999999999999986, -1.3499979999999994, 1.071877874324898, 0.0, 0.8, -0.1, -0.0020430215053763305
'2015-12-02', 31.09, 31.559999, 30.77, 30.879999, 4059700.0, 30.085858, -0.9100000000000001, -1.1600000000000001, 1.0738302572052587, 0.0, 0.5, -0.1, -0.002251535863621732
'2015-12-01', 32.0, 32.200001, 31.360001, 31.57, 4616500.0, 30.428805, 0.36000100000000046, 0.8899989999999995, 1.082834874166774, 0.0, 0.1, -0.5, -0.007437506249999992
'2015-11-30', 31.639999, 32.27, 31.18, 31.77, 6319800.0, 30.621576, -0.7099989999999998, 1.0799999999999983, 1.0784412489950592, 0.0, 0.0, -0.8, -0.004372102961613022
'2015-11-27', 32.349998, 32.560001, 31.75, 31.82, 2221500.0, 30.669768, 0.09999799999999937, 2.469998999999998, 1.084902204031208, -1.0, 0.0, -1.0, 0.0
'2015-11-25', 32.25, 32.59, 31.98, 32.389999, 4211400.0, 31.219163, 1.1399989999999995, 2.7999989999999997, 1.0472336588049005, 0.0, 0.0, -0.8, 0.0031007131782945538
'2015-11-24', 31.110001, 32.32, 31.040001, 32.169998, 6860900.0, 31.007115, 0.5500019999999992, 2.1100010000000005, 1.0108237594163314, 0.0, 0.0, -0.5, 0.019929234332072165
'2015-11-23', 30.559999, 31.59, 30.389999, 31.549999, 5379300.0, 30.409528, 0.6799999999999997, 1.2600000000000016, 1.008283570265445, 0.0, 0.1, -0.1, 0.019524422541156914
'2015-11-20', 29.879999, 30.559999, 29.709999, 30.549999, 4094900.0, 29.445676, 0.4299980000000012, 0.6799980000000012, 1.0157804734403768, 0.0, 0.5, 0.0, 0.020665989647456126
'2015-11-19', 29.450001, 30.129999, 29.33, 29.66, 3044700.0, 28.587848, 0.4500010000000003, -0.03999899999999812, 1.009526246745059, 0.0, 0.8, 0.0, 0.019694376241277543
'2015-11-18', 29.0, 29.629999, 28.75, 29.59, 4459200.0, 28.520379, -0.2999989999999997, -1.0, 0.9850135148990761, 1.0, 1.0, 0.0, 0.019252862068965513
'2015-11-17', 29.299999, 29.5, 28.700001, 28.93, 4357300.0, 27.884237, 0.09999799999999937, -2.0100000000000016, 0.9295031284870243, 0.0, 0.8, 0.0, 0.014870790366141065
'2015-11-16', 29.200001, 29.82, 28.940001, 29.379999, 3438800.0, 28.317969, -0.2899989999999981, -1.4499989999999983, 0.8904333057315666, 0.0, 0.5, 0.0, 0.013484575736829594
'2015-11-13', 29.49, 29.610001, 28.74, 29.23, 6141800.0, 28.173391, -0.5100000000000016, -2.4699990000000014, 0.8676612401164768, 0.0, 0.1, 0.0, 0.010775773331826236
'2015-11-12', 30.0, 30.91, 29.92, 30.02, 4898200.0, 28.934835, -1.3099990000000012, -2.5, 0.9728791922264185, 0.0, 0.0, 0.0, 0.007833326666666664
'2015-11-11', 31.309999, 31.309999, 29.82, 30.24, 6116600.0, 29.146882, 0.6599990000000027, -1.140001999999999, 1.0253055108602989, 0.0, 0.0, 0.0, 0.0030196539973177086
'2015-11-10', 30.65, 31.459999, 30.32, 31.370001, 5436300.0, 30.236036, -1.3099990000000012, -1.9200000000000017, 1.1341829918200288, 0.0, 0.0, 0.0, 0.004622071778140296
'2015-11-09', 31.959999, 32.049999, 30.67, 30.879999, 5239900.0, 29.763747, -0.5400010000000002, 0.0, 1.2752283228245307, 0.0, 0.0, 0.0, 0.0009386709641925533
'2015-11-06', 32.5, 32.709999, 31.889999, 32.060001, 3767400.0, 30.901094, 0.04999899999999968, 1.3200000000000003, 1.3192115373293074, 0.0, 0.0, 0.0, -0.0003296747252747267
'2015-11-05', 32.450001, 32.959999, 32.23, 32.720001, 4360300.0, 31.537236, -0.11999899999999997, 1.5899999999999999, 1.2875787666091556, 0.0, 0.0, 0.0, -0.00020545043023779044
'2015-11-04', 32.57, 32.720001, 31.879999, 32.279999, 3008700.0, 31.113139, 0.6100010000000005, 1.5700000000000003, 1.2787274660642762, 0.0, 0.0, 0.0, -0.0004221714768191605
'2015-11-03', 31.959999, 32.82, 31.809999, 32.549999, 4279400.0, 31.37338, 0.7799990000000001, 0.41999799999999965, 1.2199558426072679, 0.0, 0.0, 0.0, 0.0007178072079119526
'2015-11-02', 31.18, 31.84, 30.780001, 31.74, 3401100.0, 30.59266, 0.31999899999999926, -1.2000010000000003, 1.1877621714432605, 0.0, 0.0, 0.0, 0.002084666096500605
'2015-10-30', 30.860001, 31.379999, 30.85, 31.200001, 3276000.0, 30.072181, -0.13999899999999954, 0.510000999999999, 1.1749043848380212, 0.0, 0.0, -0.1, 0.002541182507960452
'2015-10-29', 31.0, 31.25, 30.629999, 30.860001, 2905700.0, 29.744471, -0.5400010000000002, 0.6499999999999986, 1.166730026317832, 0.0, 0.1, -0.5, 0.002177416129032257
'2015-10-28', 31.540001, 31.67, 30.4, 31.0, 6927000.0, 29.87941, -0.8399999999999999, 1.1900009999999988, 1.1489786560537862, 0.0, 0.5, -0.8, 0.001222932292053056
'2015-10-27', 32.380001, 33.080002, 31.33, 31.65, 11331400.0, 30.505913, 2.0300009999999986, 1.7500019999999985, 1.1078009489677263, -1.0, 0.8, -1.0, -4.2117748151791526e-05
'2015-10-26', 30.35, 30.639999, 29.950001, 30.32, 4315500.0, 29.22399, 0.0, 0.15999900000000267, 1.0051381738184504, 1.0, 1.0, -0.8, 0.00286512140964114
'2015-10-23', 30.35, 30.35, 29.530001, 30.129999, 5600700.0, 29.040858, 0.0, 0.38000100000000003, 0.9995492136404849, 0.0, 0.8, -0.5, 0.0027457413509060923
'2015-10-22', 30.35, 30.43, 29.93, 30.15, 4117400.0, 29.060135, -0.2799990000000001, 0.5200000000000031, 0.9917049020978499, 0.0, 0.5, -0.8, 0.002635911696869849
'2015-10-21', 30.629999, 30.93, 30.030001, 30.059999, 4909500.0, 28.973388, 0.4399980000000028, -0.24000199999999694, 0.9855380633274029, -1.0, 0.1, -1.0, 0.0
'2015-10-20', 30.190001, 30.360001, 29.93, 30.059999, 2853700.0, 28.973388, 0.22000199999999737, -0.6499990000000011, 0.9751189962714061, 0.0, 0.5, -0.8, 0.014574295641792221
'2015-10-19', 29.969999, 30.32, 29.91, 30.17, 3543500.0, 29.079413, 0.1399990000000031, -0.7399999999999984, 0.9690284443367825, 0.0, 0.8, -0.5, 0.011011011378412127
'2015-10-16', 29.83, 29.889999, 28.85, 29.690001, 7789500.0, 28.616764, -1.0400010000000002, -1.5900000000000034, 0.9661116466079592, 1.0, 1.0, -0.1, 0.0089395351435915
'2015-10-15', 30.870001, 30.93, 29.82, 29.860001, 4512200.0, 28.780619, 0.030000999999998612, -0.5299990000000001, 0.9647212872122504, 0.0, 0.8, -0.1, -0.0019436507306883222
'2015-10-14', 30.84, 30.950001, 30.370001, 30.77, 2496200.0, 29.657724, 0.13000100000000003, 0.6399989999999995, 0.9366728707863217, 0.0, 0.5, -0.5, -0.001361874189364451
'2015-10-13', 30.709999, 31.25, 30.540001, 30.799999, 2513900.0, 29.686639, -0.7100010000000019, 0.30999900000000125, 0.9038932785827591, 0.0, 0.1, -0.8, -0.0004341691230056064
'2015-10-12', 31.42, 31.57, 30.76, 30.83, 2081600.0, 29.715555, 0.020000000000003126, 1.139999000000003, 0.8788644540923807, -1.0, 0.0, -1.0, 0.0
'2015-10-09', 31.4, 31.6, 30.93, 31.280001, 2500600.0, 30.149289, 1.1999989999999983, 1.7999999999999972, 0.8017273210044085, 0.0, 0.0, -0.8, 0.0006369426751593353
'2015-10-08', 30.200001, 31.879999, 30.09, 31.450001, 4466500.0, 30.313144, -0.19999899999999826, 2.100000999999999, 0.7129563029156332, 0.0, 0.0, -0.5, 0.02019865827156763
'2015-10-07', 30.4, 30.940001, 29.98, 30.35, 3621700.0, 29.252906, 0.11999899999999997, 1.520000999999997, 0.6963427965851144, 0.0, 0.0, -0.1, 0.011184210526315826
'2015-10-06', 30.280001, 30.799999, 30.08, 30.41, 4075800.0, 29.310737, 0.6800009999999972, 2.2200019999999974, 0.6659616833158691, 0.0, 0.0, 0.0, 0.009412144669347956
'2015-10-05', 29.6, 30.68, 29.59, 30.309999, 5369600.0, 29.214351, 1.5, 2.130001, 0.6450178000648212, 0.0, 0.0, 0.0, 0.0122972972972973
'2015-10-02', 28.1, 29.389999, 27.93, 29.35, 3642700.0, 28.289054, -0.7799990000000001, -0.11999899999999997, 0.7144949837942637, 0.0, 0.1, 0.0, 0.019691577698695135
'2015-10-01', 28.879999, 29.01, 28.139999, 28.450001, 4173200.0, 27.421588, 0.8200000000000003, -0.20000099999999676, 0.8175890269977912, 0.0, 0.5, 0.0, 0.012564310882222873
'2015-09-30', 28.059999, 28.969999, 27.99, 28.93, 4848100.0, 27.884237, 0.5899999999999999, -0.26000099999999904, 0.9709655957176286, 0.0, 0.8, 0.0, 0.014967930861294757
'2015-09-29', 27.469999, 27.82, 27.219999, 27.74, 3145300.0, 26.737252, -0.75, -1.5500009999999982, 1.0885648876697243, 1.0, 1.0, 0.0, 0.01597703006833018
'2015-09-28', 28.219999, 28.59, 27.42, 27.440001, 2431300.0, 26.448097, -0.8600009999999969, -0.7200019999999974, 1.0814330123809637, 0.0, 0.8, 0.0, 0.011339479494666177
'2015-09-25', 29.08, 29.16, 28.290001, 28.48, 2292800.0, 27.450502, 0.759999999999998, -0.18000000000000327, 1.0884598276466901, 0.0, 0.5, 0.0, 0.007315243216206088
'2015-09-24', 28.32, 28.940001, 28.15, 28.73, 3676700.0, 27.691465, -0.6999999999999993, -1.0599990000000012, 1.1017529376813928, 0.0, 0.1, 0.0, 0.00912193973634652
'2015-09-23', 29.02, 29.120001, 28.35, 28.4, 1720100.0, 27.373394, 0.07999900000000082, -0.9699999999999989, 1.1230837694494251, 0.0, 0.0, 0.0, 0.006361660393362673
'2015-09-22', 28.940001, 29.030001, 28.549999, 28.92, 1947300.0, 27.874598, -0.3199990000000028, -0.5399990000000017, 1.176464739406763, 0.0, 0.0, -0.1, 0.006121035922365238
'2015-09-21', 29.26, 29.709999, 29.139999, 29.290001, 1968000.0, 28.231224, -0.11999899999999997, 0.18000000000000327, 1.2706070787360118, 0.0, 0.0, -0.5, 0.004921394395078605
'2015-09-18', 29.379999, 29.67, 28.99, 29.1, 3260900.0, 28.048091, -0.6100009999999969, 0.059999000000001246, 1.2856757893292663, 0.0, 0.1, -0.8, 0.004339689136817194
'2015-09-17', 29.99, 30.48, 29.68, 29.85, 2499100.0, 28.77098, 0.509999999999998, 0.5399989999999981, 1.2918212870984733, -1.0, 0.5, -1.0, 0.0
'2015-09-16', 29.48, 30.0, 29.24, 29.92, 2579900.0, 28.83845, 0.40000000000000213, 0.3099999999999987, 1.3050825158249213, 0.0, 0.8, -0.8, 0.01729986431478962
'2015-09-15', 29.08, 29.52, 28.940001, 29.379999, 2642900.0, 28.317969, -0.240000000000002, -1.2000010000000003, 1.312762111698805, 1.0, 1.0, -0.5, 0.015646492434663
'2015-09-14', 29.32, 29.389999, 28.93, 28.99, 2231300.0, 27.942067, -0.13000100000000003, -0.4299999999999997, 1.2795996828004628, 0.0, 0.8, -0.1, 0.007617098681218714
'2015-09-11', 29.450001, 29.49, 28.950001, 29.440001, 2488800.0, 28.375801, 0.2800009999999986, -0.01999800000000107, 1.2573184434169324, 0.0, 0.5, 0.0, 0.0045840321024097595
'2015-09-10', 29.17, 29.709999, 29.0, 29.51, 3556000.0, 28.443271, -1.110000999999997, -0.2899989999999981, 1.2356187836692911, 0.0, 0.1, 0.0, 0.005622214604045228
'2015-09-09', 30.280001, 30.41, 28.959999, 29.059999, 5111800.0, 28.009537, 0.5300009999999986, 0.2800009999999986, 1.1960110963256911, 0.0, 0.0, 0.0, -0.0015962185734406029
'2015-09-08', 29.75, 30.209999, 29.440001, 30.15, 4441100.0, 29.060135, 0.2800009999999986, 0.0799999999999983, 1.1907552758558855, 0.0, 0.0, -0.1, 0.00115246098439375
'2015-09-04', 29.469999, 29.65, 28.860001, 29.16, 2842600.0, 28.105922, 0.010000000000001563, -0.48000199999999893, 1.1766571988291425, 0.0, 0.0, -0.5, 0.002205637163408103
'2015-09-03', 29.459999, 30.24, 29.459999, 29.85, 3383600.0, 28.77098, -0.5400010000000002, -0.33999999999999986, 1.1448911873190606, 0.0, 0.0, -0.8, 0.001998947793582744
'2015-09-02', 30.0, 30.0, 29.209999, 29.799999, 4571200.0, 28.397005, 0.3299999999999983, 0.26000000000000156, 1.1116141101023242, -1.0, 0.0, -1.0, 0.0
'2015-09-01', 29.67, 30.18, 29.440001, 29.59, 4347900.0, 28.196893, -0.2800009999999986, 0.6700000000000017, 1.0951586953703525, 0.0, 0.0, -0.8, 0.011122345803842207
'2015-08-31', 29.950001, 30.790001, 29.93, 30.25, 4822800.0, 28.82582, 0.15000200000000063, 0.5, 1.067325731370369, 0.0, 0.0, -0.5, 0.0008347078185406352
'2015-08-28', 29.799999, 30.49, 29.68, 29.959999, 3391700.0, 28.549472, 0.059999000000001246, 1.0999979999999994, 1.0523962664324034, 0.0, 0.0, -0.1, 0.002237147726078786
'2015-08-27', 29.74, 30.23, 29.530001, 30.1, 3891500.0, 28.682882, 0.7399999999999984, -1.2100010000000019, 1.0301314703801234, 0.0, 0.1, 0.0, 0.0021856086079354536
'2015-08-26', 29.0, 29.469999, 28.6, 29.4, 4965300.0, 28.015838, -0.4500010000000003, -2.7999989999999997, 1.0174422265338732, 0.0, 0.5, 0.0, 0.006896551724137931
'2015-08-25', 29.450001, 29.74, 28.389999, 28.4, 6095600.0, 27.062918, 0.75, -2.899996999999999, 0.9661954451471584, 0.0, 0.8, 0.0, 0.00311261449532718
'2015-08-24', 28.700001, 29.469999, 27.620001, 28.719999, 8649900.0, 27.367852, -2.25, -3.9500010000000003, 0.9472638136588659, 1.0, 1.0, 0.0, 0.00647087583227411
'2015-08-21', 30.950001, 30.959999, 30.24, 30.709999, 6067100.0, 29.264162, -0.8499979999999994, -0.8999990000000011, 0.8444707154982972, 0.0, 0.8, 0.0, -0.0038368375173881268
'2015-08-20', 31.799999, 31.799999, 31.190001, 31.209999, 3270200.0, 29.740622, -0.5499989999999997, 0.19999899999999826, 0.8540004650667385, 0.0, 0.5, 0.0, -0.006289304879817412
'2015-08-19', 32.349998, 32.470001, 31.9, 32.080002, 2452800.0, 30.569665, -0.30000400000000127, 1.149996999999999, 0.889072556657145, 0.0, 0.1, 0.0, -0.007264291020976259
'2015-08-18', 32.650002, 33.139999, 32.459999, 32.630001, 5722300.0, 31.09377, 0.8000019999999992, 0.5300030000000007, 0.9495173129898891, 0.0, 0.0, 0.0, -0.007378537763252595
'2015-08-17', 31.85, 32.049999, 31.559999, 32.02, 2546400.0, 30.512488, 0.25, -0.5300009999999986, 1.0186837803431472, 0.0, 0.0, 0.0, -0.004840397697540558
'2015-08-14', 31.6, 32.240002, 31.42, 31.93, 3812600.0, 30.426725, 0.3999990000000011, -1.6299999999999955, 1.1312115678926755, 0.0, 0.0, 0.0, -0.0038948393378773157
'2015-08-13', 31.200001, 31.700001, 30.940001, 31.459999, 4807400.0, 29.978852, -0.9199979999999996, -0.7599979999999995, 1.247555016778784, 0.0, 0.0, 0.0, -0.002747254948576994
'2015-08-12', 32.119999, 32.16, 30.67, 31.190001, 9342400.0, 29.721565, -0.26000200000000007, 0.33999800000000135, 1.318108268112942, 0.0, 0.0, 0.0, -0.00440016410544305
'2015-08-11', 32.380001, 32.77, 32.380001, 32.639999, 3207000.0, 31.103297, -0.8499989999999968, 0.6700020000000002, 1.4054890227015113, 0.0, 0.0, 0.0, -0.004593886902597687
'2015-08-10', 33.23, 33.349998, 32.950001, 33.07, 4402200.0, 31.513053, 1.270000999999997, 1.2299999999999969, 1.524917677924143, 0.0, 0.0, 0.0, -0.005717724947336739
'2015-08-07', 31.959999, 33.400002, 31.92, 33.07, 6916300.0, 31.513053, 0.1799980000000012, 1.3499979999999994, 1.629390410893672, 0.0, 0.0, -0.1, -0.0034070349418137756
'2015-08-06', 31.780001, 31.92, 31.17, 31.559999, 4301700.0, 30.074144, 0.07000199999999879, 0.4500010000000003, 1.7365798462242845, 0.0, 0.0, -0.5, -0.0029478999436751015
'2015-08-05', 31.709999, 31.860001, 31.25, 31.73, 6206000.0, 30.23614, -0.2900010000000002, 0.41999799999999965, 1.830763788744752, 0.0, 0.0, -0.8, -0.0026963088204449326
'2015-08-04', 32.0, 32.68, 30.5, 31.41, 13250700.0, 29.931206, 1.3899989999999995, 1.1399989999999995, 1.897625920331075, -1.0, 0.0, -1.0, 0.0
'2015-08-03', 30.610001, 30.610001, 29.92, 30.43, 7957800.0, 28.997346, -0.7199989999999978, -0.16999999999999815, 1.9539185281835705, 0.0, 0.0, -0.8, 0.04540996258053045
'2015-07-31', 31.33, 31.51, 31.139999, 31.200001, 4147700.0, 29.731094, 0.03999899999999812, 1.020000999999997, 1.9393584653582856, 0.0, 0.0, -0.5, 0.010692626875199517
'2015-07-30', 31.290001, 31.41, 31.07, 31.299999, 2371000.0, 29.826385, 0.4299999999999997, 0.36000100000000046, 1.927640098531876, 0.0, 0.1, -0.1, 0.007563640964195983
'2015-07-29', 30.860001, 31.690001, 30.77, 31.450001, 3976700.0, 29.969324, 0.08000000000000185, -0.5599990000000012, 1.8971696356418504, 0.0, 0.5, 0.0, 0.009235247594450819
'2015-07-28', 30.780001, 31.190001, 30.5, 30.879999, 3828300.0, 29.426158, 0.47000199999999737, -0.5199980000000011, 1.8338224605698035, 0.0, 0.8, 0.0, 0.007927218715814865
'2015-07-27', 30.309999, 30.780001, 30.129999, 30.75, 5652000.0, 29.30228, -0.6200009999999985, -1.3700009999999985, 1.750761687203394, 1.0, 1.0, 0.0, 0.00929286844692186
'2015-07-24', 30.93, 31.07, 30.309999, 30.469999, 3657300.0, 29.035461, -0.490000000000002, -1.029999, 1.6179114099773182, 0.0, 0.8, 0.0, 0.004942035009930259
'2015-07-23', 31.42, 31.639999, 30.969999, 31.0, 3322100.0, 29.54051, 0.12000100000000202, -0.7100009999999983, 1.515052782344687, 0.0, 0.5, 0.0, 0.0023074474856779052
'2015-07-22', 31.299999, 31.459999, 30.93, 31.049999, 4620500.0, 29.588155, -0.38000100000000003, -1.4000020000000006, 1.4305913132382144, 0.0, 0.1, 0.0, 0.0024849166573100824
'2015-07-21', 31.68, 31.82, 31.1, 31.360001, 4888500.0, 29.883561, -0.2799990000000001, -1.5400010000000037, 1.3132164942619051, 0.0, 0.0, 0.0, 0.001010101010101011
'2015-07-20', 31.959999, 31.98, 31.67, 31.719999, 3456200.0, 30.226611, -0.1700020000000002, -1.5400010000000002, 1.2129698193009508, 0.0, 0.0, 0.0, 0.00011378143489474332
'2015-07-17', 32.130001, 32.209999, 31.469999, 31.85, 5402100.0, 30.350492, -0.5700000000000003, -1.5900000000000034, 1.1151813519191716, 0.0, 0.0, 0.0, -0.00033717448893533084
'2015-07-16', 32.700001, 32.75, 32.169998, 32.299999, 5193100.0, 30.779304, -0.5200000000000031, -0.3399999999999963, 1.003704104693888, 0.0, 0.0, 0.0, -0.001646673673472695
'2015-07-15', 33.220001, 33.310001, 32.509998, 32.580002, 7507000.0, 31.046124, -0.27999899999999656, -0.07999799999999624, 0.92082679261721, 0.0, 0.0, 0.0, -0.0026232066811626167
'2015-07-14', 33.5, 33.84, 33.400002, 33.43, 4633400.0, 31.856105, -0.22000100000000344, -0.34999799999999937, 0.8684043425869592, 0.0, 0.0, 0.0, -0.0029850746268656717
'2015-07-13', 33.720001, 33.860001, 33.0, 33.34, 6564000.0, 31.770342, 0.6800000000000068, -0.4300009999999972, 0.8168625672939993, 0.0, 0.0, 0.0, -0.0031880207387894265
'2015-07-10', 33.040001, 33.459999, 32.720001, 33.380001, 3031900.0, 31.808459, -0.25999800000000306, -1.7799990000000037, 0.7708684841582032, 0.0, 0.0, 0.0, -0.0018515898171965709
'2015-07-09', 33.299999, 33.549999, 32.889999, 33.080002, 5615200.0, 31.522584, -0.5499989999999997, -1.869999, 0.6555461102534654, 0.0, 0.0, 0.0, -0.0021688338989639803
'2015-07-08', 33.849998, 34.299999, 32.849998, 32.900002, 5061500.0, 31.351058, -0.30000400000000127, -1.0900010000000009, 0.5621452160168627, 0.0, 0.0, 0.0, -0.002876464447338332
'2015-07-07', 34.150002, 34.34, 33.310001, 34.16, 4987100.0, 32.551736, -0.6699979999999996, -1.0, 0.5939621642845884, 0.0, 0.0, 0.0, -0.003147879757078785
'2015-07-06', 34.82, 35.02, 33.939999, 34.09, 4708900.0, 32.485031, -0.34999799999999937, -0.9900009999999995, 0.7130048517845438, 0.0, 0.0, 0.0, -0.0038565684746040864
'2015-07-02', 35.169998, 35.490002, 34.849998, 35.0, 1988900.0, 33.352188, 0.2299989999999994, -0.6900029999999973, 0.7628807477810448, 0.0, 0.0, 0.0, -0.004096981130957646
'2015-07-01', 34.939999, 35.189999, 34.669998, 35.130001, 2921500.0, 33.476069, -0.21000300000000038, -1.2299989999999994, 0.8186035306147695, 0.0, 0.0, 0.0, -0.0036584443942960865
'2015-06-30', 35.150002, 35.32, 34.400002, 34.610001, 3929600.0, 32.98055, -0.6599989999999991, -1.149996999999999, 0.8810786432306462, 0.0, 0.0, 0.0, -0.0037339993133807888
'2015-06-29', 35.810001, 35.98, 34.939999, 34.990002, 2662700.0, 33.342661, -0.04999999999999716, -0.3200000000000003, 0.9258089610001891, 0.0, 0.0, -0.1, -0.004255795468980857
'2015-06-26', 35.860001, 36.209999, 35.700001, 36.119999, 5948500.0, 34.419457, -0.30999700000000274, -0.17999999999999972, 0.9892504027918225, 0.0, 0.0, -0.5, -0.004140032704490912
'2015-06-25', 36.169998, 36.189999, 35.630001, 35.709999, 2373000.0, 34.02876, -0.13000100000000003, 0.36999899999999997, 1.06933130819709, 0.0, 0.0, -0.8, -0.004269957946095832
'2015-06-24', 36.299999, 36.759998, 36.02, 36.099998, 2622400.0, 34.400398, 0.16999799999999965, 0.9199979999999996, 1.1321208815323256, -1.0, 0.0, -1.0, 0.0
'2015-06-23', 36.130001, 36.43, 36.040001, 36.23, 2436300.0, 34.524279, 0.09000000000000341, 1.0300030000000007, 1.1883970022688857, 0.0, 0.0, -0.8, 0.004705175623991808
'2015-06-22', 36.040001, 36.34, 35.880001, 36.139999, 3102700.0, 34.438516, 0.24000199999999694, 1.0400009999999966, 1.2557114372876361, 0.0, 0.0, -0.5, 0.003607075371612824
'2015-06-19', 35.799999, 36.169998, 35.700001, 35.91, 4904000.0, 34.219345, 0.41999799999999965, 0.899996999999999, 1.3425465018726543, 0.0, 0.0, -0.1, 0.0046554936123508455
'2015-06-18', 35.380001, 35.84, 35.349998, 35.799999, 4172000.0, 34.114523, 0.28000300000000067, 0.47000100000000344, 1.3750889692758008, 0.0, 0.1, 0.0, 0.006500833620666091
'2015-06-17', 35.099998, 35.68, 35.049999, 35.330002, 2368300.0, 33.666653, 0.09999799999999937, -0.19000299999999726, 1.389308467852325, 0.0, 0.5, 0.0, 0.006837612925220111
'2015-06-16', 35.0, 35.32, 34.919998, 35.18, 1903900.0, 33.523714, 0.09999799999999937, -0.43999900000000025, 1.3867316006917794, 0.0, 0.8, 0.0, 0.006190471428571427
'2015-06-15', 34.900002, 35.169998, 34.759998, 35.049999, 3387100.0, 33.399833, -0.009997999999995955, -0.30999700000000274, 1.3733018261440262, 1.0, 1.0, 0.0, 0.005730646417400529
'2015-06-12', 34.91, 35.16, 34.830002, 35.119999, 1840500.0, 33.466538, -0.38000100000000003, -0.740002000000004, 1.3556109278604969, 0.0, 0.8, 0.0, 0.004977080349470077
'2015-06-11', 35.290001, 35.48, 34.950001, 35.07, 2919100.0, 33.418892, -0.14999800000000363, -0.43999900000000025, 1.3311722668056807, 0.0, 0.5, 0.0, 0.003179994242561805
'2015-06-10', 35.439999, 35.709999, 35.150002, 35.23, 3939200.0, 33.571359, 0.22999999999999687, -0.08000100000000288, 1.3458884763940506, 0.0, 0.1, 0.0, 0.0024266366373204454
'2015-06-09', 35.209999, 35.540001, 35.209999, 35.279999, 2195600.0, 33.619005, -0.44000299999999726, -0.389998999999996, 1.37837092987066, 0.0, 0.0, 0.0, 0.0028142832123030947
'2015-06-08', 35.650002, 35.91, 35.349998, 35.41, 2936700.0, 33.742885, -0.07999799999999624, -0.18999800000000278, 1.6697553840013202, 0.0, 0.0, 0.0, 0.001519394491665571
'2015-06-05', 35.73, 36.040001, 35.720001, 35.799999, 2388300.0, 34.114523, 0.20999999999999375, 0.27999899999999656, 1.8612303561536625, 0.0, 0.0, -0.1, 0.0012271502077547479
'2015-06-04', 35.52, 36.049999, 35.41, 35.630001, 1815400.0, 33.952529, -0.07999799999999624, 0.3300010000000029, 1.942531092478532, 0.0, 0.0, -0.5, 0.0015685308075933007
'2015-06-03', 35.599998, 36.029999, 35.5, 35.869999, 2248400.0, 34.181227, -0.24000200000000405, 0.25, 1.9857841841452681, 0.0, 0.0, -0.8, 0.00131086336952416
'2015-06-02', 35.84, 36.380001, 35.77, 35.84, 3036800.0, 33.830555, 0.3899990000000031, 1.3400000000000034, 2.0425339462761194, -1.0, 0.0, -1.0, 0.0
'2015-06-01', 35.450001, 35.990002, 35.23, 35.810001, 3954000.0, 33.802238, 0.26000200000000007, -1.8199990000000028, 2.12418919165807, 0.0, 0.1, -0.8, 0.011001381918155745
'2015-05-29', 35.189999, 35.599998, 35.02, 35.369999, 4165100.0, 33.386905, -0.15999899999999911, -2.890003, 2.174022508316789, 0.0, 0.5, -0.5, 0.009235592760318111
'2015-05-28', 35.349998, 35.529999, 35.029999, 35.189999, 4714100.0, 33.216997, 0.8499979999999994, -1.970002000000001, 2.15730776056156, 0.0, 0.8, -0.1, 0.004620481166646781
'2015-05-27', 34.5, 35.59, 34.0, 35.360001, 13241300.0, 33.377468, -2.770000000000003, -2.9199979999999996, 2.1181110862908237, 1.0, 1.0, 0.0, 0.009710144927536257
'2015-05-26', 37.27, 37.27, 36.310001, 36.560001, 4408200.0, 34.510188, -0.8100019999999972, -0.5, 1.9987675002475829, 0.0, 0.8, 0.0, -0.007673732224309093
'2015-05-22', 38.080002, 38.240002, 37.509998, 37.529999, 2603700.0, 35.4258, 0.7600020000000001, 0.480004000000001, 2.044853307491089, 0.0, 0.5, 0.0, -0.009803929807216559
'2015-05-21', 37.32, 38.169998, 37.299999, 38.080002, 4440700.0, 35.944966, -0.09999799999999937, -0.5499989999999997, 2.1071454138402963, 0.0, 0.1, 0.0, -0.005665288623487968
'2015-05-20', 37.419998, 37.619999, 37.110001, 37.32, 3607100.0, 35.227575, -0.3500020000000035, -0.8400000000000034, 2.1207538057339126, 0.0, 0.0, 0.0, -0.005277919843822534
'2015-05-19', 37.77, 38.060001, 37.279999, 37.380001, 4693400.0, 35.284212, 0.17000200000000376, -0.36999899999999997, 2.1085715583202522, 0.0, 0.0, 0.0, -0.005677639514017591
'2015-05-18', 37.599998, 37.799999, 37.459999, 37.610001, 2248000.0, 35.501317, -0.2700010000000006, -0.5500040000000013, 2.0963148812463475, 0.0, 0.0, 0.0, -0.004680845993662011
'2015-05-15', 37.869999, 37.880001, 37.369999, 37.459999, 3569100.0, 35.359725, -0.3899990000000031, -0.5900000000000034, 2.0531541877482504, 0.0, 0.0, 0.0, -0.004873128294414883
'2015-05-14', 38.259998, 38.380001, 37.439999, 37.759998, 3900700.0, 35.642904, 0.11999899999999997, -0.6800009999999972, 2.003191251146096, 0.0, 0.0, 0.0, -0.005270949047096133
'2015-05-13', 38.139999, 38.419998, 37.849998, 38.130001, 2677800.0, 35.992162, -0.010002999999997542, -0.010002999999997542, 1.9562934114860466, 0.0, 0.0, -0.1, -0.004638778307256903
'2015-05-12', 38.150002, 38.549999, 37.990002, 38.310001, 1430800.0, 36.16207, -0.30999700000000274, 0.10000300000000095, 1.898980856723317, 0.0, 0.0, -0.5, -0.0043250362832783764
'2015-05-11', 38.459999, 38.880001, 38.34, 38.419998, 2086900.0, 36.2659, -0.4799999999999969, 0.4599990000000034, 1.833726683439233, 0.0, 0.0, -0.8, -0.004541513378614492
'2015-05-08', 38.939999, 39.119999, 38.330002, 38.459999, 2360100.0, 36.303658, 0.7899969999999996, 0.9399990000000003, 1.7748621200161567, -1.0, 0.0, -1.0, 0.0
'2015-05-07', 38.150002, 38.450001, 37.950001, 38.349998, 2539600.0, 36.199825, 0.10000300000000095, -0.09999799999999937, 1.7377886186701066, 0.0, 0.0, -0.8, 0.020707652911787517
'2015-05-06', 38.049999, 38.130001, 37.470001, 37.970001, 2394100.0, 35.841133, 0.04999899999999968, -0.2700010000000006, 1.655652751770693, 0.0, 0.0, -0.5, 0.011695138283709293
'2015-05-05', 38.0, 38.310001, 37.869999, 38.07, 2844300.0, 35.935525, 0.0, -1.0700000000000003, 1.5488087929980503, 0.0, 0.0, -0.1, 0.008245605263157896
'2015-05-04', 38.0, 38.310001, 37.93, 38.169998, 3561800.0, 36.029917, -0.25, -1.5200000000000031, 1.4156919694156909, 0.0, 0.0, 0.0, 0.0061842039473684225
'2015-05-01', 38.25, 38.380001, 37.66, 37.869999, 4860300.0, 35.746738, -0.07000000000000028, -4.689999, 1.2566952864916376, 0.0, 0.0, 0.0, 0.003607837908496733
'2015-04-30', 38.32, 38.779999, 37.830002, 38.209999, 6388500.0, 36.067675, -0.75, -4.18, 1.1044928666342155, 0.0, 0.0, 0.0, 0.002696585768963117
'2015-04-29', 39.07, 39.09, 38.060001, 38.509998, 8324700.0, 36.350854, -0.45000000000000284, -2.4200019999999967, 0.9196619543442376, 0.0, 0.0, 0.0, -0.0004753409631065122
'2015-04-28', 39.52, 40.639999, 38.599998, 39.650002, 17606600.0, 37.426941, -3.419998999999997, -1.8299979999999962, 0.7706031482774344, 0.0, 0.0, 0.0, -0.0018345173329959604
'2015-04-27', 42.939999, 43.450001, 42.240002, 42.330002, 6512600.0, 39.956681, 0.43999900000000025, 1.0499999999999972, 0.6430974386528553, 0.0, 0.1, 0.0, -0.010350359916041088
'2015-04-24', 42.5, 42.75, 42.110001, 42.650002, 2399000.0, 40.258739, 1.009998000000003, -0.020000000000003126, 0.6591498420960725, 0.0, 0.5, 0.0, -0.00837647294117647
'2015-04-23', 41.490002, 42.880001, 41.490002, 42.369999, 3716900.0, 39.994436, 0.14000399999999757, -1.239998, 0.69767592387691, 0.0, 0.8, 0.0, -0.00558733293253286
'2015-04-22', 41.349998, 41.740002, 41.220001, 41.59, 2790900.0, 39.258169, -0.5400010000000037, -0.9300009999999972, 0.7315531176899075, 1.0, 1.0, 0.0, -0.004856910754868717
'2015-04-21', 41.889999, 42.189999, 41.150002, 41.490002, 3795000.0, 39.163777, -0.630001, -0.26000299999999754, 0.7496696373748439, 0.0, 0.8, 0.0, -0.00541711822249213
'2015-04-20', 42.52, 42.790001, 42.34, 42.540001, 2132300.0, 40.154906, -0.20999999999999375, 0.17000200000000376, 0.7508573082384317, 0.0, 0.5, 0.0, -0.006013978295927971
'2015-04-17', 42.73, 42.939999, 41.700001, 42.400002, 3405400.0, 40.022756, 0.4500010000000003, -0.17000200000000376, 0.7387263068443999, 0.0, 0.1, 0.0, -0.0059130993057180704
'2015-04-16', 42.279999, 43.34, 42.27, 43.009998, 5838900.0, 40.598552, 0.12999699999999592, -0.7400010000000066, 0.7356164455910202, 0.0, 0.0, 0.0, -0.004937322727940457
'2015-04-15', 42.150002, 42.310001, 41.740002, 41.759998, 2243200.0, 39.418636, -0.19999599999999873, -0.7199969999999993, 0.7468240795689213, 0.0, 0.0, 0.0, -0.0044798030112158235
'2015-04-14', 42.349998, 42.380001, 41.869999, 42.040001, 2028300.0, 39.68294, -0.5500040000000013, -0.1600000000000037, 0.8029932625159507, 0.0, 0.0, 0.0, -0.004473303372738975
'2015-04-13', 42.900002, 43.130001, 42.27, 42.490002, 2281300.0, 40.10771, -0.11999800000000249, 0.44000299999999726, 0.8590837165267943, 0.0, 0.0, 0.0, -0.004858303049177382
'2015-04-10', 43.02, 43.209999, 42.880001, 43.029999, 1479600.0, 40.617431, 0.15000100000000316, 0.9599990000000034, 0.8817082816399616, 0.0, 0.0, 0.0, -0.004741981636448167
'2015-04-09', 42.869999, 43.09, 42.389999, 43.0, 2382000.0, 40.589114, 0.3600009999999969, 1.2000010000000003, 0.8808075486363157, 0.0, 0.0, 0.0, -0.004365357161376587
'2015-04-08', 42.509998, 43.060001, 42.310001, 42.779999, 3016900.0, 40.381448, 0.04999899999999968, 1.2799980000000062, 0.8828395955987735, 0.0, 0.0, 0.0, -0.003817282744124851
'2015-04-07', 42.459999, 42.709999, 42.299999, 42.360001, 1464300.0, 39.984998, 0.39999800000000363, 1.0599970000000027, 0.8789337951943322, 0.0, 0.0, 0.0, -0.003604415493765548
'2015-04-06', 42.060001, 42.779999, 41.869999, 42.48, 3054400.0, 40.098269, 0.3900030000000001, 0.6900019999999998, 0.8711663845297936, 0.0, 0.0, 0.0, -0.0030908245421423864
'2015-04-02', 41.669998, 41.990002, 41.490002, 41.860001, 1479600.0, 39.513031, 0.4399980000000028, 0.8200000000000003, 0.890975536277974, 0.0, 0.0, 0.0, -0.0026205895186268064
'2015-04-01', 41.23, 41.75, 41.040001, 41.619999, 2103700.0, 39.286486, -0.17000200000000376, -0.6599990000000062, 0.9431431614206995, 0.0, 0.0, 0.0, -0.002136234817813762
'2015-03-31', 41.400002, 42.0, 41.360001, 41.43, 2094000.0, 39.10714, 0.030003000000000668, -0.7399970000000025, 1.021269227971427, 0.0, 0.0, 0.0, -0.0022007540536404377
'2015-03-30', 41.369999, 41.669998, 41.209999, 41.59, 1621300.0, 39.258169, 0.5200010000000006, -0.630001, 1.07067685372967, 0.0, 0.0, -0.1, -0.0020977934828017345
'2015-03-27', 40.849998, 41.380001, 40.599998, 41.310001, 2406300.0, 38.993869, -1.0400010000000037, -0.9000020000000006, 1.1426350846186335, 0.0, 0.0, -0.5, -0.00161228978475736
'2015-03-26', 41.889999, 41.919998, 40.560001, 40.689999, 5556700.0, 38.408628, -0.25, 0.4599990000000034, 1.1778242395768088, 0.0, 0.0, -0.8, -0.0023474178964132566
'2015-03-25', 42.139999, 42.900002, 41.950001, 42.200001, 4741300.0, 39.833969, 0.1399990000000031, 1.4299999999999997, 1.21840311610516, -1.0, 0.0, -1.0, 0.0
'2015-03-24', 42.0, 42.32, 41.919998, 42.080002, 2906500.0, 39.720698, 0.25, 1.009998000000003, 1.2570016400596722, 0.0, 0.1, -0.8, 0.0033333095238095973
'2015-03-23', 41.75, 42.439999, 41.66, 42.009998, 3800100.0, 39.654619, 0.3200000000000003, 0.25999800000000306, 1.3034015025145993, 0.0, 0.5, -0.5, 0.004670646706586863
'2015-03-20', 41.43, 41.82, 41.200001, 41.580002, 3111100.0, 39.248731, 0.7200009999999963, 0.08000200000000035, 1.3508341702328164, 0.0, 0.8, -0.1, 0.005712438651540779
'2015-03-19', 40.709999, 41.369999, 40.650002, 41.259998, 2621700.0, 38.946669, -0.28000299999999356, 0.11000100000000401, 1.3949354193580767, 1.0, 1.0, -0.5, 0.008781626351796272
'2015-03-18', 40.990002, 41.700001, 40.700001, 41.5, 2932600.0, 39.173215, -0.5, 0.5800020000000004, 1.4855868423105978, 0.0, 0.8, -0.8, 0.005611109753056397
'2015-03-17', 41.490002, 41.529999, 40.91, 40.990002, 2310000.0, 38.691811, 0.14000399999999757, 0.9500010000000003, 1.6049158545895459, -1.0, 0.3, -1.0, 0.0
'2015-03-16', 41.349998, 41.740002, 41.200001, 41.419998, 2079300.0, 39.097699, 0.75, 0.5799979999999962, 1.7234089572709217, 0.0, 0.3, -0.8, 0.0033858284588066385
'2015-03-13', 40.599998, 41.32, 40.400002, 41.240002, 4592300.0, 38.927794, 0.18999800000000278, -0.860001000000004, 1.7609758950907246, 0.0, 0.8, -0.5, 0.01096064093402169
'2015-03-12', 40.41, 40.66, 40.220001, 40.560001, 4964100.0, 38.285919, -0.13000100000000003, -1.619999, 1.7939871097646156, 1.0, 1.0, -0.1, 0.008908702466386212
'2015-03-11', 40.540001, 40.75, 40.25, 40.34, 4914200.0, 38.078253, -0.2299990000000065, -2.119999, 1.9030071466968823, 0.0, 0.8, 0.0, 0.005858417467725275
'2015-03-10', 40.77, 41.0, 40.509998, 40.75, 3537400.0, 38.465265, -0.6899990000000003, -1.8499989999999968, 2.016658088092343, 0.0, 0.5, 0.0, 0.0035320186411576834
'2015-03-09', 41.459999, 41.549999, 41.139999, 41.27, 2057100.0, 38.956111, -0.5699999999999932, -1.9500009999999932, 2.0771426278427767, 0.0, 0.1, 0.0, 0.00012061022963360243
'2015-03-06', 42.029999, 42.110001, 41.299999, 41.43, 4638500.0, 39.10714, -0.630001, -1.5200000000000031, 2.0914781385744696, 0.0, 0.0, 0.0, -0.001835413523836356
'2015-03-05', 42.66, 43.299999, 42.110001, 42.110001, 6465000.0, 39.749015, 0.04000099999999662, -0.6899980000000028, 2.1027247390525994, 0.0, 0.0, 0.0, -0.0034282641819034215
'2015-03-04', 42.619999, 42.689999, 41.619999, 41.950001, 4860500.0, 39.597985, -0.7900009999999966, -0.38000100000000003, 2.144625710779141, 0.0, 0.0, 0.0, -0.00294592269282368
'2015-03-03', 43.41, 43.419998, 42.52, 42.650002, 4824600.0, 39.939688, -0.1399990000000031, 0.49000199999999694, 2.1614887858967133, 0.0, 0.0, 0.0, -0.0044229394148813635
'2015-03-02', 43.549999, 43.869999, 43.07, 43.560001, 5748700.0, 40.79186, 0.20000100000000032, 1.2099989999999963, 2.1281371178677086, 0.0, 0.0, 0.0, -0.004300171270852493
'2015-02-27', 43.349998, 43.77, 43.189999, 43.549999, 3819000.0, 40.782493, 0.34999799999999937, 1.7099989999999963, 2.0134778134146174, 0.0, 0.0, 0.0, -0.0035755403418165524
'2015-02-26', 43.0, 43.470001, 42.860001, 43.41, 5445000.0, 40.65139, 0.08000200000000035, 2.2999989999999997, 1.8780557234075843, 0.0, 0.0, 0.0, -0.0027012486583184313
'2015-02-25', 42.919998, 43.330002, 42.700001, 43.290001, 6336900.0, 40.539017, 0.5799979999999962, 2.8999979999999965, 1.714467562779764, 0.0, 0.0, 0.0, -0.002379836351077454
'2015-02-24', 42.34, 43.41, 42.02, 42.950001, 9565300.0, 40.220623, 0.7000010000000003, 2.869999, 1.5314127588608146, 0.0, 0.0, 0.0, -0.0013383687608250771
'2015-02-23', 41.639999, 41.810001, 41.34, 41.709999, 5615200.0, 39.059421, 0.9399980000000028, 1.8099970000000027, 1.3616585533016228, 0.0, 0.0, 0.0, -0.00022513959474399566
'2015-02-20', 40.700001, 41.790001, 40.369999, 41.540001, 9238200.0, 38.900226, 0.6800009999999972, 1.350003000000001, 1.2299702207603915, 0.0, 0.0, -0.1, 0.0011417849119665458
'2015-02-19', 40.02, 41.0, 40.0, 40.689999, 6821300.0, 38.104239, 0.5499989999999997, 0.22000100000000344, 1.174593265461912, 0.0, 0.0, -0.5, 0.0020406491198844937
'2015-02-18', 39.470001, 39.779999, 39.27, 39.700001, 2613800.0, 37.177153, -0.3600009999999969, -0.1999969999999962, 1.1415106435487827, 0.0, 0.0, -0.8, 0.002693585999789126
'2015-02-17', 39.830002, 39.990002, 39.310001, 39.459999, 2582700.0, 36.952403, 0.480004000000001, 0.3400000000000034, 1.113587705871652, -1.0, 0.0, -1.0, 0.0
'2015-02-13', 39.349998, 39.849998, 39.150002, 39.849998, 3744300.0, 37.317619, -0.4500010000000003, 0.10999600000000243, 1.0617242380526166, 0.0, 0.0, -0.8, 0.012198323364590794
'2015-02-12', 39.799999, 39.799999, 39.139999, 39.209999, 3079400.0, 36.71829, 0.13000100000000003, 0.649996999999999, 1.0288651426917377, 0.0, 0.0, -0.5, 0.00037692212002317724
'2015-02-11', 39.669998, 39.799999, 39.25, 39.560001, 2696000.0, 37.046051, 0.1799960000000027, 0.5099980000000031, 0.9675233633018456, 0.0, 0.1, -0.1, 0.001344458516651977
'2015-02-10', 39.490002, 39.619999, 39.189999, 39.610001, 3385800.0, 37.092873, 0.25, 1.2900009999999966, 0.9110086922388736, 0.0, 0.5, 0.0, 0.0021524435476098698
'2015-02-09', 39.240002, 39.580002, 39.049999, 39.240002, 3365400.0, 36.746386, 0.0899999999999963, 1.6500019999999935, 0.8578838584183605, 0.0, 0.8, 0.0, 0.003007135422674053
'2015-02-06', 39.150002, 39.349998, 39.02, 39.220001, 2801500.0, 36.727657, -0.009997999999995955, 1.870003000000004, 0.8082552332863049, 1.0, 1.0, 0.0, 0.0028948487239753725
'2015-02-05', 39.16, 39.439999, 38.639999, 38.959999, 3686800.0, 36.484177, 0.9599989999999963, 0.5799979999999962, 0.7609500311534524, 0.0, 0.8, 0.0, 0.0024441923245294168
'2015-02-04', 38.200001, 39.389999, 38.189999, 39.110001, 5077400.0, 36.624647, 0.6100009999999969, -0.5200000000000031, 0.7017739121850898, 0.0, 0.5, 0.0, 0.005333772766131603
'2015-02-03', 37.59, 38.720001, 37.549999, 38.689999, 4638000.0, 36.231335, 0.31000100000000685, 0.5600010000000069, 0.7024490816194408, 0.0, 0.1, -0.1, 0.0066211521976885
'2015-02-02', 37.279999, 37.689999, 36.68, 37.540001, 6281400.0, 35.154417, -1.3000030000000038, 0.5499989999999997, 0.728584062229378, 0.0, 0.0, -0.5, 0.006840136986055187
'2015-01-30', 38.580002, 38.799999, 37.009998, 37.189999, 11026600.0, 34.826656, -0.1399990000000031, 1.0800020000000004, 0.8165723851435994, 0.0, 0.1, -0.8, 0.0029454732437899727
'2015-01-29', 38.720001, 39.900002, 38.150002, 38.939999, 19082900.0, 36.465448, 1.6900020000000069, 0.42000200000000376, 0.8753483747635721, -1.0, 0.5, -1.0, 0.0
'2015-01-28', 37.029999, 37.080002, 36.419998, 36.459999, 5273900.0, 34.143047, 0.2999989999999997, -0.6900020000000069, 0.8756793758760005, 0.0, 0.8, -0.8, 0.04563872659029797
'2015-01-27', 36.73, 36.970001, 36.279999, 36.77, 4185800.0, 34.433348, -0.7700000000000031, 0.5, 1.0086550779798504, 1.0, 1.0, -0.5, 0.02708958616934395
'2015-01-26', 37.5, 37.5, 36.860001, 37.09, 7114800.0, 34.733013, -0.7999989999999997, 1.1699979999999996, 1.1412815478327194, 0.0, 0.8, -0.8, 0.010844453333333365
'2015-01-23', 38.299999, 38.360001, 37.5, 37.619999, 4382300.0, 35.229331, 0.5799979999999962, 2.2900009999999966, 1.2377573519883966, -1.0, 0.5, -1.0, 0.0
'2015-01-22', 37.720001, 38.380001, 37.5, 38.25, 6490600.0, 35.819297, 1.4900010000000066, 0.7200010000000034, 1.3202696329416739, 0.0, 0.1, -0.8, 0.015376404682491822
'2015-01-21', 36.23, 37.799999, 36.130001, 37.59, 7047400.0, 35.201239, -0.10000200000000348, -0.9200020000000038, 1.3600894468220948, 0.0, 0.5, -0.5, 0.028567471708528885
'2015-01-20', 36.330002, 36.48, 35.700001, 36.049999, 3262000.0, 33.759101, 0.3200039999999973, -2.3999979999999965, 1.3981314917024668, 0.0, 0.8, -0.1, 0.018075024236625874
'2015-01-16', 36.009998, 36.380001, 35.650002, 36.110001, 4711700.0, 33.81529, -0.9900019999999969, -1.9800039999999939, 1.4208987354649107, 1.0, 1.0, 0.0, 0.015898369391745014
'2015-01-15', 37.0, 37.200001, 36.209999, 36.259998, 4036100.0, 33.955756, -0.15000200000000063, -1.3400000000000034, 1.450204073241288, 0.0, 0.8, 0.0, 0.00702702162162162
'2015-01-14', 37.150002, 37.5, 36.52, 36.959999, 4277100.0, 34.611273, -1.5799979999999962, -0.519995999999999, 1.4460147081782557, 0.0, 0.5, 0.0, 0.005159250507353041
'2015-01-13', 38.73, 39.25, 37.639999, 37.880001, 6294500.0, 35.472811, 0.7399979999999999, 1.9399990000000003, 1.4416748545281954, 0.0, 0.1, 0.0, -0.0015860757626055743
'2015-01-12', 37.990002, 38.630001, 37.689999, 38.57, 5322000.0, 36.118961, -0.34999800000000647, 1.0200009999999935, 1.3733243668158357, 0.0, 0.0, 0.0, 0.0010199953398265244
'2015-01-09', 38.34, 38.369999, 37.299999, 38.200001, 5611700.0, 35.772475, 0.6700020000000038, 0.7099990000000034, 1.3449558795741738, 0.0, 0.0, 0.0, -0.00011592476670725011
'2015-01-08', 37.669998, 38.43, 37.52, 38.369999, 6341600.0, 35.93167, 0.879997000000003, -0.030003000000000668, 1.306386712799453, 0.0, 0.0, 0.0, 0.0016724211134813442
'2015-01-07', 36.790001, 37.419998, 36.529999, 37.419998, 5088300.0, 35.04204, -0.18000000000000682, -1.2000010000000003, 1.279928067770918, 0.0, 0.0, 0.0, 0.0037312460375998834
'2015-01-06', 36.970001, 37.099998, 36.0, 36.299999, 6238900.0, 33.993215, -0.6599999999999966, -0.5299989999999966, 1.2771465938224884, 0.0, 0.0, -0.1, 0.002997921657255739
'2015-01-05', 37.630001, 37.630001, 36.52, 36.73, 4521400.0, 34.395889, -0.07000000000000028, 0.5100020000000001, 1.2745596622629871, 0.0, 0.0, -0.5, 0.0013696068648073557
'2015-01-02', 37.700001, 37.919998, 37.009998, 37.310001, 2972800.0, 34.939033, -0.2900009999999966, 0.6700020000000038, 1.2496275113458253, 0.0, 0.0, -0.8, 0.0011367904207747886
'2014-12-31', 37.990002, 38.049999, 37.540001, 37.560001, 2534900.0, 35.173146, 0.49000199999999694, 0.7900009999999966, 1.2182555998919244, -1.0, 0.0, -1.0, 0.0
'2014-12-30', 37.5, 38.130001, 37.5, 37.860001, 3770600.0, 35.454081, 0.38000100000000003, 0.5600009999999997, 1.1642566699644985, 0.0, 0.0, -0.8, 0.013066719999999919
'2014-12-29', 37.119999, 37.950001, 37.02, 37.720001, 3018900.0, 35.322979, 0.09000000000000341, 0.16999799999999965, 1.1353427037395933, 0.0, 0.0, -0.5, 0.0117187907251829
'2014-12-26', 37.029999, 37.490002, 36.990002, 37.119999, 1759900.0, 34.761105, -0.17000200000000376, 0.43999899999999315, 1.109007779504439, 0.0, 0.0, -0.1, 0.00864166915046366
'2014-12-24', 37.200001, 37.25, 36.82, 36.970001, 1355700.0, 34.620639, 0.26000200000000007, 0.9300009999999972, 1.1033123682808343, 0.0, 0.0, 0.0, 0.005309146362657333
'2014-12-23', 36.939999, 37.549999, 36.830002, 37.200001, 4735000.0, 34.836023, -0.010002000000000066, 1.6600000000000037, 1.090437442956526, 0.0, 0.0, 0.0, 0.005684910819840556
'2014-12-22', 36.950001, 37.040001, 36.360001, 37.0, 3398200.0, 34.648732, 0.3600009999999969, 1.9500010000000003, 1.100094402010513, 0.0, 0.0, 0.0, 0.004691028289823306
'2014-12-19', 36.59, 36.610001, 36.02, 36.490002, 6424800.0, 34.171143, 0.3200000000000003, 1.130001, 1.110088441922725, 0.0, 0.0, 0.0, 0.005465982118455446
'2014-12-18', 36.27, 36.619999, 36.110001, 36.43, 5459200.0, 34.114954, 0.9900010000000066, 2.020000000000003, 1.1486504348153823, 0.0, 0.0, 0.0, 0.0059277708850289275
'2014-12-17', 35.279999, 35.869999, 35.16, 35.75, 4604900.0, 33.478167, 0.27999899999999656, 1.3099979999999931, 1.1885866175707318, 0.0, 0.0, 0.0, 0.00853490512980016
'2014-12-16', 35.0, 35.73, 34.77, 34.970001, 4282500.0, 32.747735, -0.4599990000000034, 0.9199979999999996, 1.2130549263928698, 0.0, 0.0, 0.0, 0.008542862857142848
'2014-12-15', 35.459999, 36.23, 35.0, 35.07, 7117100.0, 32.841379, 1.2099990000000034, 1.7999990000000068, 1.2164970007550535, 0.0, 0.0, 0.0, 0.006486189487125257
'2014-12-12', 34.25, 36.099998, 34.25, 35.200001, 7494400.0, 32.963119, 0.27999899999999656, -0.13000100000000003, 1.2135950740952532, 0.0, 0.1, 0.0, 0.009099761557177607
'2014-12-11', 33.970001, 35.16, 33.700001, 34.459999, 9089400.0, 32.270142, -0.1100009999999969, -0.6899989999999931, 1.23223019190656, 0.0, 0.5, 0.0, 0.009103056728018514
'2014-12-10', 34.080002, 34.349998, 33.48, 33.619999, 4904000.0, 31.483522, 0.42000200000000376, -0.9299960000000027, 1.2466588565893668, 0.0, 0.8, 0.0, 0.008195002872526651
'2014-12-09', 33.66, 34.169998, 33.5, 34.040001, 4365300.0, 31.876834, -0.7200010000000034, -1.0700000000000003, 1.23863301608458, 1.0, 1.0, 0.0, 0.008575959595959597
'2014-12-08', 34.380001, 34.599998, 33.799999, 34.07, 4075200.0, 31.904927, -0.27999899999999656, -1.619999, 1.2292978332190478, 0.0, 0.8, 0.0, 0.00656268341877011
'2014-12-05', 34.66, 34.880001, 34.200001, 34.5, 2773400.0, 32.307601, -0.34999800000000647, -2.2299990000000065, 1.235308841680819, 0.0, 0.5, 0.0, 0.0056515427174909216
'2014-12-04', 35.009998, 35.169998, 34.580002, 34.700001, 2798700.0, 32.494892, 0.2799980000000062, -1.8200039999999973, 1.2359233495836062, 0.0, 0.1, 0.0, 0.0047288142597945145
'2014-12-03', 34.73, 35.119999, 34.509998, 35.09, 5648900.0, 32.860108, -1.2700000000000031, -2.400001000000003, 1.2395629481399466, 0.0, 0.0, 0.0, 0.004940370072893147
'2014-12-02', 36.0, 36.169998, 34.939999, 35.189999, 8236900.0, 32.637233, -0.8899990000000031, -1.4399990000000003, 1.2393211371021233, 0.0, 0.0, 0.0, 0.0027638916666666625
'2014-12-01', 36.889999, 36.950001, 35.66, 36.099998, 4762800.0, 33.481219, 0.05999700000000274, 0.23999700000000246, 1.2326454218745244, 0.0, 0.0, 0.0, 0.001419926718840381
'2014-11-28', 36.830002, 37.290001, 36.759998, 37.119999, 2526400.0, 34.427226, -0.2999989999999997, 0.23000400000000099, 1.1854715388126782, 0.0, 0.0, 0.0, 0.0014316391491717153
'2014-11-26', 37.130001, 37.18, 36.59, 36.66, 3292800.0, 34.000597, -0.3099980000000002, 1.7700000000000031, 1.134431211567824, 0.0, 0.0, 0.0, 0.0010070386969848674
'2014-11-25', 37.439999, 37.59, 36.48, 37.09, 5520000.0, 34.399404, 0.7899969999999996, 2.2099990000000034, 1.0585074649090729, 0.0, 0.0, 0.0, 0.0006120938108643253
'2014-11-24', 36.650002, 37.599998, 36.580002, 37.41, 6164400.0, 34.69619, 0.05000400000000127, 1.5500040000000013, 0.9456230480843459, 0.0, 0.0, 0.0, 0.0014624828669859242
'2014-11-21', 36.599998, 37.0, 36.360001, 36.459999, 4231400.0, 33.815104, 1.2399970000000025, 1.5599970000000027, 0.8832458170744089, 0.0, 0.0, 0.0, 0.0014607020554397903
'2014-11-20', 35.360001, 36.450001, 35.360001, 36.130001, 3606000.0, 33.509045, 0.13000100000000003, 0.6000029999999938, 0.8130457893907084, 0.0, 0.0, 0.0, 0.002754735341903538
'2014-11-19', 35.23, 35.599998, 35.130001, 35.439999, 2346900.0, 32.869097, 0.1300019999999975, 0.07000000000000028, 0.801354824449365, 0.0, 0.0, 0.0, 0.002797942094805564
'2014-11-18', 35.099998, 35.490002, 34.919998, 35.299999, 3739900.0, 32.739254, 0.05999700000000274, 0.769995999999999, 0.792660164762712, 0.0, 0.0, -0.1, 0.0028391827926835637
'2014-11-17', 35.040001, 35.400002, 35.029999, 35.110001, 3266400.0, 32.563038, 0.28000299999999356, 0.9400029999999973, 0.785325410006256, 0.0, 0.0, -0.5, 0.0028063174617679572
'2014-11-14', 34.759998, 35.360001, 34.700001, 35.189999, 3271600.0, 32.637233, -0.40000199999999353, 1.0799980000000033, 0.7889221662083061, 0.0, 0.0, -0.8, 0.0029975167840733084
'2014-11-13', 35.16, 35.419998, 34.580002, 34.700001, 4174000.0, 32.18278, 0.8299979999999962, 1.7099989999999963, 0.8005936285596142, -1.0, 0.0, -1.0, 0.0
'2014-11-12', 34.330002, 35.220001, 34.25, 35.16, 3701100.0, 32.60941, 0.23000400000000099, 1.3000030000000038, 0.7945801297969091, 0.0, 0.0, -0.8, 0.024177044906667826
'2014-11-11', 34.099998, 34.5, 34.029999, 34.290001, 3688500.0, 31.802523, 0.41999799999999965, 1.0999979999999994, 0.8142711674464855, 0.0, 0.0, -0.5, 0.015542552231234694
'2014-11-10', 33.68, 34.130001, 33.630001, 33.900002, 4150500.0, 31.440815, 0.2299989999999994, 0.06000099999999975, 0.8535006414637079, 0.0, 0.1, -0.1, 0.014647664291369725
'2014-11-07', 33.450001, 34.0, 33.330002, 33.66, 3587800.0, 31.218224, 0.42000200000000376, -0.9899979999999999, 0.8744370196500811, 0.0, 0.5, 0.0, 0.012780261202383793
'2014-11-06', 33.029999, 33.5, 32.860001, 33.459999, 4958300.0, 31.032731, 0.029998999999996556, -1.6100000000000065, 0.8916284368882865, 0.0, 0.8, 0.0, 0.012897372476456934
'2014-11-05', 33.0, 33.130001, 32.720001, 33.02, 4532600.0, 30.624651, -0.619999, -0.5600009999999997, 0.9138852935565365, 1.0, 1.0, 0.0, 0.010909090909090893
'2014-11-04', 33.619999, 33.73, 32.919998, 33.0, 5350000.0, 30.606102, -0.8200000000000003, 0.11999899999999997, 0.8946543458174497, 0.0, 0.8, 0.0, 0.006543728417634467
'2014-11-03', 34.439999, 34.57, 33.900002, 33.939999, 4652700.0, 31.477911, -0.20000000000000284, -0.24000099999999946, 0.8907873975691053, 0.0, 0.5, 0.0, 0.0026132441234972027
'2014-10-31', 34.639999, 34.639999, 34.09, 34.380001, 4478000.0, 31.885994, 1.0799980000000033, -1.240001999999997, 0.9400377626227483, 0.0, 0.1, 0.0, 0.0016679529606478385
'2014-10-30', 33.560001, 34.32, 33.529999, 34.27, 5857800.0, 31.783973, 0.06000099999999975, -2.3299980000000033, 1.0119021257683534, 0.0, 0.0, 0.0, 0.0047675773311210475
'2014-10-29', 33.5, 34.189999, 33.5, 33.799999, 5736400.0, 31.348067, -1.1799999999999997, -1.9500010000000003, 1.0086555318624466, 0.0, 0.0, 0.0, 0.004504748982360913
'2014-10-28', 34.68, 35.040001, 33.25, 34.0, 15696800.0, 31.533559, -1.2000010000000003, -0.8900000000000006, 0.9952408654196122, 0.0, 0.0, 0.0, 0.0011534025374855751
'2014-10-27', 35.880001, 36.27, 35.43, 36.150002, 4729400.0, 33.527595, -0.00999800000000306, 0.5, 1.0131710651882397, 0.0, 0.0, 0.0, -0.0015436089956545032
'2014-10-24', 35.889999, 36.049999, 35.639999, 35.970001, 3368800.0, 33.360652, 0.4399980000000028, 1.4700010000000034, 1.0370842516086918, 0.0, 0.0, 0.0, -0.0014528500185883586
'2014-10-23', 35.450001, 36.209999, 35.369999, 35.939999, 3542400.0, 33.332826, -0.11999899999999997, 0.07000000000000028, 1.081971329154562, 0.0, 0.0, 0.0, -0.0005453709296087255
'2014-10-22', 35.57, 35.889999, 35.220001, 35.240002, 3126800.0, 32.683608, 0.18999900000000025, 0.6899990000000003, 1.1006564511343135, 0.0, 0.0, -0.1, -0.0007204104582513419
'2014-10-21', 35.380001, 35.540001, 35.150002, 35.450001, 3755900.0, 32.878374, 0.9600030000000004, 0.2299989999999994, 1.1250579338175535, 0.0, 0.0, -0.5, -0.0003657782625307967
'2014-10-20', 34.419998, 35.18, 34.209999, 35.18, 4126200.0, 32.62796, -0.9600030000000004, 0.0899959999999993, 1.1439916865671917, 0.0, 0.0, -0.8, 0.0011943993204828788
'2014-10-17', 35.380001, 35.419998, 34.419998, 34.490002, 5155000.0, 31.988015, 0.5, 1.2999989999999997, 1.1488918602632883, -1.0, 0.0, -1.0, 0.0
'2014-10-16', 34.880001, 35.650002, 34.709999, 35.119999, 4244200.0, 32.572311, -0.2700010000000006, 0.880001, 1.157672055348489, 0.0, 0.0, -0.8, 0.014334861974344554
'2014-10-15', 35.150002, 36.099998, 34.459999, 35.540001, 6417900.0, 32.961845, 0.8200000000000003, 0.3200000000000003, 1.140832709832478, 0.0, 0.1, -0.5, 0.003271678334470641
'2014-10-14', 34.330002, 35.82, 34.330002, 35.619999, 6979500.0, 33.03604, 0.25, 0.050003000000003794, 1.1338074326412926, 0.0, 0.5, -0.1, 0.010195154275454647
'2014-10-13', 34.080002, 34.73, 33.849998, 34.110001, 4581000.0, 31.63558, 0.08000200000000035, -0.4399980000000028, 1.0866190611255628, 0.0, 0.8, 0.0, 0.009536377081198526
'2014-10-10', 34.0, 34.669998, 33.849998, 34.080002, 3606500.0, 31.607758, -0.8300020000000004, -1.1799999999999997, 1.014500582684923, 1.0, 1.0, 0.0, 0.008117652941176471
'2014-10-09', 34.830002, 34.900002, 33.830002, 34.040001, 4167300.0, 31.570659, 0.5500030000000038, -0.46999699999999933, 0.9193229011622756, 0.0, 0.8, 0.0, 0.0026318258609344886
'2014-10-08', 34.279999, 35.0, 34.25, 34.93, 3734900.0, 32.396095, -0.24000100000000657, -0.5900000000000034, 0.8831223052085416, 0.0, 0.5, 0.0, 0.004584105818006103
'2014-10-07', 34.52, 34.779999, 34.200001, 34.240002, 3283700.0, 31.756151, -0.6599999999999966, -1.0099989999999934, 0.7868264669623047, 0.0, 0.1, 0.0, 0.003114140353418297
'2014-10-06', 35.18, 35.259998, 34.599998, 34.720001, 3318600.0, 32.20133, -0.11999899999999997, -0.8900000000000006, 0.7003481917360384, 0.0, 0.0, 0.0, 0.000631675194239152
'2014-10-03', 35.299999, 35.349998, 35.0, 35.110001, 3376800.0, 32.563038, 0.4299999999999997, -0.7900010000000037, 0.6390235154785818, 0.0, 0.0, 0.0, 0.00022663456732675925
'2014-10-02', 34.869999, 35.360001, 34.599998, 35.209999, 3908900.0, 32.655782, -0.6599999999999966, -1.490001999999997, 0.5764511818023033, 0.0, 0.0, 0.0, 0.001329619142857394
'2014-10-01', 35.529999, 35.599998, 34.689999, 34.869999, 4664200.0, 32.340447, -0.5400010000000037, -1.4700010000000034, 0.45380155090220753, 0.0, 0.0, 0.0, -0.0003518106863254639
'2014-09-30', 36.07, 36.110001, 35.549999, 35.610001, 3180700.0, 33.026767, -0.020000000000003126, -0.630001, 0.3882092027663044, 0.0, 0.0, 0.0, -0.001471495596169841
'2014-09-29', 36.09, 36.290001, 35.869999, 36.16, 2675700.0, 33.536868, -0.2700009999999935, -0.41999799999999965, 0.368589778421642, 0.0, 0.0, 0.0, -0.0014052151367612779
'2014-09-26', 36.360001, 36.91, 36.150002, 36.330002, 2529200.0, 33.694537, -0.6399990000000031, -0.6399990000000031, 0.3491873406150672, 0.0, 0.0, 0.0, -0.0017968463018835762
'2014-09-25', 37.0, 37.32, 36.259998, 36.279999, 3309800.0, 33.648162, 0.2999989999999997, -0.4299999999999997, 0.3892600018287456, 0.0, 0.0, 0.0, -0.002736484797297297
'2014-09-24', 36.700001, 37.169998, 36.669998, 37.080002, 2772600.0, 34.390131, 0.19000299999999726, -0.45999899999999627, 0.41992135705706807, 0.0, 0.0, 0.0, -0.002115723616016507
'2014-09-23', 36.509998, 37.27, 36.439999, 36.68, 4013100.0, 34.019146, -0.49000199999999694, -0.8000029999999967, 0.4428524405379084, 0.0, 0.0, 0.0, -0.0017194635592998738
'2014-09-22', 37.0, 37.0, 36.299999, 36.43, 2973900.0, 33.787282, -0.4299999999999997, -0.00999800000000306, 0.43926569241714647, 0.0, 0.0, 0.0, -0.0023044082503556186
'2014-09-19', 37.43, 37.549999, 37.040001, 37.049999, 6680900.0, 34.362305, 0.2700000000000031, 0.5299979999999991, 0.5581738934152256, 0.0, 0.0, 0.0, -0.0027384437616884845
'2014-09-18', 37.16, 37.5, 37.080002, 37.330002, 4030500.0, 34.621995, -0.15000100000000316, -0.25, 0.6168067993584228, 0.0, 0.0, 0.0, -0.0022809972320467437
'2014-09-17', 37.310001, 37.34, 36.799999, 37.02, 3253900.0, 34.334482, 0.3000029999999967, 0.40000100000000316, 0.6585822075753512, 0.0, 0.0, 0.0, -0.0023513071663351795
'2014-09-16', 37.009998, 37.450001, 36.860001, 37.150002, 3485600.0, 34.455052, 0.10999600000000243, -0.10000299999999385, 0.6906212321295337, 0.0, 0.0, 0.0, -0.001914872699604275
'2014-09-15', 36.900002, 37.27, 36.669998, 36.93, 4202800.0, 34.251011, -0.509997999999996, -0.19999599999999873, 0.8598514858723634, 0.0, 0.0, 0.0, -0.0017163515329890774
'2014-09-12', 37.41, 37.459999, 36.529999, 36.959999, 4619800.0, 34.278833, 0.5, -0.17000200000000376, 0.9229192503506853, 0.0, 0.0, 0.0, -0.002170541566426086
'2014-09-11', 36.91, 37.43, 36.830002, 37.34, 3725800.0, 34.631268, -0.20000100000000032, -0.13000100000000003, 0.9589588204581997, 0.0, 0.0, -0.1, -0.001594313611070584
'2014-09-10', 37.110001, 37.110001, 36.450001, 36.91, 4003800.0, 34.232461, 0.010002999999997542, 0.49000199999999694, 1.0064937479085632, 0.0, 0.0, -0.5, -0.0017265985542300028
'2014-09-09', 37.099998, 37.279999, 36.57, 36.66, 3580100.0, 34.000597, -0.480004000000001, 0.25, 1.037690768196974, 0.0, 0.1, -0.8, -0.0016557538435908884
'2014-09-08', 37.580002, 37.700001, 37.18, 37.349998, 3429500.0, 34.640541, 0.5400010000000037, 0.7400019999999969, 1.0503703519875605, -1.0, 0.5, -1.0, 0.0
'2014-09-05', 37.040001, 37.599998, 36.799999, 37.490002, 4616300.0, 34.770388, 0.42000199999999666, 0.12000299999999697, 1.030461532421749, 0.0, 0.8, -0.8, 0.01457886029754707
'2014-09-04', 36.619999, 37.450001, 36.57, 37.27, 5121900.0, 34.252864, -0.2299989999999994, -0.24000199999999694, 1.0316061932738783, 1.0, 1.0, -0.5, 0.01310763279922537
'2014-09-03', 36.849998, 36.849998, 36.400002, 36.52, 3322900.0, 33.563579, 0.009997999999995955, -0.5200010000000006, 1.0437749569929062, 0.0, 0.8, -0.1, 0.006603383442969712
'2014-09-02', 36.84, 37.290001, 36.48, 36.75, 3265100.0, 33.77496, -0.07999799999999624, -0.4099999999999966, 1.056926119609206, 0.0, 0.5, 0.0, 0.005021729098805625
'2014-08-29', 36.919998, 36.970001, 36.619999, 36.830002, 2764500.0, 33.848485, 0.05999700000000274, -0.6500020000000006, 1.0749781435302668, 0.0, 0.1, 0.0, 0.003575319803646797
'2014-08-28', 36.860001, 36.939999, 36.25, 36.779999, 4184300.0, 33.80253, -0.5099980000000031, -0.04999899999999968, 1.0846831863221837, 0.0, 0.0, -0.1, 0.003255566017664168
'2014-08-27', 37.369999, 37.52, 37.040001, 37.18, 2121800.0, 34.17015, 0.11999899999999997, 0.4799999999999969, 1.1127402373125765, 0.0, 0.0, -0.5, 0.0008027944708114289
'2014-08-26', 37.25, 37.400002, 37.060001, 37.18, 2257300.0, 34.17015, -0.3200000000000003, 0.8200000000000003, 1.1047223110713813, 0.0, 0.0, -0.8, 0.0011073892617449676
'2014-08-25', 37.57, 37.580002, 37.099998, 37.240002, 2284600.0, 34.225294, 0.6600000000000037, 1.1500020000000006, 1.0769243342660844, -1.0, 0.1, -1.0, 0.0
'2014-08-22', 36.91, 37.57, 36.900002, 37.360001, 4275000.0, 34.335579, 0.020000999999993496, 0.5200009999999935, 0.9960719259621995, 0.0, 0.5, -0.8, 0.017881332972094384
'2014-08-21', 36.889999, 37.130001, 36.580002, 36.790001, 3566100.0, 33.811722, 0.4599990000000034, 0.5, 0.9566213851775827, 0.0, 0.8, -0.5, 0.009216603665399899
'2014-08-20', 36.43, 37.02, 36.349998, 36.900002, 3386900.0, 33.912818, 0.010002000000000066, 0.5999979999999994, 0.9061259356066776, 1.0, 1.0, -0.1, 0.010430963491627785
'2014-08-19', 36.419998, 36.68, 36.330002, 36.439999, 2574500.0, 33.490054, 0.029998999999996556, 0.379997000000003, 0.8667975384528938, 0.0, 0.8, 0.0, 0.00789402844008943
'2014-08-18', 36.389999, 36.75, 36.16, 36.259998, 2963000.0, 33.324625, 0.0, 0.2999989999999997, 0.8325780266678807, 0.0, 0.5, 0.0, 0.006485303833066867
'2014-08-15', 36.389999, 36.43, 35.799999, 36.060001, 3328900.0, 33.140819, 0.5599970000000027, -0.2900009999999966, 0.788388270926565, 0.0, 0.1, 0.0, 0.005404419860889055
'2014-08-14', 35.830002, 36.32, 35.75, 36.310001, 3198300.0, 33.37058, -0.20999899999999627, 0.880001, 0.7369575518916259, 0.0, 0.0, -0.1, 0.006937514065925614
'2014-08-13', 36.040001, 36.09, 35.389999, 35.700001, 4559200.0, 32.809962, -0.04999900000000679, 0.8500019999999964, 0.7193318835952671, 0.0, 0.0, -0.5, 0.0053066001579744814
'2014-08-12', 36.09, 36.75, 35.779999, 35.98, 4307000.0, 33.067293, -0.5899999999999963, 0.7299990000000065, 0.6834355337566885, 0.0, 0.0, -0.8, 0.004556509959668719
'2014-08-11', 36.68, 36.759998, 36.029999, 36.18, 5760400.0, 33.251103, 1.7299989999999994, 1.3599999999999994, 0.6330727757543277, -1.0, 0.0, -1.0, 0.0
'2014-08-08', 34.950001, 36.75, 34.799999, 36.709999, 12093400.0, 33.738197, -0.23999799999999993, 1.240001999999997, 0.5083811526593108, 0.0, 0.0, -0.8, 0.04949925466382674
'2014-08-07', 35.189999, 35.369999, 34.720001, 34.82, 2913200.0, 32.0012, -0.17000199999999666, 0.619999, 0.5105535979713868, 0.0, 0.1, -0.5, 0.021170801965638014
'2014-08-06', 35.360001, 35.799999, 34.669998, 35.099998, 6330100.0, 32.258531, 0.04000099999999662, 0.75, 0.5152183318225872, 0.0, 0.5, -0.1, 0.012443429135272582
'2014-08-05', 35.32, 36.27, 35.099998, 35.799999, 14377200.0, 32.901865, 1.610000999999997, 0.8200000000000003, 0.4953154100856241, 0.0, 0.8, 0.0, 0.00962627406568516
'2014-08-04', 33.709999, 34.459999, 33.450001, 34.310001, 7286800.0, 31.532487, -0.8600009999999969, -0.8399999999999963, 0.46891710513747753, 1.0, 1.0, 0.0, 0.017620890466356856
'2014-08-01', 34.57, 34.73, 33.66, 33.700001, 5805400.0, 30.971868, -0.04000099999999662, -0.2299989999999994, 0.4618176335613972, 0.0, 0.8, 0.0, 0.010172596663773981
'2014-07-31', 34.610001, 34.939999, 34.389999, 34.560001, 4005500.0, 31.762249, 0.1100009999999969, -0.36999899999999997, 0.960092452366184, 0.0, 0.5, 0.0, 0.00854418186399773
'2014-07-30', 34.5, 34.919998, 34.5, 34.77, 4291900.0, 31.955248, -0.04999899999999968, -0.34999799999999937, 1.4650080547679358, 0.0, 0.1, -0.1, 0.00789855072463768
'2014-07-29', 34.549999, 34.689999, 34.290001, 34.349998, 3396800.0, 31.569247, -0.25, -0.20999900000000338, 1.7030329341767363, 0.0, 0.0, -0.5, 0.006849979294580523
'2014-07-28', 34.799999, 35.139999, 34.529999, 34.650002, 2836300.0, 31.844963, -0.1800009999999972, 0.34999799999999937, 1.8681842855806874, 0.0, 0.0, -0.8, 0.005402301879376491
'2014-07-25', 34.98, 35.16, 34.450001, 34.630001, 3873200.0, 31.826582, 0.1300019999999975, 0.7799989999999966, 1.970352378011363, -1.0, 0.0, -1.0, 0.0
'2014-07-24', 34.849998, 35.75, 34.77, 35.07, 4523700.0, 32.230961, 0.0899999999999963, 0.6999959999999987, 2.0791367777361733, 0.0, 0.0, -0.8, 0.003730330199731934
'2014-07-23', 34.759998, 34.799999, 34.459999, 34.57, 3085400.0, 31.771438, 0.30999700000000274, 1.0999980000000065, 2.1918169804985497, 0.0, 0.0, -0.5, 0.0031645859128069252
'2014-07-22', 34.450001, 34.709999, 34.330002, 34.599998, 3009400.0, 31.799008, 0.25, 0.8100019999999972, 2.3672519699717127, 0.0, 0.0, -0.1, 0.0051281953034872825
'2014-07-21', 34.200001, 34.669998, 34.130001, 34.32, 4506500.0, 31.541676, 0.04999899999999968, 0.2700010000000006, 2.4796710636160992, 0.0, 0.1, 0.0, 0.005701746909305621
'2014-07-18', 34.150002, 34.470001, 34.049999, 34.25, 4102300.0, 31.477343, 0.49000200000000405, -0.3199990000000028, 2.5454067186691893, 0.0, 0.5, 0.0, 0.004860895762172994
'2014-07-17', 33.66, 34.549999, 33.66, 34.09, 5234700.0, 31.330296, 0.020000999999993496, -0.49000200000000405, 2.573358929855763, 0.0, 0.8, 0.0, 0.006535947712418303
'2014-07-16', 33.639999, 33.869999, 33.389999, 33.790001, 5137400.0, 31.054583, -0.2900009999999966, -0.5600019999999972, 2.5925425588324122, 1.0, 1.0, 0.0, 0.005690508917247987
'2014-07-15', 33.93, 34.25, 33.509998, 33.59, 6275000.0, 30.870773, -0.5400010000000037, -0.6800009999999972, 2.6309315584285144, 0.0, 0.8, 0.0, 0.003868258178602996
'2014-07-14', 34.470001, 34.509998, 33.900002, 33.990002, 4275400.0, 31.238393, 0.3199990000000028, -1.1800009999999972, 2.6873122955022017, 0.0, 0.5, 0.0, 0.001643938320615506
'2014-07-11', 34.150002, 34.419998, 34.040001, 34.25, 4176600.0, 31.477343, -0.04999899999999968, -1.1199980000000025, 2.72830412784645, 0.0, 0.1, -0.1, 0.002430447881086497
'2014-07-10', 34.200001, 34.470001, 34.049999, 34.099998, 6999900.0, 31.339485, -0.4099999999999966, -0.9099999999999966, 2.7512285550684243, 0.0, 0.0, -0.5, 0.002073362512474771
'2014-07-09', 34.610001, 34.880001, 34.360001, 34.5, 7422400.0, 31.707105, -1.0400010000000037, 0.40000199999999353, 2.7705361316181447, 0.0, 0.0, -0.8, 0.0008908768884462037
'2014-07-08', 35.650002, 35.790001, 34.900002, 34.98, 5856000.0, 32.148247, 0.3800019999999975, 1.3900039999999976, 2.807149078050832, -1.0, 0.0, -1.0, 0.0
'2014-07-07', 35.27, 36.400002, 35.200001, 35.82, 9181400.0, 32.920246, 0.15999900000000622, 0.7700000000000031, 2.846239342099105, 0.0, 0.0, -0.8, 0.010774085625177133
'2014-07-03', 35.110001, 35.470001, 34.75, 35.139999, 4834600.0, 32.295294, 0.9000019999999935, 0.6900029999999973, 2.8608466822839294, 0.0, 0.0, -0.5, 0.007690130797774739
'2014-07-02', 34.209999, 35.299999, 34.060001, 35.060001, 10235900.0, 32.221772, -0.04999899999999968, 0.12999700000000303, 2.858460825969394, 0.0, 0.0, -0.1, 0.014031014733440919
'2014-07-01', 34.259998, 34.450001, 34.080002, 34.279999, 5480800.0, 31.504914, -0.24000199999999694, 0.5199960000000061, 2.8068948262371993, 0.0, 0.0, 0.0, 0.010143053715297922
'2014-06-30', 34.5, 34.5, 34.049999, 34.189999, 6627800.0, 31.422199, 0.08000200000000035, 0.47000100000000344, 2.734138577931799, 0.0, 0.0, 0.0, 0.006666678260869569
'2014-06-27', 34.419998, 34.790001, 34.380001, 34.470001, 6159600.0, 31.679535, 0.3399959999999993, 0.16999799999999965, 2.645810625372674, 0.0, 0.0, 0.0, 0.005955859342777034
'2014-06-26', 34.080002, 34.560001, 33.93, 34.34, 6358800.0, 31.560058, 0.3400000000000034, -0.9199979999999996, 2.5194942230361588, 0.0, 0.0, 0.0, 0.006581153201977932
'2014-06-25', 33.740002, 34.200001, 33.599998, 34.099998, 8710200.0, 31.339485, -0.2899969999999996, -5.399997000000006, 2.3580309029172146, 0.0, 0.0, 0.0, 0.007076170297796677
'2014-06-24', 34.029999, 34.860001, 33.849998, 34.09, 9444400.0, 31.330296, -0.22000100000000344, -6.740001000000007, 2.1341589884857957, 0.0, 0.0, 0.0, 0.005289460435580201
'2014-06-23', 34.25, 34.52, 33.830002, 34.02, 16914700.0, 31.265963, -0.75, -5.419998, 1.859101766134865, 0.0, 0.0, 0.0, 0.004087597080291973
'2014-06-20', 35.0, 35.189999, 34.310001, 34.73, 32718100.0, 31.918485, -4.139999000000003, -4.299999, 1.5065497491439916, 0.0, 0.0, 0.0, 0.0016883168831168848
'2014-06-19', 39.139999, 39.419998, 35.0, 35.689999, 38633500.0, 32.800769, -1.630001, 0.4799990000000065, 1.124792813119814, 0.0, 0.0, 0.0, -0.007430584843227347
'2014-06-18', 40.77, 40.790001, 39.080002, 39.189999, 12007200.0, 36.017432, 1.1000020000000035, 1.7799980000000062, 1.133119609672217, 0.0, 0.1, 0.0, -0.009660191317144965
'2014-06-17', 39.669998, 40.970001, 39.610001, 40.810001, 7574400.0, 37.50629, 0.36999899999999997, 0.3399959999999993, 1.2137538255993472, 0.0, 0.5, 0.0, -0.007238280461435148
'2014-06-16', 39.299999, 39.799999, 39.130001, 39.68, 3887200.0, 36.467766, 0.6399990000000031, -1.3300020000000004, 1.301222339239038, 0.0, 0.8, 0.0, -0.006191682939567842
'2014-06-13', 38.66, 39.41, 38.66, 39.369999, 3821500.0, 36.182861, -0.33000200000000035, -1.4599990000000034, 1.354819969295305, 1.0, 1.0, -0.1, -0.0048661374806000975
'2014-06-12', 38.990002, 39.049999, 38.560001, 38.669998, 5346200.0, 35.539527, -0.3400000000000034, -0.6799960000000027, 1.3479784036026539, 0.0, 0.8, -0.5, -0.005038999183310991
'2014-06-11', 39.330002, 39.369999, 38.689999, 39.130001, 6873400.0, 35.962291, -1.2999989999999997, 0.21000300000000038, 1.4344475635825595, 0.0, 0.5, -0.8, -0.00519818037244047
'2014-06-10', 40.630001, 40.700001, 39.450001, 39.580002, 6544900.0, 36.375863, 0.5100020000000001, 1.0200000000000031, 1.5660002000855364, -1.0, 0.1, -1.0, 0.0
'2014-06-09', 40.119999, 40.900002, 40.02, 40.830002, 5496900.0, 37.524671, 0.4500010000000003, -0.3200000000000003, 2.1028439066287925, 0.0, 0.0, -0.8, 0.012711914574075639
'2014-06-06', 39.669998, 40.200001, 39.599998, 39.990002, 6046300.0, 36.752672, 0.5499989999999997, -1.3300020000000004, 2.476915533535217, 0.0, 0.0, -0.5, 0.012099861966214372
'2014-06-05', 39.119999, 39.639999, 38.68, 39.580002, 6653300.0, 36.375863, -0.49000199999999694, -1.5800020000000004, 2.764710306355426, 0.0, 0.0, -0.1, 0.012866411371840783
'2014-06-04', 39.610001, 39.689999, 38.700001, 38.990002, 9281800.0, 35.833625, -0.8299980000000033, -1.3299980000000033, 2.9280744264222305, 0.0, 0.0, 0.0, 0.006437768077814509
'2014-06-03', 40.439999, 40.490002, 40.110001, 40.360001, 6493600.0, 36.782082, -0.5600009999999997, -0.8100009999999997, 3.042734467583982, 0.0, 0.0, 0.0, 0.0009396736137406917
'2014-06-02', 41.0, 41.0, 40.34, 40.439999, 3997000.0, 36.854988, 0.2999989999999997, -0.7200010000000034, 3.1661457225046763, 0.0, 0.0, 0.0, -0.001504060975609756
'2014-05-30', 40.700001, 40.98, 40.599998, 40.709999, 5172000.0, 37.101053, -0.23999799999999993, -0.7000010000000003, 3.268607098750373, 0.0, 0.0, 0.0, -0.00024570023966338577
'2014-05-29', 40.939999, 40.98, 40.52, 40.610001, 3387400.0, 37.00992, -0.31000099999999975, -0.49000099999999946, 3.327150389364135, 0.0, 0.1, 0.0, -0.000946501000158794
'2014-05-28', 41.25, 41.369999, 40.41, 40.810001, 4425000.0, 37.19219, -0.47000100000000344, -0.2900009999999966, 3.341622567370076, 0.0, 0.5, 0.0, -0.0016700309764309763
'2014-05-27', 41.720001, 41.830002, 41.220001, 41.360001, 3550500.0, 37.693432, 0.3199990000000028, -0.09999899999999684, 3.376605542767161, 0.0, 0.8, 0.0, -0.002612655737951692
'2014-05-23', 41.400002, 41.630001, 41.169998, 41.529999, 1967400.0, 37.84836, -0.02999799999999908, -0.4299999999999997, 3.4002627717675162, 1.0, 1.0, 0.0, -0.001690823370228121
'2014-05-22', 41.43, 41.639999, 41.220001, 41.34, 2387500.0, 37.675205, -0.1100009999999969, -0.2700010000000006, 3.4218232120905028, 0.0, 0.8, 0.0, -0.0016091379032906906
'2014-05-21', 41.540001, 41.889999, 41.27, 41.439999, 2280400.0, 37.766338, -0.27999900000000366, 0.0899999999999963, 3.4051504567315583, 0.0, 0.5, 0.0, -0.0016851227326643479
'2014-05-20', 41.82, 41.82, 41.240002, 41.389999, 3477100.0, 37.720771, -0.010002000000000066, -0.33000200000000035, 3.3611076703044103, 0.0, 0.1, 0.0, -0.002032518617202979
'2014-05-19', 41.830002, 42.099998, 41.450001, 41.869999, 3356800.0, 38.158219, 0.13000100000000003, -0.7299989999999994, 3.333811743955383, 0.0, 0.0, 0.0, -0.0019125044905966462
'2014-05-16', 41.700001, 42.16, 41.59, 41.990002, 3600000.0, 38.267584, 0.25, -0.5499989999999997, 3.3110234595029913, 0.0, 0.0, 0.0, -0.0016037169879204564
'2014-05-15', 41.450001, 41.759998, 41.130001, 41.650002, 3732000.0, 37.957724, -0.7000010000000003, -0.48999799999999993, 3.256745614628409, 0.0, 0.0, 0.0, -0.001163698261856425
'2014-05-14', 42.150002, 42.200001, 41.439999, 41.580002, 4735100.0, 37.89393, -0.4099989999999991, 0.14000399999999757, 3.1433151359249187, 0.0, 0.0, 0.0, -0.0020034281374411334
'2014-05-13', 42.560001, 42.66, 42.099998, 42.200001, 3980800.0, 38.458966, 0.31000099999999975, -0.11999899999999997, 3.04675883193949, 0.0, 0.0, 0.0, -0.0023867233313368823
'2014-05-12', 42.25, 42.669998, 42.16, 42.470001, 3122600.0, 38.705031, 0.31000099999999975, -1.0700000000000003, 2.955329120912312, 0.0, 0.0, 0.0, -0.0019171585798816568
'2014-05-09', 41.939999, 42.279999, 41.619999, 42.119999, 3633700.0, 38.386057, -0.06999900000000281, -2.020000000000003, 2.804575755519135, 0.0, 0.0, 0.0, -0.0014873833722041138
'2014-05-08', 42.009998, 42.68, 41.860001, 42.040001, 6844400.0, 38.31315, -0.6700019999999967, -1.990001999999997, 2.595866923874972, 0.0, 0.0, 0.0, -0.001493147806473033
'2014-05-07', 42.68, 42.75, 41.619999, 42.009998, 9328100.0, 38.285807, -0.6400000000000006, -1.2799990000000037, 2.36046194134899, 0.0, 0.0, 0.0, -0.0020883409396520104
'2014-05-06', 43.32, 43.330002, 42.299999, 42.610001, 7576900.0, 38.832619, -0.6399990000000031, -1.9500000000000028, 2.134630269229929, 0.0, 0.0, 0.0, -0.002587333602646968
'2014-05-05', 43.959999, 43.959999, 43.330002, 43.389999, 4953000.0, 39.543471, -0.04000099999999662, -2.0300029999999936, 1.929366989686139, 0.0, 0.0, 0.0, -0.0030300255466338866
'2014-05-02', 44.0, 44.360001, 43.580002, 43.880001, 5630500.0, 39.990034, 0.04000099999999662, -5.849997999999999, 1.7305562629530642, 0.0, 0.0, 0.0, -0.0029458033216783214
'2014-05-01', 43.959999, 44.200001, 43.279999, 44.009998, 10414400.0, 40.108507, -1.3100009999999997, -5.9000019999999935, 1.474379156647713, 0.0, 0.0, 0.0, -0.002805579209846192
'2014-04-30', 45.27, 45.599998, 43.900002, 44.650002, 15349400.0, 40.691774, -0.7200019999999938, -4.790000999999997, 1.1184909384530712, 0.0, 0.0, 0.0, -0.003660575436271263
'2014-04-29', 45.990002, 47.0, 45.34, 45.709999, 21264000.0, 41.657803, -3.8599960000000024, -3.619999, 0.8228701192246405, 0.0, 0.0, -0.1, -0.004018865245747436
'2014-04-28', 49.849998, 50.599998, 49.470001, 50.419998, 7400200.0, 45.95026, -0.010002999999997542, 0.5899999999999963, 0.49207842891308057, 0.0, 0.0, -0.5, -0.006165160394456451
'2014-04-25', 49.860001, 50.07, 49.34, 49.82, 4022100.0, 45.403451, -0.20000000000000284, 0.38999999999999346, 0.5303365292186548, 0.0, 0.0, -0.8, -0.005971558955321138
'2014-04-24', 50.060001, 50.470001, 49.740002, 50.0, 3179900.0, 45.567495, 0.45000000000000284, 0.7400009999999995, 0.5381399062215453, -1.0, 0.0, -1.0, 0.0
'2014-04-23', 49.610001, 50.380001, 49.580002, 50.060001, 3902700.0, 45.622177, 0.35000299999999385, 0.44000299999999726, 0.5424707603193305, 0.0, 0.0, -0.8, 0.009070751681702302
'2014-04-22', 49.259998, 50.0, 49.02, 49.52, 2350400.0, 45.130047, -0.21000300000000038, 0.7799980000000062, 0.5521624171296183, 0.0, 0.0, -0.5, 0.008120209424287803
'2014-04-21', 49.470001, 49.880001, 48.959999, 49.110001, 2925300.0, 44.756394, 0.15000100000000316, 0.2800020000000032, 0.5652615606968123, 0.0, 0.1, -0.1, 0.003975473270491048
'2014-04-17', 49.32, 49.889999, 49.32, 49.48, 3144200.0, 45.093592, 0.15000200000000063, 0.3200000000000003, 0.6000694169299912, 0.0, 0.5, 0.0, 0.003751018856447686
'2014-04-16', 49.169998, 49.380001, 48.93, 49.25, 2080500.0, 44.883982, 0.6899980000000028, -0.5400010000000037, 0.6578114402583952, 0.0, 0.8, 0.0, 0.00362010590279056
'2014-04-15', 48.48, 49.389999, 48.049999, 48.860001, 4573100.0, 44.528556, -0.7099990000000034, -0.7700000000000031, 0.7082907387045901, 1.0, 1.0, 0.0, 0.005431796617161726
'2014-04-14', 49.189999, 49.400002, 48.369999, 48.75, 4078000.0, 44.428307, 0.18999900000000025, 0.32999800000000334, 0.7082907387045901, 0.0, 0.8, 0.0, 0.0025266518098526476
'2014-04-11', 49.0, 49.299999, 48.360001, 48.810001, 3805600.0, 44.48299, -0.7099990000000034, -0.5999979999999994, 0.7355920723707285, 0.0, 0.5, 0.0, 0.0027040841836734686
'2014-04-10', 49.709999, 50.860001, 49.369999, 49.470001, 4624700.0, 45.08448, 0.4599990000000034, -0.5899999999999963, 0.7375395065887662, 0.0, 0.1, 0.0, 0.0007823196920826876
'2014-04-09', 49.25, 49.970001, 49.189999, 49.68, 3402600.0, 45.275863, 0.3899990000000031, -1.0400009999999966, 0.7512746338362627, 0.0, 0.0, -0.1, 0.0016446720812182737
'2014-04-08', 48.860001, 49.419998, 48.75, 49.09, 4456600.0, 44.738166, -0.7399970000000025, -0.8499980000000065, 0.7727251349903732, 0.0, 0.0, -0.5, 0.0022327242500651883
'2014-04-07', 49.599998, 49.75, 48.610001, 48.880001, 3180200.0, 44.546784, -0.7000010000000003, -0.25, 0.8101674409112046, 0.0, 0.0, -0.8, 0.000772854533851662
'2014-04-04', 50.299999, 50.709999, 49.490002, 49.560001, 2540200.0, 45.166502, 0.00999800000000306, 0.20999899999999627, 0.8484911047272755, -1.0, 0.0, -1.0, 0.0
'2014-04-03', 50.290001, 50.389999, 49.790001, 50.060001, 2210500.0, 45.622177, 0.5800019999999932, 0.8199999999999932, 0.8693098591419012, 0.0, 0.0, -0.8, 0.0001988069159116354
'2014-04-02', 49.709999, 50.279999, 49.509998, 50.130001, 3840000.0, 45.685971, -0.139998999999996, 0.46999700000000644, 0.8713273126042791, 0.0, 0.0, -0.5, 0.00593441975325725
'2014-04-01', 49.849998, 49.860001, 49.349998, 49.650002, 4415100.0, 45.248524, -0.24000200000000405, 0.019995999999999015, 0.8776406444307725, 0.0, 0.1, -0.1, 0.0030090338886941065
'2014-03-31', 50.09, 50.150002, 49.34, 49.66, 3406600.0, 45.257636, 0.619999, 0.1399990000000031, 0.8651491254890393, 0.0, 0.5, 0.0, 0.001048108404871213
'2014-03-28', 49.470001, 50.169998, 49.150002, 49.669998, 2896100.0, 45.266747, 0.2299990000000065, -1.0200009999999935, 0.8615704501412935, 0.0, 0.8, 0.0, 0.0033555608781976626
'2014-03-27', 49.240002, 49.810001, 49.16, 49.349998, 2656400.0, 44.975116, -0.5900000000000034, -1.1699979999999996, 0.9286517585552981, 1.0, 1.0, 0.0, 0.0035878586411647005
'2014-03-26', 49.830002, 50.099998, 49.110001, 49.110001, 2580500.0, 44.756394, -0.11999899999999997, -0.379997000000003, 0.9501322728388951, 0.0, 0.8, 0.0, 0.0013474297787792276
'2014-03-25', 49.950001, 50.119999, 49.16, 49.5, 2939800.0, 45.11182, -0.5400009999999966, -0.2299989999999994, 0.9602490625069565, 0.0, 0.5, 0.0, 0.0008758708533359173
'2014-03-24', 50.490002, 50.740002, 49.77, 49.790001, 2406100.0, 45.376112, 0.08000200000000035, 0.2900009999999966, 0.9469952565884576, 0.0, 0.1, 0.0, -0.0004181311865355866
'2014-03-21', 50.41, 51.0, 50.130001, 50.240002, 3760200.0, 45.78622, 0.2000009999999932, 1.130001, 0.9261811969593897, 0.0, 0.0, 0.0, -0.00021821265621899805
'2014-03-20', 50.209999, 50.310001, 49.91, 49.990002, 2257200.0, 45.558383, 0.02999900000000366, 1.6600000000000037, 0.9852931799560196, 0.0, 0.0, 0.0, 0.0001629519686271622
'2014-03-19', 50.18, 50.43, 49.880001, 50.25, 2670300.0, 45.795332, -0.0200010000000006, 1.119999, 1.0280245755823259, 0.0, 0.0, 0.0, 0.0001992809220140826
'2014-03-18', 50.200001, 50.290001, 49.599998, 50.23, 3594700.0, 45.777105, 0.9200020000000038, 1.2200010000000034, 0.9905904872690319, 0.0, 0.0, -0.1, 0.00015323015324549092
'2014-03-17', 49.279999, 49.639999, 48.91, 49.439999, 3559700.0, 45.057137, 0.7299999999999969, 0.2899969999999996, 0.903981428312888, 0.0, 0.0, -0.5, 0.0014784323120043707
'2014-03-14', 48.549999, 49.950001, 48.549999, 49.110001, 6106500.0, 44.756394, -0.5100020000000001, -0.2700010000000006, 0.8692169464530829, 0.0, 0.0, -0.8, 0.0024030209901068516
'2014-03-13', 49.060001, 49.150002, 48.009998, 48.189999, 4964900.0, 43.91795, 0.08000100000000288, 0.6500010000000032, 0.8645530558239778, -1.0, 0.0, -1.0, 0.0
'2014-03-12', 48.98, 49.07, 48.610001, 49.029999, 2534500.0, 44.683484, -0.010002000000000066, 0.9899979999999999, 0.8502233543416488, 0.0, 0.0, -0.8, 0.0016333401388322353
'2014-03-11', 48.990002, 49.84, 48.93, 49.169998, 3603100.0, 44.811073, 0.17000199999999666, 1.0200009999999935, 0.8321128087259562, 0.0, 0.0, -0.5, 0.000714421281305549
'2014-03-10', 48.82, 49.099998, 48.509998, 48.93, 3110300.0, 44.592351, 0.4100000000000037, 0.3400000000000034, 0.8249095036434373, 0.0, 0.1, -0.1, 0.0016386795029359514
'2014-03-07', 48.41, 49.240002, 48.400002, 48.82, 3331200.0, 44.492101, 0.41999799999999965, 0.11999899999999997, 0.8211727212693029, 0.0, 0.5, 0.0, 0.0033567496385044577
'2014-03-06', 47.990002, 48.560001, 47.990002, 48.34, 2343900.0, 44.054654, 0.020000999999993496, -0.9100000000000037, 0.8403798506767634, 0.0, 0.8, 0.0, 0.004459257992946126
'2014-03-05', 47.970001, 48.259998, 47.509998, 48.110001, 2648000.0, 43.845044, -0.5099989999999934, -0.5299989999999966, 0.8590091157458857, 1.0, 1.0, -0.1, 0.0037870890739957674
'2014-03-04', 48.48, 48.66, 48.130001, 48.41, 3409000.0, 43.810411, 0.18999900000000025, 0.14999799999999652, 1.2253903951173208, 0.0, 0.8, -0.5, 0.0017091024280999616
'2014-03-03', 48.290001, 48.599998, 47.669998, 48.080002, 2763800.0, 43.511767, -0.610001000000004, 0.40000199999999353, 1.4255001404112502, 0.0, 0.5, -0.8, 0.0019931662457410263
'2014-02-28', 48.900002, 49.130001, 48.459999, 48.810001, 2999600.0, 44.172407, 0.40000200000000063, 1.0800020000000004, 1.720622742007234, -1.0, 0.1, -1.0, 0.0
'2014-02-27', 48.5, 48.939999, 48.349998, 48.82, 2724700.0, 44.181455, 0.16999799999999965, 0.8600009999999969, 1.9864431221661745, 0.0, 0.0, -0.8, 0.008247463917525786
'2014-02-26', 48.330002, 48.880001, 48.290001, 48.459999, 2514900.0, 43.855659, 0.44000299999999726, 0.49000199999999694, 2.229837920996145, 0.0, 0.1, -0.5, 0.005896958166896003
'2014-02-25', 47.889999, 48.389999, 47.799999, 48.27, 2769400.0, 43.683713, 0.06999900000000281, -0.22999999999999687, 2.5614218053263236, 0.0, 0.5, -0.1, 0.0070300203319416605
'2014-02-24', 47.82, 48.360001, 47.689999, 47.950001, 2467500.0, 43.394118, 0.1800009999999972, -0.8100009999999997, 2.8198970444801574, 0.0, 0.8, 0.0, 0.005646183605186116
'2014-02-21', 47.639999, 48.259998, 47.580002, 47.650002, 2440300.0, 43.122622, -0.20000100000000032, -0.1800009999999972, 3.0286509849108367, 1.0, 1.0, -0.1, 0.005289685249573567
'2014-02-20', 47.84, 48.099998, 47.5, 47.639999, 2385900.0, 43.113571, -0.27999899999999656, 1.009998000000003, 3.2454762226625613, 0.0, 0.8, -0.5, 0.0036928720735785853
'2014-02-19', 48.119999, 48.349998, 47.75, 47.84, 3052200.0, 43.294569, -0.5100020000000001, 0.5599980000000002, 3.427107940659984, 0.0, 0.3, -0.8, 0.002315648427174741
'2014-02-18', 48.630001, 48.630001, 47.950001, 48.130001, 3015800.0, 43.557016, 0.8100009999999997, 1.3100009999999997, 3.591510059261858, -1.0, 0.3, -1.0, 0.0
'2014-02-14', 47.82, 48.470001, 47.509998, 48.080002, 3728000.0, 43.511767, 0.9899979999999999, 0.22999999999999687, 3.717673375970691, 0.0, 0.8, -0.8, 0.016938540359682137
'2014-02-13', 46.830002, 47.970001, 46.830002, 47.900002, 4622300.0, 43.348869, -0.7299989999999994, -0.019995999999999015, 3.812452209985543, 1.0, 1.0, -0.3, 0.019218438214032102
'2014-02-12', 47.560001, 47.799999, 46.860001, 46.939999, 3688400.0, 42.480079, 0.24000099999999946, 1.9400019999999998, 3.8659911176539343, 0.0, 0.8, -0.3, 0.0074992989732415435
'2014-02-11', 47.32, 47.52, 46.950001, 47.34, 3878500.0, 42.842075, -0.2700000000000031, 1.6699979999999996, 3.9062965204684064, 0.0, 0.3, -0.8, 0.006920968934911241
'2014-02-10', 47.59, 47.669998, 46.970001, 47.200001, 3701400.0, 42.715378, 0.740002000000004, 0.9799990000000065, 3.9409454165580935, -1.0, 0.3, -1.0, 0.0
'2014-02-07', 46.849998, 47.700001, 46.700001, 47.560001, 6449000.0, 43.041173, 1.2299989999999994, -1.0400010000000037, 3.9516192336224445, 0.0, 0.8, -0.8, 0.015795134078767818
'2014-02-06', 45.619999, 46.560001, 45.450001, 46.419998, 5194200.0, 42.009486, -0.030003000000000668, -2.2000010000000003, 3.900308776033174, 1.0, 1.0, -0.5, 0.02159141871090356
'2014-02-05', 45.650002, 45.650002, 44.310001, 45.41, 9090200.0, 41.09545, -0.9599989999999963, -2.6799999999999997, 3.747405950236519, 0.0, 0.8, -0.1, 0.014165738700296244
'2014-02-04', 46.610001, 46.610001, 45.360001, 45.630001, 9302300.0, 41.294549, -1.2799980000000062, -2.0799980000000033, 3.5388302150288866, 0.0, 0.5, 0.0, 0.005256377274053301
'2014-02-03', 47.889999, 47.900002, 46.220001, 46.5, 5957700.0, 42.081886, 0.06999900000000281, -0.5499999999999972, 3.3589785436053914, 0.0, 0.1, 0.0, -0.0012528670130062007
'2014-01-31', 47.82, 48.080002, 47.43, 47.889999, 5602700.0, 43.339817, -0.5100020000000001, -1.0, 3.219595902494118, 0.0, 0.0, 0.0, -0.0008016171755192976
'2014-01-30', 48.330002, 48.540001, 48.099998, 48.290001, 3519600.0, 43.701813, -0.3599969999999999, -0.3899990000000031, 3.049142366152821, 0.0, 0.0, 0.0, -0.0021873487906863935
'2014-01-29', 48.689999, 49.25, 47.779999, 47.93, 5724500.0, 43.376018, 0.25, -0.2900009999999966, 2.8846265348531936, 0.0, 0.0, 0.0, -0.0028239859894020453
'2014-01-28', 48.439999, 49.290001, 48.349998, 48.799999, 5264900.0, 44.163355, -0.38000100000000003, -0.42000199999999666, 2.7130602639826003, 0.0, 0.0, 0.0, -0.0019497179042743784
'2014-01-27', 48.82, 49.07, 48.299999, 48.299999, 5137500.0, 43.710862, 0.09999899999999684, -3.9399980000000028, 2.4882259921346837, 0.0, 0.0, 0.0, -0.0025194592380171996
'2014-01-24', 48.720001, 49.299999, 48.700001, 48.810001, 6744300.0, 44.172407, -0.25999899999999343, -3.3999979999999965, 2.257425167801484, 0.0, 0.0, 0.0, -0.002108525482919502
'2014-01-23', 48.98, 49.52, 48.380001, 49.349998, 10833000.0, 44.661097, 0.11999899999999997, -4.560001, 1.9655423040194846, 0.0, 0.0, 0.0, -0.0023649108479651447
'2014-01-22', 48.860001, 49.880001, 48.400002, 49.380001, 23412900.0, 44.688249, -3.899997000000006, -5.029998000000006, 1.621983707707335, 0.0, 0.0, 0.0, -0.001999434764960077
'2014-01-21', 52.759998, 53.150002, 52.459999, 52.549999, 5950800.0, 47.557056, 0.6399990000000031, -1.4000019999999935, 1.1030296228526033, 0.0, 0.0, 0.0, -0.006999347714694216
'2014-01-17', 52.119999, 53.200001, 52.009998, 52.560001, 5610800.0, 47.566107, -1.4200019999999967, -3.630001, 0.9834344176412408, 0.0, 0.0, 0.0, -0.00579431963023125
'2014-01-16', 53.540001, 54.130001, 52.049999, 52.630001, 7099800.0, 47.629456, -0.34999800000000647, -2.110001000000004, 0.7337731254438116, 0.0, 0.0, 0.0, -0.006945742539302522
'2014-01-15', 53.889999, 54.439999, 53.0, 54.130001, 3677400.0, 48.986936, -0.2700009999999935, -1.6900029999999973, 0.6175852810217084, 0.0, 0.0, 0.0, -0.006876752335263324
'2014-01-14', 54.16, 54.389999, 53.700001, 53.880001, 3584800.0, 48.76069, -1.5900000000000034, -2.139999000000003, 0.5666125165511501, 0.0, 0.0, 0.0, -0.006739290989660259
'2014-01-13', 55.75, 55.98, 53.93, 54.299999, 5552600.0, 49.140782, 0.09999799999999937, -0.5200000000000031, 0.503026225074227, 0.0, 0.0, 0.0, -0.007703563842341276
'2014-01-10', 55.650002, 56.16, 55.330002, 56.080002, 2504700.0, 50.751661, 0.07000000000000028, -0.759997999999996, 0.5001909968771053, 0.0, 0.0, 0.0, -0.007241690665168348
'2014-01-09', 55.580002, 55.669998, 55.049999, 55.650002, 2505100.0, 50.362517, -0.7199969999999993, -0.41999799999999965, 0.5424289129473673, 0.0, 0.0, 0.0, -0.006845560849643107
'2014-01-08', 56.299999, 56.299999, 55.57, 55.709999, 3304400.0, 50.416814, 0.029998999999996556, 0.14999699999999905, 0.6443863340859184, 0.0, 0.0, 0.0, -0.007032132370988946
'2014-01-07', 56.27, 56.59, 55.029999, 56.380001, 4074600.0, 51.023157, -0.13999999999999346, -0.1800009999999972, 0.7206249508439925, 0.0, 0.0, 0.0, -0.006706794106056977
'2014-01-06', 56.41, 56.639999, 55.799999, 55.860001, 2268100.0, 50.552563, 0.4099999999999966, 0.2700009999999935, 0.8476815076437408, 0.0, 0.0, 0.0, -0.006514802340010632
'2014-01-03', 56.0, 56.720001, 55.82, 56.240002, 2006100.0, 50.896459, -0.15000200000000063, -0.75, 0.8919060448531785, 0.0, 0.0, 0.0, -0.006007142857142855
'2014-01-02', 56.150002, 56.650002, 55.639999, 55.91, 3446700.0, 50.597812, -0.2999989999999997, -0.3599960000000024, 0.9511211290080985, 0.0, 0.0, -0.1, -0.0058634164635265025
'2013-12-31', 56.450001, 56.669998, 55.75, 56.130001, 2224500.0, 50.79691, 0.3100019999999972, 0.15000200000000063, 0.9861054137706402, 0.0, 0.0, -0.5, -0.005813076693925746
'2013-12-30', 56.139999, 56.509998, 55.720001, 56.389999, 1632700.0, 51.032205, -0.6100009999999969, 0.0, 1.0242995650258815, 0.0, 0.0, -0.8, -0.005439207562915295
'2013-12-27', 56.75, 56.880001, 55.990002, 56.27, 1225900.0, 50.923608, 0.24000199999999694, 1.259998000000003, 1.0914344789623267, -1.0, 0.0, -1.0, 0.0
'2013-12-26', 56.509998, 56.880001, 56.389999, 56.57, 1017600.0, 51.195103, 0.20999900000000338, 0.8099970000000027, 1.2083380500602656, 0.0, 0.0, -0.8, 0.004247071465123692
'2013-12-24', 56.299999, 56.68, 56.049999, 56.43, 872900.0, 51.068405, 0.1599999999999966, 0.8899990000000031, 1.3259266243738543, 0.0, 0.0, -0.5, 0.003996456554111132
'2013-12-23', 56.139999, 56.23, 55.759998, 56.110001, 1412500.0, 50.77881, 0.6499970000000062, 0.7099990000000034, 1.4484978505875585, 0.0, 0.1, -0.1, 0.0036219036389128828
'2013-12-20', 55.490002, 56.450001, 55.41, 56.060001, 3186600.0, 50.733561, -0.20999900000000338, -0.10999600000000243, 1.5927631099309079, 0.0, 0.5, 0.0, 0.00567668928900022
'2013-12-19', 55.700001, 55.889999, 55.32, 55.43, 1671300.0, 50.163419, 0.29000100000000373, 0.1800009999999972, 1.6518512973566635, 0.0, 0.8, 0.0, 0.0037701938281832336
'2013-12-18', 55.41, 55.75, 54.77, 55.720001, 2175300.0, 50.425866, -0.020000000000003126, -0.020000000000003126, 1.7256103079783311, 1.0, 1.0, 0.0, 0.004030560067376537
'2013-12-17', 55.43, 55.470001, 54.93, 55.299999, 1960900.0, 50.045769, -0.16999799999999965, -0.4599990000000034, 1.8363632227860236, 0.0, 0.8, 0.0, 0.003401974175923302
'2013-12-16', 55.599998, 55.830002, 54.900002, 55.32, 2503100.0, 50.063869, 0.07999799999999624, -0.5300030000000007, 1.9598375635923855, 0.0, 0.5, 0.0, 0.002585436244080442
'2013-12-13', 55.52, 56.099998, 55.360001, 55.5, 1886700.0, 50.226767, 0.09000000000000341, -0.7799989999999966, 2.037790000739062, 0.0, 0.1, 0.0, 0.002461575408261281
'2013-12-12', 55.43, 56.09, 55.18, 55.52, 2635700.0, 50.244867, -0.4599990000000034, -0.6500020000000006, 2.0958539333012585, 0.0, 0.0, 0.0, 0.0023813819231463113
'2013-12-11', 55.889999, 56.130001, 55.380001, 55.459999, 2936500.0, 50.190567, -0.24000199999999694, -0.4099999999999966, 2.1491056960463615, 0.0, 0.0, 0.0, 0.0013988532919978905
'2013-12-10', 56.130001, 56.27, 55.509998, 56.150002, 3254000.0, 50.81501, -0.16999799999999965, 0.4099999999999966, 2.205883028781854, 0.0, 0.0, 0.0, 0.0009204807128603709
'2013-12-09', 56.299999, 56.68, 55.970001, 56.060001, 3047600.0, 50.733561, 0.21999699999999933, -0.20000100000000032, 2.2567451964280876, 0.0, 0.0, 0.0, 0.000614839469863251
'2013-12-06', 56.080002, 56.369999, 55.169998, 55.619999, 2474400.0, 50.335365, -0.21999699999999933, -1.369999, 2.3014821732095525, 0.0, 0.0, 0.0, 0.0008533701550153292
'2013-12-05', 56.299999, 56.450001, 55.349998, 55.720001, 3170900.0, 50.425866, 0.5799979999999962, -0.9500010000000003, 2.387963936764982, 0.0, 0.0, 0.0, 0.0005328608738814842
'2013-12-04', 55.720001, 56.560001, 55.610001, 56.470001, 3336100.0, 51.104606, -0.7799989999999966, -0.5599979999999931, 2.3806313026872785, 0.0, 0.0, 0.0, 0.001155329080126897
'2013-12-03', 56.5, 57.0, 56.150002, 56.650002, 4421100.0, 50.961617, -0.9500010000000003, 1.639999000000003, 2.3720226744843416, 0.0, 0.0, 0.0, 0.0002602811035918792
'2013-12-02', 57.450001, 57.709999, 56.389999, 56.540001, 7634600.0, 50.862662, 0.20000100000000032, 3.360000999999997, 2.2735002849940105, 0.0, 0.0, 0.0, -0.0006769180812450196
'2013-11-29', 57.25, 57.950001, 57.150002, 57.900002, 2832200.0, 52.086101, 0.9700010000000034, 3.0499989999999997, 2.1049809896953837, 0.0, 0.0, 0.0, -0.0004596644449551827
'2013-11-27', 56.279999, 57.41, 56.139999, 57.130001, 5042300.0, 51.393418, 1.4199979999999996, 2.8399999999999963, 1.9242532876593579, 0.0, 0.0, 0.0, 0.00041755597756851725
'2013-11-26', 54.860001, 57.150002, 54.759998, 56.360001, 10365100.0, 50.700736, 0.7700009999999935, 0.6599999999999966, 1.8040754107301598, 0.0, 0.0, 0.0, 0.0016405386573170593
'2013-11-25', 54.09, 54.630001, 54.029999, 54.560001, 2727600.0, 49.08148, -0.1100009999999969, 0.1600000000000037, 1.769807028916202, 0.0, 0.0, -0.1, 0.0022353316862468247
'2013-11-22', 54.200001, 54.299999, 53.73, 54.220001, 2618300.0, 48.77562, 0.7600020000000001, 0.010002000000000066, 1.7531936654007152, 0.0, 0.0, -0.5, 0.002045563093977257
'2013-11-21', 53.439999, 54.130001, 53.209999, 53.970001, 3211600.0, 48.550723, -0.7600020000000001, -0.4400019999999998, 1.7539831580469367, 0.0, 0.0, -0.8, 0.0025807767760873896
'2013-11-20', 54.200001, 54.740002, 53.299999, 53.450001, 5637100.0, 48.082937, 0.2700010000000006, 0.8300020000000004, 1.788095866247134, -1.0, 0.0, -1.0, 0.0
'2013-11-19', 53.93, 54.27, 53.799999, 53.950001, 2650200.0, 48.532731, -0.25999900000000054, 1.6700019999999967, 1.7655925924872202, 0.0, 0.0, -0.8, 0.005006508436862611
'2013-11-18', 54.189999, 54.32, 53.91, 54.029999, 3676700.0, 48.604696, 0.3099980000000002, 2.180000999999997, 1.7842104728239785, 0.0, 0.0, -0.5, 9.228640140775853e-05
'2013-11-15', 53.880001, 54.369999, 53.459999, 54.139999, 5375100.0, 48.703651, 0.5100020000000001, 2.190002, 1.798094883938519, 0.0, 0.0, -0.1, 0.001979707956328114
'2013-11-14', 53.369999, 53.810001, 53.119999, 53.650002, 3986600.0, 48.262855, 1.110000999999997, 2.25, 1.8144868236260374, 0.0, 0.1, 0.0, 0.003887961474385639
'2013-11-13', 52.259998, 53.389999, 52.25, 53.310001, 3910200.0, 47.956996, 0.25, -0.05000299999999669, 1.8460235415440485, 0.0, 0.5, 0.0, 0.007424428144830763
'2013-11-12', 52.009998, 52.66, 51.98, 52.48, 3093200.0, 47.210337, 0.3199990000000028, 0.23999799999999993, 1.8782486942188474, 0.0, 0.8, -0.1, 0.007017891060099628
'2013-11-11', 51.689999, 52.200001, 51.57, 52.029999, 2517600.0, 46.805522, 0.5700000000000003, 0.6899990000000003, 1.924228282773014, 1.0, 1.0, -0.5, 0.006936965007209891
'2013-11-08', 51.119999, 51.849998, 50.959999, 51.810001, 3375600.0, 46.607615, -1.1900019999999998, 0.619999, 1.9392193629342425, 0.0, 0.8, -0.8, 0.007531303942318153
'2013-11-07', 52.310001, 52.490002, 51.43, 51.68, 4063800.0, 46.490667, 0.5400009999999966, 1.4299999999999997, 1.9567021468109775, -1.0, 0.3, -1.0, 0.0
'2013-11-06', 51.77, 52.349998, 51.549999, 52.310001, 3950300.0, 47.057408, 0.7700000000000031, 0.7400010000000066, 1.986397174384174, 0.0, 0.3, -0.8, 0.010430770716631187
'2013-11-05', 51.0, 51.98, 50.77, 51.77, 4616600.0, 46.57163, 0.5, 0.08000200000000035, 2.0145107748646756, 0.0, 0.8, -0.3, 0.012843147058823527
'2013-11-04', 50.5, 51.349998, 50.490002, 51.060001, 3765300.0, 45.932924, -0.38000100000000003, 0.20000100000000032, 2.010712456486047, 1.0, 1.0, -0.3, 0.011947201320132012
'2013-11-01', 50.880001, 51.049999, 50.16, 50.419998, 3464300.0, 45.357186, -0.14999799999999652, 0.9799989999999994, 1.9980651847895639, 0.0, 0.8, -0.8, 0.007026336339891187
'2013-10-31', 51.029999, 51.119999, 50.509998, 50.68, 3903800.0, 45.59108, 0.1100009999999969, 1.5399969999999996, 2.00263942902065, -1.0, 0.5, -1.0, 0.0
'2013-10-30', 50.919998, 51.130001, 50.650002, 50.830002, 4081700.0, 45.72602, 0.619999, 2.3999979999999965, 2.0060960676069572, 0.0, 0.1, -0.8, 0.0021602710982038314
'2013-10-29', 50.299999, 50.799999, 50.279999, 50.759998, 4346900.0, 45.663045, 0.39999699999999905, 0.7099989999999963, 1.985532984281042, 0.0, 0.1, -0.5, 0.007256461376867989
'2013-10-28', 49.900002, 50.290001, 49.509998, 50.18, 4641600.0, 45.141287, 0.4100000000000037, 0.10000300000000095, 1.9155523631930766, 0.0, 0.5, -0.1, 0.00754840985109911
'2013-10-25', 49.490002, 50.02, 49.450001, 49.889999, 5401300.0, 44.880406, 0.9700019999999938, -4.489998, 1.8079416412413807, 0.0, 0.8, 0.0, 0.007779333894551064
'2013-10-24', 48.52, 49.189999, 48.25, 49.09, 6640200.0, 44.160736, -1.0700000000000003, -5.680000999999997, 1.6239844367348155, 1.0, 1.0, 0.0, 0.010346244847485545
'2013-10-23', 49.59, 49.610001, 47.889999, 48.549999, 15100800.0, 43.674959, -0.20999899999999627, -4.319999999999993, 1.2784438539278427, 0.0, 0.8, 0.0, 0.004839682059554994
'2013-10-22', 49.799999, 50.860001, 49.5, 50.099998, 20707100.0, 45.069318, -4.180000999999997, -4.170002000000004, 0.9686201256319562, 0.0, 0.5, 0.0, 0.003528399382383226
'2013-10-21', 53.98, 54.34, 53.189999, 54.18, 6048800.0, 48.739636, -0.22000100000000344, -0.08000100000000288, 0.5198841744522299, 0.0, 0.1, 0.0, -0.006831236105965173
'2013-10-18', 54.200001, 54.380001, 53.619999, 53.869999, 4775200.0, 48.460762, 0.29000100000000373, 0.630001, 0.5586527613238527, 0.0, 0.0, 0.0, -0.006498568965791068
'2013-10-17', 53.91, 54.84, 53.459999, 54.139999, 5185100.0, 48.703651, -0.060001000000006854, -0.31000100000000685, 0.5733744949190701, 0.0, 0.0, 0.0, -0.0053422389167130414
'2013-10-16', 53.970001, 54.290001, 53.619999, 53.950001, 4328400.0, 48.532731, -0.0899999999999963, -0.4799999999999969, 0.6072209512208594, 0.0, 0.0, 0.0, -0.004952249474498059
'2013-10-15', 54.060001, 54.07, 53.450001, 53.630001, 4793900.0, 48.244863, 0.49000099999999946, 0.5699990000000028, 0.6393366843512073, 0.0, 0.0, -0.1, -0.004670739215610946
'2013-10-14', 53.57, 54.119999, 53.169998, 54.119999, 4298100.0, 48.685659, -0.6500010000000032, -0.8499979999999994, 0.6602661797600761, 0.0, 0.1, -0.5, -0.0036472781838284975
'2013-10-11', 54.220001, 54.59, 53.939999, 54.59, 2547500.0, 49.108466, -0.22999999999999687, -0.3099979999999931, 0.7160448543535216, 0.0, 0.5, -0.8, -0.00420245816141328
'2013-10-10', 54.450001, 54.759998, 54.169998, 54.189999, 2926000.0, 48.74863, 0.9599990000000034, 0.1100009999999969, 0.7971586744330942, -1.0, 0.8, -1.0, -0.004187330195518887
'2013-10-09', 53.490002, 54.27, 53.130001, 53.860001, 3539800.0, 48.451768, -0.9299960000000027, -0.9100000000000037, 0.8860833091767981, 1.0, 1.0, -0.8, -0.0028743724387970677
'2013-10-08', 54.419998, 54.470001, 53.299999, 53.59, 3811100.0, 48.208879, -0.1100009999999969, 0.269995999999999, 0.9535953880280135, 0.0, 0.8, -0.5, -0.003664309320304516
'2013-10-07', 54.529999, 55.240002, 54.32, 54.389999, 2379100.0, 48.928548, 0.18999899999999315, -0.11000000000000654, 0.9761636412686343, 0.0, 0.5, -0.1, -0.00356582519732752
'2013-10-04', 54.34, 55.419998, 54.220001, 55.029999, 3598200.0, 49.504283, -0.060001999999997224, 0.4300000000000068, 0.9909312604040144, 0.0, 0.1, 0.0, -0.0032059363074598596
'2013-10-03', 54.400002, 55.130001, 54.07, 54.34, 3746400.0, 48.883569, 0.25, -0.0899999999999963, 1.015383251159274, 0.0, 0.0, 0.0, -0.0030974291140651103
'2013-10-02', 54.150002, 54.34, 53.799999, 54.299999, 2759900.0, 48.847585, -0.48999700000000246, -0.3399999999999963, 1.05793169157834, 0.0, 0.0, 0.0, -0.002743703895497024
'2013-10-01', 54.639999, 54.700001, 54.189999, 54.349998, 2730800.0, 48.892564, 0.7299990000000065, -0.09000099999999378, 1.1160254459271215, 0.0, 0.0, 0.0, -0.003003127966581943
'2013-09-30', 53.91, 54.599998, 53.59, 54.529999, 2004600.0, 49.05449, -0.5800020000000004, -0.5299990000000037, 1.1520872545472254, 0.0, 0.0, 0.0, -0.0023227125724839307
'2013-09-27', 54.490002, 54.599998, 54.16, 54.240002, 2209500.0, 48.793612, 0.0, -0.5099980000000031, 1.1728523728648446, 0.0, 0.0, 0.0, -0.002645747593598303
'2013-09-26', 54.490002, 54.860001, 54.25, 54.5, 2662500.0, 49.027503, -0.23999799999999993, -0.8899990000000031, 1.1670180800661687, 0.0, 0.0, 0.0, -0.0025399176898543703
'2013-09-25', 54.73, 54.82, 53.790001, 54.220001, 3179500.0, 48.77562, 0.2900009999999966, -0.7700000000000031, 1.1527291116790426, 0.0, 0.0, 0.0, -0.0026001777958931257
'2013-09-24', 54.439999, 55.09, 54.110001, 54.73, 2625900.0, 49.234408, -0.5600009999999997, -0.8000029999999967, 1.1286501206806099, 0.0, 0.0, 0.0, -0.002319917314772479
'2013-09-23', 55.0, 55.009998, 54.16, 54.610001, 2428400.0, 49.126458, -0.38000100000000003, 0.020000000000003126, 1.1134899936690916, 0.0, 0.0, 0.0, -0.0025779227272727293
'2013-09-20', 55.380001, 55.419998, 54.619999, 55.040001, 3700600.0, 49.513281, -0.11999899999999997, 0.19000199999999978, 1.0776971974957053, 0.0, 0.0, 0.0, -0.002708560242993086
'2013-09-19', 55.5, 55.779999, 55.25, 55.380001, 1885600.0, 49.819141, 0.25999800000000306, 1.6500020000000006, 1.0192746460766557, 0.0, 0.0, 0.0, -0.002684685285285287
'2013-09-18', 55.240002, 55.5, 54.099998, 55.389999, 3149000.0, 49.828135, 0.26000200000000007, 1.0, 0.935675585340028, 0.0, 0.0, 0.0, -0.0024584819599951643
'2013-09-17', 54.98, 55.43, 54.82, 55.279999, 3952100.0, 49.72918, -0.20999900000000338, 1.1800009999999972, 0.8669281305347284, 0.0, 0.0, 0.0, -0.002245135162786468
'2013-09-16', 55.189999, 55.810001, 54.799999, 54.98, 3830100.0, 49.459305, 1.3400010000000009, 1.4399990000000003, 0.8037329924249965, 0.0, 0.0, 0.0, -0.002284120462850637
'2013-09-13', 53.849998, 54.630001, 53.830002, 54.630001, 2959700.0, 49.14445, -0.3900039999999976, 0.6699979999999996, 0.7067855900571541, 0.0, 0.0, 0.0, -0.0015402256293272957
'2013-09-12', 54.240002, 54.32, 53.77, 53.900002, 2715700.0, 48.487752, 0.44000299999999726, 0.620002999999997, 0.6993761076059947, 0.0, 0.0, 0.0, -0.0016908991159065858
'2013-09-11', 53.799999, 54.299999, 53.52, 54.18, 2286500.0, 48.739636, 0.04999899999999968, 0.649996999999999, 0.6679334685771803, 0.0, 0.0, 0.0, -0.0014301941612386373
'2013-09-10', 53.75, 53.889999, 53.200001, 53.75, 2143400.0, 48.352813, 0.5700000000000003, 0.5999979999999994, 0.6544223087757798, 0.0, 0.0, 0.0, -0.0013676937774984303
'2013-09-09', 53.18, 53.610001, 53.049999, 53.48, 2097900.0, 48.109924, -0.43999900000000025, -0.1600000000000037, 1.2317078756755726, 0.0, 0.0, 0.0, -0.0010639145107974918
'2013-09-06', 53.619999, 53.669998, 52.720001, 53.080002, 2779800.0, 47.750091, 0.46999699999999933, 1.0399969999999996, 1.5418272247207707, 0.0, 0.0, 0.0, -0.0012385352041923109
'2013-09-05', 53.150002, 53.580002, 53.07, 53.400002, 3647800.0, 48.037959, 0.0, 0.8800019999999975, 1.8773068732750673, 0.0, 0.0, 0.0, -0.0009971791722604283
'2013-09-04', 53.150002, 54.0, 53.150002, 53.41, 3316000.0, 47.742892, -0.18999800000000278, 1.1800009999999972, 2.163897092670511, 0.0, 0.0, 0.0, -0.000972857729034564
'2013-09-03', 53.34, 53.470001, 52.869999, 53.16, 3316900.0, 47.519418, 0.7599980000000031, 1.2999990000000068, 2.366450086822759, 0.0, 0.0, 0.0, -0.0010311215562340452
'2013-08-30', 52.580002, 53.029999, 52.400002, 52.810001, 2758500.0, 47.206557, 0.3100019999999972, -0.1999969999999962, 2.547012114668463, 0.0, 0.0, 0.0, -0.0006855568661893342
'2013-08-29', 52.27, 52.959999, 52.0, 52.580002, 2304600.0, 47.000962, 0.2999989999999997, -0.5700000000000003, 2.6776993232169755, 0.0, 0.0, 0.0, -0.000539158999599982
'2013-08-28', 51.970001, 52.59, 51.73, 52.310001, 2698400.0, 46.75961, -0.06999999999999318, -0.619999, 2.7473655541629536, 0.0, 0.0, -0.1, -0.0004019421383758196
'2013-08-27', 52.040001, 52.419998, 51.630001, 51.990002, 2682900.0, 46.473564, -0.7399979999999999, -0.04999900000000679, 2.787306082502715, 0.0, 0.0, -0.5, -0.0004219170790829022
'2013-08-26', 52.779999, 53.110001, 52.540001, 52.540001, 1953500.0, 46.965205, -0.060001000000006854, 1.0299989999999966, 2.853647692239408, 0.0, 0.0, -0.8, -0.000705457431956213
'2013-08-23', 52.84, 52.900002, 52.43, 52.720001, 2290900.0, 47.126106, 0.25, 1.0400010000000037, 2.9129604575340156, -1.0, 0.1, -1.0, 0.0
'2013-08-22', 52.59, 52.799999, 52.150002, 52.700001, 2010500.0, 47.108228, 0.5, 0.25999800000000306, 2.958362304639594, 0.0, 0.5, -0.8, 0.004753755466818787
'2013-08-21', 52.09, 52.939999, 52.009998, 52.330002, 3391900.0, 46.777488, 0.3400000000000034, -0.7099989999999963, 2.9913220463053607, 0.0, 0.8, -0.5, 0.007199078517949702
'2013-08-20', 51.75, 52.830002, 51.73, 52.060001, 2395200.0, 46.536136, -0.04999899999999968, -1.5400009999999966, 2.9724418431468616, 1.0, 1.0, -0.1, 0.007020933977455739
'2013-08-19', 51.799999, 52.119999, 51.529999, 51.849998, 3116200.0, 46.348416, -0.5300030000000007, -1.4300009999999972, 2.899605217573459, 0.0, 0.8, 0.0, 0.005019309942457739
'2013-08-16', 52.330002, 52.529999, 51.849998, 51.900002, 3463800.0, 46.393113, -0.46999699999999933, -0.7399979999999999, 2.805383088928481, 0.0, 0.5, 0.0, 0.001949161018568289
'2013-08-15', 52.799999, 53.150002, 52.279999, 52.459999, 2964800.0, 46.893692, -0.49000199999999694, -1.1700020000000038, 2.712522138109622, 0.0, 0.1, 0.0, 0.00012626578521969205
'2013-08-14', 53.290001, 53.5, 52.880001, 53.23, 2166700.0, 47.581991, 0.06000099999999975, -0.8099970000000027, 2.6310864998959818, 0.0, 0.0, 0.0, -0.0012063399500190698
'2013-08-13', 53.23, 53.389999, 52.889999, 53.290001, 2357500.0, 47.635626, 0.1599999999999966, -0.4099990000000062, 2.5642530323666457, 0.0, 0.0, -0.1, -0.0009158369340597255
'2013-08-12', 53.07, 53.549999, 52.599998, 53.060001, 3271200.0, 47.43003, -0.9000010000000032, -0.7999989999999997, 2.4890269006451047, 0.0, 0.0, -0.5, -0.0004815442916064671
'2013-08-09', 53.970001, 54.110001, 53.060001, 53.369999, 3712700.0, 47.707135, -0.12999699999999592, 0.40000100000000316, 2.396186197950002, 0.0, 0.0, -0.8, -0.0020937576043402336
'2013-08-08', 54.099998, 54.490002, 53.84, 53.869999, 4099400.0, 48.154083, 0.45999899999999627, 0.9799989999999994, 2.33709785132509, -1.0, 0.0, -1.0, 0.0
'2013-08-07', 53.639999, 54.009998, 53.43, 53.810001, 3270800.0, 48.100451, -0.22999999999999687, 0.020000000000003126, 2.287959460825174, 0.0, 0.0, -0.8, 0.008575671300814085
'2013-08-06', 53.869999, 54.040001, 53.290001, 53.939999, 4082900.0, 48.216655, 0.2999989999999997, 1.2799989999999966, 2.2229403618634893, 0.0, 0.0, -0.5, 0.0021347596460879774
'2013-08-05', 53.57, 54.279999, 53.52, 53.799999, 3979100.0, 48.09151, 0.4500010000000003, 0.9700020000000009, 2.157779143780754, 0.0, 0.0, -0.1, 0.0032978532760873564
'2013-08-02', 53.119999, 53.779999, 53.049999, 53.330002, 3909500.0, 47.671382, -0.5, -5.68, 2.057425430116674, 0.0, 0.0, 0.0, 0.004612194175681364
'2013-08-01', 53.619999, 53.970001, 52.939999, 53.32, 5100900.0, 47.662441, 1.0299989999999966, -4.670001999999997, 1.910034077299752, 0.0, 0.0, 0.0, 0.0017903730285410838
'2013-07-31', 52.59, 53.349998, 52.400002, 53.130001, 6794800.0, 47.492603, -0.009997999999995955, -6.669998, 1.7842796774551979, 0.0, 0.1, 0.0, 0.004785440831590277
'2013-07-30', 52.599998, 54.07, 52.099998, 53.299999, 16270500.0, 47.644563, -6.200001, -6.900002000000001, 1.5272193882571885, 0.0, 0.5, 0.0, 0.004073873050065787
'2013-07-29', 58.799999, 58.799999, 57.380001, 57.849998, 6153700.0, 51.711781, 0.5099980000000031, -0.28000300000000067, 1.2005787887245183, 0.0, 0.8, 0.0, -0.009991498894413248
'2013-07-26', 58.290001, 59.209999, 57.849998, 59.18, 3123200.0, 52.900662, -0.9699970000000064, -0.8999980000000036, 1.1962593715419185, 1.0, 1.0, 0.0, -0.00798689107740603
'2013-07-25', 59.259998, 59.57, 59.07, 59.549999, 1942000.0, 53.231402, -0.24000199999999694, 0.25999800000000306, 1.194806964595652, 0.0, 0.8, 0.0, -0.008707391451481323
'2013-07-24', 59.5, 59.580002, 58.900002, 59.360001, 2593300.0, 53.061564, 0.41999799999999965, 1.110000999999997, 1.179617345385852, 0.0, 0.5, 0.0, -0.008250576012223072
'2013-07-23', 59.080002, 59.5, 58.98, 59.450001, 1682400.0, 53.142014, -0.1099969999999999, 0.7800030000000007, 1.1426328637559833, 0.0, 0.1, 0.0, -0.007024379134810006
'2013-07-22', 59.189999, 59.32, 58.68, 59.09, 1751200.0, 52.820212, 0.18999900000000025, -0.010002000000000066, 1.1338041532633891, 0.0, 0.0, 0.0, -0.006614944164157505
'2013-07-19', 59.0, 59.450001, 58.73, 59.310001, 2878200.0, 53.01687, 0.6100009999999969, 0.00999800000000306, 1.1070332963383385, 0.0, 0.0, 0.0, -0.0059322058111380156
'2013-07-18', 58.389999, 58.889999, 58.189999, 58.799999, 2230000.0, 52.560982, 0.09000000000000341, -0.6000029999999938, 1.087105198283525, 0.0, 0.0, 0.0, -0.004898100215186969
'2013-07-17', 58.299999, 58.790001, 57.799999, 58.07, 2477600.0, 51.908439, -0.9000020000000006, -0.9500010000000003, 1.0841373175640905, 0.0, 0.0, 0.0, -0.004502574048071597
'2013-07-16', 59.200001, 59.32, 57.830002, 58.25, 2986200.0, 52.06934, 0.20999900000000338, 0.39000000000000057, 1.0811005107664486, 0.0, 0.0, -0.1, -0.0050675704628888145
'2013-07-15', 58.990002, 59.299999, 58.630001, 59.18, 1264100.0, 52.900662, 0.0, 0.9400029999999973, 1.0589275997712757, 0.0, 0.0, -0.5, -0.004605303944368214
'2013-07-12', 58.990002, 59.32, 58.290001, 59.0, 1667200.0, 52.739761, -0.25999800000000306, 1.2700009999999935, 1.0386458096758708, 0.0, 0.0, -0.8, -0.00436291952624357
'2013-07-11', 59.25, 59.360001, 58.830002, 59.049999, 1626200.0, 52.784455, 0.43999900000000025, 2.3499979999999994, 1.0149297425609676, -1.0, 0.0, -1.0, 0.0
'2013-07-10', 58.810001, 58.830002, 58.09, 58.599998, 2128800.0, 52.382202, 0.7600020000000001, 2.7100030000000004, 0.9796901979488798, 0.0, 0.1, -0.8, 0.007481703664653913
'2013-07-09', 58.049999, 58.290001, 57.689999, 58.009998, 2270400.0, 51.854804, 0.32999799999999624, 1.0899999999999963, 0.982531028970815, 0.0, 0.5, -0.5, 0.010335926103978058
'2013-07-08', 57.720001, 57.990002, 57.34, 57.75, 2064500.0, 51.622393, 0.8199990000000028, 0.3700030000000041, 0.9858839950360313, 0.0, 0.8, -0.1, 0.008835752907673468
'2013-07-05', 56.900002, 57.73, 56.610001, 57.450001, 1708100.0, 51.354226, 0.8000040000000013, 0.6300019999999975, 0.9936529406864999, 1.0, 1.0, -0.1, 0.010325122659925388
'2013-07-03', 56.099998, 56.91, 55.84, 56.459999, 1096600.0, 50.469269, -0.860001000000004, -0.4100000000000037, 1.0395908368206324, 0.0, 0.8, -0.5, 0.011229954054543818
'2013-07-02', 56.959999, 57.32, 56.200001, 56.599998, 2141100.0, 50.594413, -0.389998999999996, 1.1699980000000068, 1.0122465541672965, 0.0, 0.5, -0.8, 0.006700611657899305
'2013-07-01', 57.349998, 57.720001, 56.91, 57.02, 2054800.0, 50.969851, 1.0799979999999962, 1.9499959999999987, 1.027453086358689, -1.0, 0.1, -1.0, 0.0
'2013-06-28', 56.27, 57.689999, 56.240002, 57.09, 4641800.0, 51.032423, -0.23999799999999993, 0.5100020000000001, 1.0263485110717057, 0.0, 0.1, -0.8, 0.019193140216811733
'2013-06-27', 56.509998, 56.68, 56.09, 56.380001, 1837900.0, 50.397759, 0.7199970000000064, -1.2700009999999935, 0.9877167442480896, 0.0, 0.5, -0.5, 0.007432313128023791
'2013-06-26', 55.790001, 56.43, 55.59, 55.990002, 2636500.0, 50.049141, 0.389998999999996, -1.9599990000000034, 0.9598204514393683, 0.0, 0.8, -0.1, 0.009320648694736552
'2013-06-25', 55.400002, 55.970001, 54.939999, 55.139999, 3051900.0, 49.289329, -0.3599960000000024, -3.0999979999999994, 0.871323583088233, 1.0, 1.0, 0.0, 0.008799620620952318
'2013-06-24', 55.759998, 55.810001, 53.790001, 55.27, 5269200.0, 49.405536, -2.0200009999999935, -2.3200039999999973, 0.7040311379485493, 0.0, 0.8, 0.0, 0.0057030131170377595
'2013-06-21', 57.779999, 57.889999, 56.099998, 56.540001, 3980200.0, 50.540782, 0.029998999999996556, -1.0200000000000031, 0.507370207990756, 0.0, 0.5, 0.0, -0.00124033981608987
'2013-06-20', 57.75, 57.939999, 57.09, 57.290001, 3298500.0, 51.211203, -0.75, -0.8400000000000034, 0.49429505797078294, 0.0, 0.1, 0.0, -0.0009894916512059385
'2013-06-19', 58.5, 59.0, 58.080002, 58.189999, 2263900.0, 52.015705, 0.41999799999999965, 0.6799999999999997, 0.47949785299128267, 0.0, 0.0, 0.0, -0.002457269230769232
'2013-06-18', 58.080002, 58.490002, 57.639999, 58.48, 2105500.0, 52.274936, -0.7199969999999993, -0.6799960000000027, 0.5859376456027692, 0.0, 0.0, 0.0, -0.001396548773458301
'2013-06-17', 58.799999, 59.490002, 57.779999, 58.130001, 4015700.0, 51.962074, 0.20999899999999627, 0.8499979999999994, 0.5828919334195439, 0.0, 0.0, 0.0, -0.0024659881371766695
'2013-06-14', 58.59, 58.810001, 58.209999, 58.52, 3712100.0, 52.310692, 0.7700000000000031, -0.20999899999999627, 0.5799428399046894, 0.0, 0.0, 0.0, -0.0019240050272308399
'2013-06-13', 57.82, 58.93, 57.450001, 58.700001, 3576300.0, 52.471593, -0.9399980000000028, -0.17999999999999972, 0.5812899527020207, 0.0, 0.0, -0.1, -0.0006773924824166968
'2013-06-12', 58.759998, 58.759998, 57.049999, 57.720001, 5045500.0, 51.595577, 0.8099970000000027, 1.3499980000000065, 0.5725131719795765, 0.0, 0.0, -0.5, -0.0018458397235060957
'2013-06-11', 57.950001, 58.799999, 57.810001, 58.450001, 3011500.0, 52.24812, -0.8499979999999994, -0.25999800000000306, 0.5707370599507823, 0.0, 0.1, -0.8, -0.0007395574875461556
'2013-06-10', 58.799999, 59.040001, 58.209999, 58.689999, 1993000.0, 52.462653, 0.7999989999999997, 0.7299989999999994, 0.577453727247864, -1.0, 0.5, -1.0, 0.0
'2013-06-07', 58.0, 59.0, 57.84, 58.75, 3348900.0, 52.516287, 0.5900000000000034, -0.5800020000000004, 0.5997795300508205, 0.0, 0.8, -0.8, 0.013793086206896546
'2013-06-06', 57.41, 57.529999, 57.0, 57.52, 3735800.0, 51.416798, -0.7999990000000068, -0.8899990000000031, 0.717032303937728, 1.0, 1.0, -0.5, 0.012105896185333594
'2013-06-05', 58.209999, 58.259998, 57.290001, 57.57, 4128700.0, 51.461492, 0.1399990000000031, 0.04999900000000679, 0.8982702485216647, 0.0, 0.8, -0.1, 0.0033785718956405655
'2013-06-04', 58.07, 58.880001, 58.0, 58.57, 3704000.0, 52.05325, -0.5100020000000001, -0.2299989999999994, 0.9958495119250674, 0.0, 0.5, 0.0, 0.003142754434303424
'2013-06-03', 58.580002, 58.990002, 58.110001, 58.540001, 3504300.0, 52.026589, 0.28000300000000067, -0.2999989999999997, 1.6018495186923034, 0.0, 0.1, 0.0, 0.0007510993256708981
'2013-05-31', 58.299999, 59.169998, 58.02, 58.259998, 3015000.0, 51.777741, 0.1399990000000031, 0.04999899999999968, 2.069634333660899, 0.0, 0.0, 0.0, 0.0014293882463588608
'2013-05-30', 58.16, 58.830002, 58.080002, 58.369999, 2162000.0, 51.875503, -0.1399990000000031, -0.18999800000000278, 2.393282909914793, 0.0, 0.0, 0.0, 0.0015720156219296599
'2013-05-29', 58.299999, 58.630001, 57.970001, 58.23, 2164200.0, 51.75108, -0.5800020000000004, -1.2900010000000037, 2.652006034583638, 0.0, 0.0, 0.0, 0.0010720411847691454
'2013-05-28', 58.880001, 59.540001, 58.189999, 58.580002, 3482600.0, 52.06214, 0.630001, -0.05999800000000022, 2.827553088386814, 0.0, 0.0, 0.0, -0.00015096995516544146
'2013-05-24', 58.25, 58.310001, 57.0, 57.759998, 3474400.0, 51.333373, -0.09999799999999937, -1.0, 2.939890478935346, 0.0, 0.0, 0.0, 0.000944204291845493
'2013-05-23', 58.349998, 58.610001, 57.82, 58.59, 3061000.0, 52.071025, -1.240002000000004, -0.1600000000000037, 3.0454112492223917, 0.0, 0.0, 0.0, 0.0007010999695009733
'2013-05-22', 59.59, 60.119999, 58.790001, 59.049999, 4217500.0, 52.479843, 0.6500010000000032, 0.7099990000000034, 3.168856041893627, 0.0, 0.0, 0.0, -0.0011047728925434968
'2013-05-21', 58.939999, 59.610001, 58.849998, 59.599998, 3992600.0, 52.968647, -0.31000099999999975, -0.13000100000000003, 3.299577006998404, 0.0, 0.0, 0.0, -0.00018271515018571368
'2013-05-20', 59.25, 59.830002, 58.959999, 59.529999, 3662500.0, 52.906436, 0.7400019999999969, 0.04999899999999968, 3.429676605901524, 0.0, 0.0, 0.0, -0.0005424966847498497
'2013-05-17', 58.509998, 59.23, 58.369999, 59.23, 4440700.0, 52.639816, -0.370002999999997, -0.630001, 3.505807065605022, 0.0, 0.0, -0.1, 0.0003304289977928178
'2013-05-16', 58.880001, 59.450001, 58.16, 58.380001, 2926500.0, 51.884392, -0.18999900000000025, 0.47000100000000344, 3.6022220170798533, 0.0, 0.0, -0.5, -8.492059978056084e-05
'2013-05-15', 59.07, 59.470001, 58.470001, 58.849998, 3240400.0, 52.302095, -0.13000100000000003, 0.22999999999999687, 3.625852082201023, 0.0, 0.0, -0.8, -0.00026887441619613875
'2013-05-14', 59.200001, 59.450001, 58.77, 59.099998, 3080000.0, 52.524279, 0.060001999999997224, 1.0800020000000004, 3.6193201007680598, -1.0, 0.0, -1.0, 0.0
'2013-05-13', 59.139999, 59.779999, 59.099998, 59.18, 2933100.0, 52.59538, 0.7299990000000065, 2.4899970000000025, 3.5978019612723022, 0.0, 0.0, -0.8, 0.0010145756005169567
'2013-05-10', 58.41, 59.830002, 58.32, 59.5, 4640200.0, 52.879775, -0.4300000000000068, 0.15000199999999353, 3.5665338497391033, 0.0, 0.1, -0.5, 0.00676254922102383
'2013-05-09', 58.84, 58.98, 58.27, 58.529999, 2979700.0, 52.0177, 0.7200010000000034, 0.27999900000000366, 3.5544816136911135, 0.0, 0.5, -0.1, 0.002039434624971657
'2013-05-08', 58.119999, 58.82, 57.779999, 58.740002, 3464700.0, 52.204337, 1.4699969999999993, -0.08000200000000035, 3.5004992851594063, 0.0, 0.8, 0.0, 0.004645569591286471
'2013-05-07', 56.650002, 58.32, 56.5, 58.279999, 6214800.0, 51.795516, -1.6099960000000024, -2.149996999999999, 3.4381462146533113, 1.0, 1.0, 0.0, 0.009002643989315304
'2013-05-06', 58.259998, 58.34, 57.279999, 57.330002, 3827400.0, 50.95122, -0.3000029999999967, -0.07000399999999729, 3.402164926151413, 0.0, 0.8, -0.1, 0.0026891035366438942
'2013-05-03', 58.560001, 58.959999, 58.200001, 58.25, 3417500.0, 51.768855, 0.35999999999999943, 0.8000029999999967, 3.282619594115069, 0.0, 0.5, -0.5, 0.0015612802231436355
'2013-05-02', 58.200001, 58.990002, 57.919998, 58.18, 3960500.0, 51.706644, -0.5999979999999994, 0.7200010000000034, 3.143989467271282, 0.0, 0.1, -0.8, 0.002147766286120854
'2013-05-01', 58.799999, 58.900002, 58.099998, 58.240002, 4145300.0, 51.759969, 0.46999699999999933, 2.5999979999999994, 3.0015356591883826, -1.0, 0.0, -1.0, 0.0
'2013-04-30', 58.330002, 58.950001, 57.959999, 58.860001, 4099700.0, 52.310985, 0.5700039999999973, 3.110000999999997, 2.7466357500164253, 0.0, 0.0, -0.8, 0.008057551583831582
'2013-04-29', 57.759998, 58.950001, 57.25, 58.27, 5024100.0, 51.78663, 0.2799980000000062, 1.869999, 2.46462252556302, 0.0, 0.0, -0.5, 0.009002779051342735
'2013-04-26', 57.48, 57.740002, 57.029999, 57.419998, 3534700.0, 51.031203, 1.2799989999999966, 6.259998999999993, 2.164508849293079, 0.0, 0.0, -0.1, 0.007654830665738824
'2013-04-25', 56.200001, 57.98, 56.080002, 57.529999, 5640800.0, 51.128964, 0.9799999999999969, 5.57, 1.8210585155346894, 0.0, 0.0, 0.0, 0.011565827196337591
'2013-04-24', 55.220001, 56.509998, 55.220001, 56.279999, 7099800.0, 50.018045, -0.6699979999999996, 4.25, 1.5305434028842562, 0.0, 0.1, 0.0, 0.012966309073409819
'2013-04-23', 55.889999, 56.740002, 54.970001, 55.549999, 20600500.0, 49.369268, 4.669998, 4.8499980000000065, 1.2813231500814921, 0.0, 0.5, 0.0, 0.008677760040754328
'2013-04-22', 51.220001, 51.450001, 50.279999, 50.59, 7837700.0, 44.96114, 0.5900000000000034, -0.3999979999999965, 0.8210709570644649, 0.0, 0.8, 0.0, 0.02114128926203763
'2013-04-19', 50.630001, 51.790001, 50.400002, 51.200001, 5689000.0, 45.503269, -0.3400000000000034, -1.4299999999999997, 0.8317388665529374, 1.0, 1.0, 0.0, 0.020170841987540152
'2013-04-18', 50.970001, 52.560001, 50.439999, 51.380001, 8466900.0, 45.663242, -0.06999999999999318, -1.0799979999999962, 0.8271417078922221, 0.0, 0.8, 0.0, 0.017068859342925603
'2013-04-17', 51.040001, 51.110001, 50.439999, 50.849998, 4729800.0, 45.19221, -0.5799980000000033, -0.25999800000000306, 0.8130457212381795, 0.0, 0.5, 0.0, 0.01520375753911134
'2013-04-16', 51.619999, 51.740002, 50.759998, 51.709999, 4122700.0, 45.956523, -0.4400019999999998, 1.5200010000000006, 0.7996891363532759, 0.0, 0.1, 0.0, 0.012644852486867982
'2013-04-15', 52.060001, 52.139999, 51.209999, 51.439999, 5684700.0, 45.716564, 0.010002000000000066, 2.159998999999999, 0.8111133023480811, 0.0, 0.0, 0.0, 0.010788829988689397
'2013-04-12', 52.049999, 52.470001, 51.84, 52.369999, 4361200.0, 46.543088, 0.75, 1.899996999999999, 0.785471810005069, 0.0, 0.0, 0.0, 0.009975615354589521
'2013-04-11', 51.299999, 52.75, 51.25, 52.330002, 6856200.0, 46.507541, 1.2000010000000003, 1.5999979999999994, 0.742694713265558, 0.0, 0.0, 0.0, 0.01044277380423118
'2013-04-10', 50.099998, 51.450001, 50.099998, 51.209999, 6185300.0, 45.512155, 0.19999599999999873, -0.3800019999999975, 0.7247846490597115, 0.0, 0.0, 0.0, 0.011576848100206845
'2013-04-09', 49.900002, 50.09, 49.25, 49.93, 4760200.0, 44.374574, -0.25, -0.5999979999999994, 0.8578914321632775, 0.0, 0.0, 0.0, 0.011147290384878139
'2013-04-08', 50.150002, 50.48, 49.41, 50.0, 2940400.0, 44.436786, 0.4500010000000003, 0.0200010000000006, 0.9404550896248374, 0.0, 0.0, -0.1, 0.010146028567280543
'2013-04-05', 49.700001, 50.18, 48.759998, 50.099998, 4872300.0, 44.525658, -0.7799989999999966, -0.07999799999999624, 0.9675410948039869, 0.0, 0.0, -0.5, 0.010172141534653982
'2013-04-04', 50.48, 50.82, 50.060001, 50.330002, 4282400.0, 44.73007, -0.020000000000003126, 1.0099989999999934, 0.9889457143853384, 0.0, 0.0, -0.8, 0.008674617357577784
'2013-04-03', 50.5, 50.98, 50.099998, 50.549999, 5055700.0, 44.92559, 0.36999899999999997, 1.1599999999999966, 0.9632183654355014, -1.0, 0.0, -1.0, 0.0
'2013-04-02', 50.130001, 50.869999, 50.09, 50.389999, 4580200.0, 44.783392, 0.3500020000000035, 0.2999989999999997, 0.9346539392387865, 0.0, 0.1, -0.8, 0.007380789798907045
'2013-04-01', 49.779999, 50.330002, 49.450001, 49.990002, 4267300.0, 44.4279, 0.3099979999999931, -0.6600000000000037, 0.9270585305512887, 0.0, 0.5, -0.5, 0.007231830197505664
'2013-03-28', 49.470001, 50.07, 49.009998, 49.990002, 5568600.0, 44.4279, 0.13000100000000003, -0.6299969999999959, 0.9250718075197882, 0.0, 0.8, -0.1, 0.006940226259546645
'2013-03-27', 49.34, 49.900002, 48.639999, 49.610001, 4025800.0, 44.090179, -0.49000199999999694, 0.24000200000000405, 0.9219632081603085, 1.0, 1.0, -0.5, 0.005877584110255353
'2013-03-26', 49.830002, 49.880001, 48.830002, 49.5, 3824700.0, 43.992418, -0.6099969999999999, 1.0300030000000007, 0.9213275668663751, 0.0, 0.8, -0.8, 0.002689134951268915
'2013-03-25', 50.439999, 50.549999, 49.349998, 49.720001, 4373000.0, 44.187941, 0.3400010000000009, 0.9199989999999971, 0.9088806521583906, -1.0, 0.3, -1.0, 0.0
'2013-03-22', 50.099998, 50.650002, 50.02, 50.27, 4801200.0, 44.676745, 1.0, 0.21999699999999933, 0.868859541698884, 0.0, 0.3, -0.8, 0.006786447376704504
'2013-03-21', 49.099998, 50.400002, 49.099998, 49.810001, 7365000.0, 44.267927, 0.2999989999999997, -1.1500020000000006, 0.8440406263530476, 0.0, 0.8, -0.5, 0.013645631920392347
'2013-03-20', 48.799999, 49.419998, 48.52, 49.290001, 4121200.0, 43.805784, -0.7200010000000034, -1.0800020000000004, 0.8432402079682504, 1.0, 1.0, -0.1, 0.011202186021902724
'2013-03-19', 49.52, 49.689999, 47.810001, 48.470001, 7702500.0, 43.077021, -0.3600009999999969, -0.5200009999999935, 0.8435910919402725, 0.0, 0.8, 0.0, 0.004644582996768967
'2013-03-18', 49.880001, 50.18, 49.130001, 49.27, 6971300.0, 43.788009, -0.36999899999999997, 0.19000199999999978, 0.8541872014188043, 0.0, 0.5, 0.0, 0.002245380869178412
'2013-03-15', 50.25, 50.73, 50.009998, 50.41, 7035000.0, 44.801167, 0.36999899999999997, 1.2000010000000003, 0.9486495059123202, 0.0, 0.1, 0.0, 0.0006301791044776128
'2013-03-14', 49.880001, 50.400002, 49.52, 49.990002, 5533500.0, 44.4279, -0.1599999999999966, 0.9400019999999998, 1.0481339531869216, 0.0, 0.0, 0.0, 0.0016038434779845796
'2013-03-13', 50.040001, 50.099998, 48.91, 49.669998, 7492000.0, 44.143501, 0.35000199999999637, -0.05999700000000274, 1.192745652238697, 0.0, 0.0, 0.0, 0.0009991956235172828
'2013-03-12', 49.689999, 49.889999, 48.610001, 48.810001, 5777500.0, 43.379191, 0.6400000000000006, -0.5600009999999997, 1.2765910471951134, 0.0, 0.0, 0.0, 0.00167706450010863
'2013-03-11', 49.049999, 49.810001, 48.529999, 49.5, 7457900.0, 43.992418, 0.10999999999999943, -0.5400010000000037, 1.3361479236974247, 0.0, 0.0, -0.1, 0.0028338430751038354
'2013-03-08', 48.939999, 49.240002, 48.380001, 48.93, 12464900.0, 43.485839, -1.1599989999999991, 0.6999970000000033, 1.3966211165527167, 0.0, 0.0, -0.5, 0.002786343260114009
'2013-03-07', 50.099998, 50.189999, 48.119999, 48.540001, 9074000.0, 43.139232, -0.15000200000000063, 2.0799979999999962, 1.4439698360195408, 0.0, 0.0, -0.8, 0.000565537281392042
'2013-03-06', 50.25, 50.419998, 49.540001, 49.93, 7395300.0, 44.374574, 0.6599999999999966, 2.3200000000000003, 1.4675185730570834, -1.0, 0.0, -1.0, 0.0
'2013-03-05', 49.59, 50.889999, 49.540001, 50.099998, 5968900.0, 44.259039, 1.3499980000000065, 1.369999, 2.637862085321889, 0.0, 0.0, -0.8, 0.013309134906231024
'2013-03-04', 48.240002, 49.540001, 48.18, 49.279999, 5047400.0, 43.534639, 0.2200019999999938, 1.2900009999999966, 3.3738705313928534, 0.0, 0.0, -0.5, 0.020833311739912482
'2013-03-01', 48.02, 48.52, 47.869999, 48.220001, 4096100.0, 42.598223, 0.09000000000000341, 0.75, 3.8840718203396483, 0.0, 0.0, -0.1, 0.015479661252255982
'2013-02-28', 47.93, 48.639999, 47.549999, 48.330002, 5352400.0, 42.695399, -0.29000100000000373, 0.06000099999999975, 4.262823857361442, 0.0, 0.0, 0.0, 0.012100980596703528
'2013-02-27', 48.220001, 49.0, 47.75, 47.82, 14252500.0, 42.244856, 1.2700000000000031, 0.13000100000000003, 4.567949634476298, 0.0, 0.0, 0.0, 0.008419738523024902
'2013-02-26', 46.950001, 47.139999, 45.869999, 46.5, 6765800.0, 41.07875, -0.3199990000000028, -2.069999000000003, 4.742231094711177, 0.0, 0.0, 0.0, 0.011714586189962663
'2013-02-25', 47.27, 47.529999, 46.709999, 46.77, 5978300.0, 41.317272, -0.5999989999999968, -1.5799979999999962, 4.763008887931277, 0.0, 0.0, 0.0, 0.009006014083230067
'2013-02-22', 47.869999, 47.970001, 46.470001, 46.790001, 5929800.0, 41.33494, -0.22000100000000344, -0.49000199999999694, 4.770828243188101, 0.0, 0.0, 0.0, 0.006214751017646773
'2013-02-21', 48.09, 48.459999, 47.110001, 47.619999, 6382700.0, 42.068172, -0.9299999999999997, -0.3600009999999969, 4.770481288742853, 0.0, 0.1, 0.0, 0.004990642545227689
'2013-02-20', 49.02, 49.459999, 47.959999, 48.130001, 4446200.0, 42.518715, 0.17000200000000376, 0.08000100000000288, 4.716551922750482, 0.0, 0.5, 0.0, 0.0025091799265605807
'2013-02-19', 48.849998, 49.110001, 48.060001, 49.02, 4666700.0, 43.304953, 0.48999700000000246, 0.07999799999999624, 4.673091585849215, 0.0, 0.8, 0.0, 0.0026053820737292387
'2013-02-15', 48.360001, 48.669998, 48.049999, 48.400002, 4971800.0, 42.757238, -0.09000000000000341, -0.5599970000000027, 4.609615980423866, 1.0, 1.0, 0.0, 0.0032568220308073804
'2013-02-14', 48.450001, 48.68, 48.099998, 48.200001, 5002600.0, 42.580554, -0.48999799999999993, -0.23999799999999993, 4.520060895410977, 0.0, 0.8, 0.0, 0.00285782164459525
'2013-02-13', 48.939999, 49.310001, 48.700001, 48.77, 3729800.0, 43.0841, 0.16999899999999712, -0.3399999999999963, 4.442594165387461, 0.0, 0.5, 0.0, 0.0019119636680008918
'2013-02-12', 48.77, 49.59, 48.77, 49.009998, 4732900.0, 43.296117, -0.14999799999999652, -0.1599999999999966, 4.340266029852346, 0.0, 0.1, 0.0, 0.0020231016335178686
'2013-02-11', 48.919998, 49.139999, 48.580002, 48.93, 3390000.0, 43.225446, 0.2299989999999994, 0.18999800000000278, 4.220704700629091, 0.0, 0.0, 0.0, 0.0016992054047099516
'2013-02-08', 48.689999, 49.09, 48.380001, 48.93, 4458100.0, 43.225446, -0.5899999999999963, -1.1700019999999967, 4.096606380424483, 0.0, 0.0, 0.0, 0.001884673784977534
'2013-02-07', 49.279999, 49.740002, 48.509998, 48.610001, 5844500.0, 42.942754, 0.34999899999999684, -2.1000020000000035, 3.9721139926577984, 0.0, 0.0, 0.0, 0.0010935256805594627
'2013-02-06', 48.93, 49.25, 48.650002, 49.099998, 6452700.0, 43.375625, 0.20000000000000284, -2.799999999999997, 3.8543600539246525, 0.0, 0.0, 0.0, 0.0014198586595243476
'2013-02-05', 48.73, 49.25, 48.66, 48.810001, 4709200.0, 43.119437, -1.130001, -3.5400000000000063, 3.708288483093734, 0.0, 0.0, 0.0, 0.0015596142006977255
'2013-02-04', 49.860001, 50.130001, 48.52, 48.669998, 7616100.0, 42.995756, -1.5200000000000031, -1.9099990000000062, 3.5532011215054884, 0.0, 0.0, -0.1, 0.0003724705290796344
'2013-02-01', 51.380001, 51.389999, 49.540001, 49.869999, 9586200.0, 44.055854, -0.34999899999999684, -0.00999800000000306, 3.426707427439326, 0.0, 0.0, -0.5, -0.000999682382609954
'2013-01-31', 51.73, 52.029999, 50.84, 51.0, 5768200.0, 45.054112, -0.5400000000000063, 0.25999899999999343, 3.3291631775369352, 0.0, 0.0, -0.8, -0.001243916993755198
'2013-01-30', 52.27, 52.349998, 51.349998, 51.549999, 7867600.0, 45.53999, 0.5, 0.9099990000000062, 3.2198406136193007, -1.0, 0.0, -1.0, 0.0
'2013-01-29', 51.77, 52.349998, 51.48, 52.220001, 7132900.0, 46.131879, 0.38000100000000003, 0.7900000000000063, 3.122775295655599, 0.0, 0.0, -0.8, 0.009658103148541626
'2013-01-28', 51.389999, 51.59, 50.830002, 51.52, 5973500.0, 45.513488, -0.08000200000000035, -10.209998999999996, 2.9893657910446567, 0.0, 0.1, -0.5, 0.008561986934461703
'2013-01-25', 51.470001, 51.700001, 50.68, 51.209999, 11299900.0, 45.239629, 0.11000000000000654, -10.020000999999993, 2.815703536114953, 0.0, 0.5, -0.1, 0.005181005015588268
'2013-01-24', 51.360001, 51.459999, 50.75, 50.900002, 14510500.0, 44.965772, 0.38000100000000003, -9.770000000000003, 2.6315764072132395, 0.0, 0.8, 0.0, 0.004429512180110774
'2013-01-23', 50.98, 52.439999, 50.470001, 50.75, 50973600.0, 44.833259, -10.619998000000002, -9.840000000000003, 2.4041184989562496, 1.0, 1.0, 0.0, 0.005060808160062795
'2013-01-22', 61.599998, 61.599998, 59.860001, 60.68, 6182200.0, 53.60556, 0.10999600000000243, 0.7899969999999996, 2.098324276718947, 0.0, 0.8, 0.0, -0.02524350190184529
'2013-01-18', 61.490002, 61.939999, 60.869999, 61.799999, 3454500.0, 54.594983, 0.3600009999999969, 2.0899999999999963, 1.9616274806567995, 0.0, 0.5, 0.0, -0.021420443974894357
'2013-01-17', 61.130001, 61.84, 60.59, 61.57, 2916100.0, 54.391798, 0.31000099999999975, 3.5300030000000007, 1.814428273056817, 0.0, 0.1, 0.0, -0.01811712918179078
'2013-01-16', 60.82, 61.41, 60.400002, 61.0, 2243500.0, 53.888252, 0.009999000000000535, 3.180000999999997, 1.6795710518665112, 0.0, 0.0, 0.0, -0.015619861887536989
'2013-01-15', 60.810001, 61.43, 60.119999, 61.41, 3693800.0, 54.250452, 1.4099989999999991, 3.330001000000003, 1.568532631935261, 0.0, 0.0, 0.0, -0.014043744218981342
'2013-01-14', 59.400002, 61.799999, 59.32, 61.009998, 6283300.0, 53.897085, 1.8000040000000013, 3.5200010000000006, 1.4671608367112032, 0.0, 0.0, 0.0, -0.010912154514742268
'2013-01-11', 57.599998, 59.310001, 57.560001, 58.889999, 5109200.0, 52.024248, -0.04000100000000373, 2.0899999999999963, 1.458563088004805, 0.0, 0.0, 0.0, -0.007711224226084169
'2013-01-10', 57.639999, 57.970001, 56.240002, 57.490002, 5513100.0, 50.787471, 0.15999900000000622, 2.4199979999999996, 1.4584482676617356, 0.0, 0.0, 0.0, -0.00716649641430157
'2013-01-09', 57.48, 58.580002, 57.400002, 57.959999, 4801400.0, 51.202673, 1.5999989999999968, 1.9799999999999969, 1.4643740577996396, 0.0, 0.0, 0.0, -0.0064743016204394
'2013-01-08', 55.880001, 57.639999, 55.77, 57.330002, 4130600.0, 50.646125, 0.370002999999997, -1.0200010000000006, 1.5099964027333619, 0.0, 0.0, 0.0, -0.004306849123594918
'2013-01-07', 55.509998, 56.080002, 55.02, 55.630001, 3681400.0, 49.14432, 0.2899969999999996, 1.4699970000000064, 1.511426269742517, 0.0, 0.0, -0.1, -0.0036479892324982606
'2013-01-04', 55.220001, 56.360001, 55.220001, 55.509998, 6416200.0, 49.038308, -0.27999899999999656, 0.7800020000000032, 1.4772339455891992, 0.0, 0.1, -0.5, -0.003142511181559654
'2013-01-03', 55.5, 55.779999, 54.709999, 54.950001, 4163300.0, 48.543598, -1.4000020000000006, 1.3400000000000034, 1.4348411695844132, 0.0, 0.5, -0.8, -0.00323323323323323
'2013-01-02', 56.900002, 57.529999, 54.509998, 55.130001, 4835200.0, 48.702613, 2.860001000000004, -0.32999799999999624, 1.4439084271521827, -1.0, 0.8, -1.0, -0.004282676752620739
'2012-12-31', 54.040001, 55.580002, 53.950001, 55.509998, 2272900.0, 49.038308, -0.39999800000000363, -3.2099990000000034, 1.6384989945275263, 1.0, 1.0, -0.8, -0.0016376766906425423
'2012-12-28', 54.439999, 55.439999, 54.009998, 54.299999, 2677500.0, 47.969378, 0.27999900000000366, -3.530002000000003, 1.7131275047963932, 0.0, 0.8, -0.5, -0.0018981132919250344
'2012-12-27', 54.16, 55.380001, 53.91, 54.860001, 3750400.0, 48.464091, -3.0700000000000003, -5.130001, 1.7032670049450056, 0.0, 0.5, -0.1, -0.0015862092117631206
'2012-12-26', 57.23, 57.52, 53.880001, 54.130001, 5600900.0, 47.819199, -0.020000000000003126, -1.9500000000000028, 1.6867424130030144, 0.0, 0.1, -0.1, -0.0037681665894293763
'2012-12-24', 57.25, 58.080002, 57.25, 57.52, 983400.0, 50.813972, -0.7200010000000034, -0.8400000000000034, 1.7485240336164656, 0.0, 0.0, -0.5, -0.0036244541484716135
'2012-12-21', 57.970001, 58.07, 57.049999, 57.57, 3496200.0, 50.858142, -1.3199999999999932, 0.9200020000000038, 1.8631287109056938, 0.0, 0.0, -0.8, -0.003933069450869942
'2012-12-20', 59.290001, 59.580002, 57.509998, 58.419998, 3467000.0, 51.609043, 0.1100009999999969, 2.7800029999999936, 1.8543978930822207, -1.0, 0.0, -1.0, 0.0
'2012-12-19', 59.18, 59.98, 58.650002, 59.16, 3684400.0, 52.26277, 1.0899999999999963, 2.619999, 1.804540654559118, 0.0, 0.0, -0.8, 0.0018587529570800424
'2012-12-18', 58.09, 59.490002, 57.950001, 58.919998, 4123100.0, 52.05075, 1.0400010000000037, 1.2299990000000065, 1.7610106769507312, 0.0, 0.0, -0.5, 0.010328808745050724
'2012-12-17', 57.049999, 57.91, 56.610001, 57.889999, 2842500.0, 51.140834, 0.5400009999999966, 1.0499989999999997, 1.7461165636160987, 0.0, 0.0, -0.1, 0.013087946475394897
'2012-12-14', 56.509998, 57.560001, 56.509998, 57.049999, 2498200.0, 50.398766, -0.05000299999999669, -1.1400039999999976, 1.7481803943596417, 0.0, 0.1, 0.0, 0.012298721900503311
'2012-12-13', 56.560001, 57.490002, 56.34, 56.639999, 2863100.0, 50.036567, -0.29999999999999716, -1.7599990000000005, 1.7496860547604713, 0.0, 0.5, 0.0, 0.0096534651758581
'2012-12-12', 56.860001, 57.349998, 56.02, 56.43, 3706100.0, 49.851051, 0.8600009999999969, -0.45000000000000284, 1.7508127492748227, 0.0, 0.8, 0.0, 0.0071227575251009935
'2012-12-11', 56.0, 56.650002, 55.68, 56.43, 4271400.0, 49.851051, -1.6500020000000006, -1.8300020000000004, 1.7510272347018925, 1.0, 1.0, 0.0, 0.008392859693877543
'2012-12-10', 57.650002, 57.950001, 56.040001, 56.32, 3094400.0, 49.753875, -0.6699979999999996, -0.48999700000000246, 1.7522508078979067, 0.0, 0.8, 0.0, 0.0035559387317974332
'2012-12-07', 58.32, 58.759998, 57.25, 57.639999, 2344000.0, 50.919981, 1.0099990000000005, -0.4099999999999966, 1.7804600189841377, 0.0, 0.5, 0.0, 0.0018480433622923265
'2012-12-06', 57.310001, 57.98, 56.889999, 57.869999, 2638400.0, 51.123166, -0.5200010000000006, -1.8999980000000036, 1.7732506547395745, 0.0, 0.1, 0.0, 0.0034548943734968645
'2012-12-05', 57.830002, 57.849998, 56.549999, 57.349998, 2922900.0, 50.66379, -0.30999700000000274, -1.3999979999999965, 1.7824421736236187, 0.0, 0.0, 0.0, 0.0022951267028865304
'2012-12-04', 58.139999, 58.470001, 56.720001, 57.52, 3326200.0, 50.548945, -0.5900009999999938, 0.5499989999999997, 1.776650535886999, 0.0, 0.0, -0.1, 0.0016483230417668126
'2012-12-03', 58.73, 58.990002, 57.740002, 58.200001, 3056800.0, 51.146534, -0.4799990000000065, 0.7299999999999969, 1.7597602822546614, 0.0, 0.0, -0.5, 0.0007334752256087175
'2012-11-30', 59.209999, 59.299999, 57.189999, 57.84, 4156500.0, 50.830163, -0.020000999999993496, 0.02999900000000366, 1.7230543315677678, 0.0, 0.0, -0.8, 9.651120871371891e-05
'2012-11-29', 59.23, 60.02, 58.560001, 59.360001, 4108400.0, 52.165949, 1.6399999999999935, 0.6499979999999965, 1.6650917935193563, -1.0, 0.0, -1.0, 0.0
'2012-11-28', 57.59, 60.330002, 57.59, 60.150002, 4931300.0, 52.860207, -0.4099999999999966, 0.00999800000000306, 1.6403162609830788, 0.0, 0.0, -0.8, 0.02847716617468299
'2012-11-27', 58.0, 59.040001, 57.599998, 57.630001, 3670500.0, 50.645614, -1.1799999999999997, 1.5499989999999997, 1.6758993312252461, 0.0, 0.0, -0.5, 0.010603448275862041
'2012-11-26', 59.18, 59.419998, 56.98, 57.869999, 4698600.0, 50.856526, 0.5999979999999994, 3.880001, 1.6909570132919487, 0.0, 0.0, -0.1, 0.0002816266756787043
'2012-11-23', 58.580002, 59.66, 58.369999, 59.66, 2464000.0, 52.42959, 1.0, 5.550003000000004, 1.6039561370080284, 0.0, 0.0, 0.0, 0.0027739756649376546
'2012-11-21', 57.580002, 58.73, 57.470001, 58.279999, 4045200.0, 51.216837, 1.130001, 4.560001999999997, 1.5327092420652741, 0.0, 0.0, 0.0, 0.005731149505691217
'2012-11-20', 56.450001, 57.650002, 56.169998, 57.43, 3564600.0, 50.469853, 1.1500020000000006, 1.8200000000000003, 1.5026285381516504, 0.0, 0.1, 0.0, 0.008207850459855014
'2012-11-19', 55.299999, 56.59, 55.299999, 56.59, 3021100.0, 49.731655, 2.270000000000003, 0.8499979999999994, 1.5092540928113671, 0.0, 0.5, 0.0, 0.010152418163438193
'2012-11-16', 53.029999, 54.75, 52.709999, 54.540001, 4455700.0, 47.930103, 0.00999899999999343, -1.6100000000000065, 1.5095462035331344, 0.0, 0.8, 0.0, 0.0146143718577102
'2012-11-15', 53.02, 53.310001, 52.200001, 52.810001, 5904200.0, 46.409768, -1.610000999999997, -0.5099989999999934, 1.41027815814283, 1.0, 1.0, 0.0, 0.013013956997359473
'2012-11-14', 54.630001, 54.830002, 52.919998, 53.119999, 3699500.0, 46.682196, 0.17999999999999972, -2.4099999999999966, 1.3092581437344062, 0.0, 0.8, 0.0, 0.00842027991176496
'2012-11-13', 54.450001, 55.310001, 54.099998, 54.139999, 3365400.0, 47.578579, -0.18999800000000278, -2.7799989999999966, 1.2793765738052392, 0.0, 0.5, 0.0, 0.00798063095786469
'2012-11-12', 54.639999, 54.900002, 54.099998, 54.73, 2445100.0, 48.097075, 1.1100000000000065, -3.049999999999997, 1.3059974807706842, 0.0, 0.1, 0.0, 0.007000367685463039
'2012-11-09', 53.529999, 54.82, 53.529999, 53.860001, 4355700.0, 47.332514, -3.510002, -3.1000020000000035, 1.3075749283657054, 0.0, 0.0, 0.0, 0.00819095130908961
'2012-11-08', 57.040001, 57.040001, 53.860001, 53.91, 6025300.0, 47.376454, -0.18999900000000025, -0.29000100000000373, 1.2761393120317275, 0.0, 0.0, 0.0, 0.002742435085160676
'2012-11-07', 57.23, 57.860001, 56.549999, 56.950001, 3790000.0, 50.048026, -0.4599990000000034, 0.9199989999999971, 1.266421314098031, 0.0, 0.0, 0.0, 0.0023297804181955854
'2012-11-06', 57.689999, 57.810001, 57.009998, 57.75, 2819800.0, 50.75107, 1.0599980000000002, 1.3099980000000002, 1.2546979328382086, 0.0, 0.0, 0.0, 0.001668401181632882
'2012-11-05', 56.630001, 57.959999, 56.630001, 57.599998, 2643200.0, 50.619248, -0.7000010000000003, -0.32999800000000334, 1.2630084508126014, 0.0, 0.0, 0.0, 0.0027007083691744705
'2012-11-02', 57.330002, 58.169998, 56.790001, 56.970001, 3021600.0, 50.065602, 1.0200010000000006, -0.3999979999999965, 1.3516865939845115, 0.0, 0.0, 0.0, 0.0018411903150543105
'2012-11-01', 56.310001, 57.57, 56.130001, 57.189999, 4350600.0, 50.258938, -0.07000000000000028, -2.4599990000000034, 1.5625740305525688, 0.0, 0.0, 0.0, 0.0027292515568368876
'2012-10-31', 56.380001, 56.720001, 55.259998, 56.049999, 3225200.0, 49.257099, -0.5799980000000033, -1.639999000000003, 1.8734101184861547, 0.0, 0.0, -0.1, 0.002527491086777381
'2012-10-26', 56.959999, 57.200001, 55.669998, 55.889999, 4017900.0, 49.11649, -0.7700009999999935, 1.1899990000000003, 2.1142088180587475, 0.0, 0.0, -0.5, 0.0018977403021774176
'2012-10-25', 57.73, 57.939999, 56.5, 56.810001, 4160900.0, 49.924993, -1.0400000000000063, 0.27999899999999656, 2.303232299323342, 0.0, 0.0, -0.8, 0.0011810465647292255
'2012-10-24', 58.77, 58.900002, 57.009998, 57.439999, 5920100.0, 50.478639, 0.75, 2.1000020000000035, 2.399152781824279, -1.0, 0.0, -1.0, 0.0
'2012-10-23', 58.02, 59.77, 55.990002, 58.150002, 16331600.0, 51.102594, 2.25, 1.6899980000000028, 2.541428449540765, 0.0, 0.0, -0.8, 0.012926577042399173
'2012-10-22', 55.77, 55.77, 53.610001, 54.169998, 6483900.0, 47.604942, -1.6800009999999972, 0.0, 2.631417556527633, 0.0, 0.0, -0.5, 0.02689618074233459
'2012-10-19', 57.450001, 57.549999, 55.709999, 56.0, 4801000.0, 49.213159, 0.7800030000000007, 3.2000010000000003, 2.723929589708729, 0.0, 0.0, -0.1, 0.007658827833034634
'2012-10-18', 56.669998, 57.57, 56.459999, 57.369999, 4094200.0, 50.417123, 0.3399959999999993, 2.5700000000000003, 2.761825536400325, 0.0, 0.0, 0.0, 0.009264170081671802
'2012-10-17', 56.330002, 57.189999, 55.810001, 56.43, 3421700.0, 49.591046, 0.5600019999999972, 2.260002, 2.758428032707028, 0.0, 0.0, 0.0, 0.008663227102317528
'2012-10-16', 55.77, 56.25, 55.299999, 56.209999, 2610300.0, 49.397708, 1.5200000000000031, 0.630001, 2.750358431599095, 0.0, 0.1, 0.0, 0.008965393580778197
'2012-10-15', 54.25, 55.630001, 54.0, 55.509998, 3866700.0, 48.782542, 0.15000200000000063, -1.869999, 2.731927842832986, 0.0, 0.5, 0.0, 0.011902567478604353
'2012-10-12', 54.099998, 55.32, 53.41, 53.709999, 3930100.0, 47.200692, 0.02999799999999908, -1.9400029999999973, 2.661353134554234, 0.0, 0.8, 0.0, 0.010790208347142647
'2012-10-11', 54.07, 55.110001, 53.779999, 54.43, 4859000.0, 47.833433, -1.0699990000000028, -2.779997999999999, 2.5947897084823834, 1.0, 1.0, 0.0, 0.009658261923843583
'2012-10-10', 55.139999, 55.369999, 52.77, 53.0, 6820800.0, 46.57674, -0.9799999999999969, -1.4400029999999973, 2.512926638607648, 0.0, 0.8, -0.1, 0.006583244588016768
'2012-10-09', 56.119999, 56.400002, 54.41, 54.98, 5309000.0, 48.316776, 0.07999800000000334, -0.2999989999999997, 2.4950851114678185, 0.0, 0.5, -0.5, 0.004292750999838437
'2012-10-08', 56.040001, 56.599998, 55.779999, 56.049999, 3297000.0, 49.257099, -0.8099970000000027, 1.0499989999999997, 2.492603489455582, 0.0, 0.1, -0.8, 0.0040595987260361975
'2012-10-05', 56.849998, 57.380001, 56.009998, 56.369999, 4645000.0, 49.538317, 0.269995999999999, 0.5899999999999963, 2.5154640261747923, -1.0, 0.0, -1.0, 0.0
'2012-10-04', 56.580002, 57.119999, 56.259998, 56.400002, 3846400.0, 49.564683, 0.1600040000000007, 2.6500020000000006, 2.551561141806997, 0.0, 0.0, -0.8, 0.0047719333767432355
'2012-10-03', 56.419998, 56.959999, 56.099998, 56.259998, 5028300.0, 49.441647, 1.4299960000000027, 1.8200000000000003, 2.597312665181577, 0.0, 0.1, -0.5, 0.003810705558692148
'2012-10-02', 54.990002, 56.189999, 54.48, 56.07, 4153200.0, 49.274675, -1.2699960000000061, 0.9500010000000003, 2.5969792053164182, 0.0, 0.5, -0.1, 0.01127475257532574
'2012-10-01', 56.259998, 56.290001, 54.450001, 54.669998, 5313300.0, 48.044345, 2.3299980000000033, 0.25, 2.5471474525047095, 0.0, 0.8, 0.0, 0.0026217562254445704
'2012-09-28', 53.93, 56.310001, 53.75, 56.02, 6405400.0, 49.230736, -0.6699979999999996, -2.7599990000000005, 2.535529129287977, 1.0, 1.0, 0.0, 0.010828844798813277
'2012-09-27', 54.599998, 54.77, 53.150002, 54.310001, 4441400.0, 47.727977, 0.5599970000000027, -3.2800030000000007, 2.4646438840667932, 0.0, 0.8, 0.0, 0.006868132119711799
'2012-09-26', 54.040001, 55.200001, 53.099998, 54.189999, 5881300.0, 47.622518, -1.9699970000000064, -4.809997000000003, 2.4724009084740564, 0.0, 0.5, 0.0, 0.007428351876920641
'2012-09-25', 56.009998, 56.119999, 54.02, 54.099998, 4921700.0, 47.543426, -0.6800009999999972, -4.680000999999997, 2.401958378657143, 0.0, 0.1, 0.0, 0.001874665305290665
'2012-09-24', 56.689999, 56.689999, 55.580002, 55.66, 4015600.0, 48.914365, -1.1900019999999998, -5.390003, 2.4439542804373096, 0.0, 0.0, 0.0, 0.00031359440783667274
'2012-09-21', 57.880001, 58.27, 56.07, 56.619999, 9175400.0, 49.758018, -0.9699969999999993, -4.099998999999997, 2.4946808599233385, 0.0, 0.0, 0.0, -0.0017795490362897551
'2012-09-20', 58.849998, 59.700001, 57.75, 59.009998, 5649000.0, 51.858365, -1.8400010000000009, -2.9400029999999973, 2.5102721182376184, 0.0, 0.0, 0.0, -0.003089518912442135
'2012-09-19', 60.689999, 60.709999, 59.84, 59.990002, 3347800.0, 52.719598, -1.390003, 0.009999000000000535, 2.53494321891286, 0.0, 0.0, 0.0, -0.005272698774197268
'2012-09-18', 62.080002, 62.16, 59.77, 60.389999, 4245700.0, 53.071119, 0.10000200000000348, 0.15000200000000063, 2.492786387051213, 0.0, 0.0, 0.0, -0.0064804765953454715
'2012-09-17', 61.98, 62.259998, 61.360001, 62.080002, 3463100.0, 54.556304, 0.18999900000000025, 1.0200009999999935, 2.4714502216582033, 0.0, 0.0, 0.0, -0.005912047665145436
'2012-09-14', 61.790001, 63.130001, 61.619999, 62.060001, 4753500.0, 54.538727, 1.110000999999997, 0.40000199999999353, 2.53144752341883, 0.0, 0.0, 0.0, -0.0053298839294942425
'2012-09-13', 60.68, 61.740002, 60.369999, 61.419998, 4585900.0, 53.976288, -1.25, 0.7900009999999966, 2.6858686078562535, 0.0, 0.0, 0.0, -0.003944876812788398
'2012-09-12', 61.93, 62.5, 60.740002, 60.900002, 5057100.0, 53.519312, 0.9700009999999963, 4.270000000000003, 2.763430422399946, 0.0, 0.0, 0.0, -0.004825184031306694
'2012-09-11', 60.959999, 62.939999, 60.900002, 61.48, 9926700.0, 54.029018, -0.4299999999999997, 3.4799990000000065, 2.821511166615228, 0.0, 0.0, 0.0, -0.0037456265195950724
'2012-09-10', 61.389999, 63.240002, 61.34, 62.599998, 6423400.0, 55.01328, 1.5, 3.5400010000000037, 2.898830709088873, 0.0, 0.0, 0.0, -0.0038922857948349497
'2012-09-07', 59.889999, 61.849998, 59.5, 61.700001, 6628000.0, 54.222356, 2.2299990000000065, 2.119999, 2.8332125667284296, 0.0, 0.0, 0.0, -0.002537987185473157
'2012-09-06', 57.66, 60.0, 57.200001, 59.950001, 7449000.0, 52.684445, 0.17999999999999972, 1.5600019999999972, 2.827362561933552, 0.0, 0.0, 0.0, -0.0006689476900715172
'2012-09-05', 57.48, 57.540001, 56.48, 57.130001, 4557900.0, 49.942569, -0.3699980000000025, 0.8499989999999968, 2.8203047584261967, 0.0, 0.0, 0.0, -0.0004981985829063054
'2012-09-04', 57.849998, 58.490002, 56.720001, 57.470001, 4155300.0, 50.239795, 0.07999799999999624, 2.159998999999999, 2.837959959736591, 0.0, 0.0, -0.1, -0.0007515689260622829
'2012-08-31', 57.77, 58.349998, 56.939999, 58.130001, 4190500.0, 50.816761, 1.6700020000000038, 1.5400000000000063, 2.8255782885831624, 0.0, 0.0, -0.5, -0.0006635523051179993
'2012-08-30', 56.099998, 57.990002, 56.099998, 57.349998, 4815000.0, 50.134889, -0.5300030000000007, 0.8399999999999963, 2.936497925163645, 0.0, 0.0, -0.8, 0.0005347593773532756
'2012-08-29', 56.630001, 57.040001, 56.02, 56.25, 3173200.0, 49.17328, 0.9400019999999998, 1.3500020000000035, 2.975202850186358, -1.0, 0.0, -1.0, 0.0
'2012-08-28', 55.689999, 57.59, 55.59, 56.439999, 5420300.0, 49.339375, -0.5400009999999966, 0.8400010000000009, 2.9726785425495903, 0.0, 0.0, -0.8, 0.016879188667250647
'2012-08-27', 56.23, 56.439999, 54.950001, 55.919998, 5032700.0, 48.884795, 0.9700019999999938, -0.20999900000000338, 2.9758741010782237, 0.0, 0.1, -0.5, 0.0035568290947892867
'2012-08-24', 55.259998, 56.029999, 55.130001, 55.889999, 3986700.0, 48.85857, -0.020000999999993496, -2.2900009999999966, 2.9812111981171903, 0.0, 0.5, -0.1, 0.00826398268538963
'2012-08-23', 55.279999, 55.630001, 54.779999, 55.310001, 4454800.0, 48.351541, 0.4300009999999972, -1.7200010000000034, 2.9806155736322872, 0.0, 0.8, -0.1, 0.00610529135501614
'2012-08-22', 54.849998, 55.830002, 54.610001, 55.549999, 4525700.0, 48.561345, -1.5900010000000009, -0.8100019999999972, 2.9806852569168627, 1.0, 1.0, -0.5, 0.006490439616789049
'2012-08-21', 56.439999, 56.48, 54.57, 54.830002, 5952900.0, 47.931929, -1.1099999999999994, 2.0099990000000005, 2.9746017722828224, 0.0, 0.8, -0.8, 0.0005610737165321347
'2012-08-20', 57.549999, 57.549999, 55.650002, 56.110001, 3929400.0, 49.050894, 0.5499989999999997, 1.8099970000000027, 2.999881172069139, -1.0, 0.3, -1.0, 0.0
'2012-08-17', 57.0, 57.880001, 57.0, 57.48, 3944900.0, 50.248535, 1.3400000000000034, 2.2000010000000003, 3.026394606458579, 0.0, 0.3, -0.8, 0.00964910526315789
'2012-08-16', 55.66, 57.290001, 55.66, 56.830002, 4225100.0, 49.680313, 1.2299999999999969, 0.7700009999999935, 3.070842446691393, 0.0, 0.8, -0.5, 0.016978072224218498
'2012-08-15', 54.43, 56.119999, 54.0, 55.650002, 4886700.0, 48.648766, -1.3100019999999972, -1.860000999999997, 3.0959253060580307, 1.0, 1.0, -0.1, 0.019107103925531263
'2012-08-14', 55.740002, 56.0, 54.200001, 54.330002, 5616200.0, 47.494834, 0.9400029999999973, 0.23000399999999388, 3.122021302970523, 0.0, 0.8, -0.1, 0.008118034333762684
'2012-08-13', 54.799999, 56.029999, 54.27, 55.939999, 3888900.0, 48.902279, -0.09000000000000341, -1.0200010000000006, 3.149202920229104, 0.0, 0.5, -0.5, 0.01003649653351271
'2012-08-10', 54.889999, 55.560001, 54.450001, 54.830002, 4980700.0, 47.931929, -1.4000019999999935, 1.880001, 3.1358612346285835, 0.0, 0.1, -0.8, 0.008076759726910045
'2012-08-09', 56.290001, 56.720001, 54.759998, 55.060001, 5894300.0, 48.132993, 0.7800029999999936, 5.030002999999994, 3.1238989717875474, -1.0, 0.0, -1.0, 0.0
'2012-08-08', 55.509998, 57.25, 54.68, 56.380001, 6161100.0, 49.286926, -0.3100019999999972, 5.959999000000003, 3.1313531072794443, 0.0, 0.0, -0.8, 0.01405157679883169
'2012-08-07', 55.82, 57.959999, 55.779999, 55.889999, 9163500.0, 48.85857, 2.8100019999999972, 5.189999, 3.131765230122116, 0.0, 0.0, -0.5, 0.004209969544965929
'2012-08-06', 53.009998, 55.259998, 53.0, 54.84, 6499700.0, 47.94067, 1.75, 3.889999000000003, 3.1535828429478743, 0.0, 0.0, -0.1, 0.020625058943283325
'2012-08-03', 51.259998, 53.0, 50.740002, 52.66, 7073700.0, 46.034932, 1.7099990000000034, -10.839999999999996, 3.1317076774007253, 0.0, 0.1, 0.0, 0.024531814261873328
'2012-08-02', 49.549999, 50.380001, 48.240002, 50.290001, 8480600.0, 43.963098, -1.0800020000000004, -10.740001999999997, 3.0481290569246364, 0.0, 0.5, 0.0, 0.027204852214023238
'2012-08-01', 50.630001, 51.220001, 49.049999, 49.830002, 13264800.0, 43.560971, 1.510002, -9.139999000000003, 2.7771327151101257, 0.0, 0.8, 0.0, 0.01863190429985045
'2012-07-31', 49.119999, 52.200001, 49.049999, 49.330002, 34410600.0, 43.123875, -12.979999, -8.210003, 2.49118503880327, 1.0, 1.0, 0.0, 0.020852728437555538
'2012-07-30', 62.099998, 62.48, 60.189999, 60.580002, 4686600.0, 52.958531, 1.8099970000000027, 3.9199979999999996, 1.8863119928938041, 0.0, 0.8, 0.0, -0.011694841358932095
'2012-07-27', 60.290001, 62.419998, 60.009998, 62.099998, 4753800.0, 54.2873, 0.5200009999999935, 3.0, 1.7970077609309612, 0.0, 0.5, 0.0, -0.0073717770289047505
'2012-07-26', 59.77, 60.66, 58.439999, 59.720001, 4764600.0, 52.206726, 2.4399980000000028, -0.7900009999999966, 1.8027560635135935, 0.0, 0.1, 0.0, -0.005822317215994657
'2012-07-25', 57.330002, 58.0, 57.060001, 57.349998, 2583400.0, 50.134889, -0.8499979999999994, -1.119999, 1.875766083320366, 0.0, 0.0, -0.1, -0.0016491460344715458
'2012-07-24', 58.18, 58.299999, 56.459999, 57.02, 2911000.0, 49.846408, 0.8899990000000031, 1.9299999999999997, 1.9755623638181958, 0.0, 0.0, -0.5, -0.0027071144150338077
'2012-07-23', 57.290001, 58.189999, 56.75, 58.0, 2574800.0, 50.703115, -3.270000000000003, 0.6599999999999966, 2.2308582206260796, 0.0, 0.0, -0.8, -0.0013426963794795
'2012-07-20', 60.560001, 60.560001, 58.709999, 58.84, 4446600.0, 51.437436, 2.1099999999999994, 3.640003, 2.260560112081724, -1.0, 0.0, -1.0, 0.0
'2012-07-19', 58.450001, 61.459999, 58.360001, 61.02, 5080600.0, 53.343174, 2.2000010000000003, 3.100003000000001, 2.3744061268923464, 0.0, 0.0, -0.8, 0.03609922949359743
'2012-07-18', 56.25, 58.720001, 56.25, 57.990002, 3254700.0, 50.694375, -0.38000100000000003, 0.9799999999999969, 2.571621330069503, 0.0, 0.0, -0.5, 0.03831112
'2012-07-17', 56.630001, 57.27, 55.549999, 56.43, 2324600.0, 49.330635, -0.2899969999999996, 0.47000100000000344, 2.6288724046213634, 0.0, 0.1, -0.1, 0.023132614813127055
'2012-07-16', 56.919998, 56.919998, 55.740002, 56.330002, 2759800.0, 49.243217, 1.5700000000000003, -1.230004000000001, 2.6373678665799734, 0.0, 0.5, 0.0, 0.01598736440574014
'2012-07-13', 55.349998, 57.369999, 55.349998, 57.18, 3111200.0, 49.986278, 0.07999799999999624, -3.340001000000001, 2.787348305875815, 0.0, 0.8, 0.0, 0.018825666443565182
'2012-07-12', 55.27, 56.02, 53.259998, 55.299999, 5464700.0, 48.342797, -0.8899999999999935, -3.799999999999997, 2.991048352501511, 1.0, 1.0, 0.0, 0.0159519962607804
'2012-07-11', 56.16, 56.369999, 55.029999, 55.84, 5361500.0, 48.814861, -1.990002000000004, -2.2000010000000003, 3.206426630586702, 0.0, 0.8, 0.0, 0.011192513736263744
'2012-07-10', 58.150002, 58.860001, 56.610001, 56.919998, 3066200.0, 49.758987, -0.5399969999999996, -1.0, 3.419408074116877, 0.0, 0.5, 0.0, 0.005180565170057946
'2012-07-09', 58.689999, 59.02, 57.200001, 57.689999, 3201100.0, 50.432115, -0.38000100000000003, -0.06999900000000281, 3.5770400328021443, 0.0, 0.1, 0.0, 0.003540262455959489
'2012-07-06', 59.07, 59.25, 57.169998, 57.560001, 3632100.0, 50.318472, 0.7099990000000034, 1.989998, 3.7194524000691658, 0.0, 0.0, 0.0, 0.0025224327069578454
'2012-07-05', 58.360001, 60.119999, 58.349998, 59.689999, 4666100.0, 52.180498, -0.7900010000000037, 1.0299989999999966, 3.796520943908493, 0.0, 0.0, 0.0, 0.003427004739084913
'2012-07-03', 59.150002, 59.209999, 57.779999, 58.349998, 2079100.0, 51.009081, 0.3900039999999976, 1.2800030000000007, 3.847111947595992, 0.0, 0.0, 0.0, 0.001986473587383253
'2012-07-02', 58.759998, 59.310001, 58.349998, 58.57, 3754300.0, 51.201404, 1.6799960000000027, 0.8299980000000033, 3.8219535641696467, 0.0, 0.0, 0.0, 0.0023563950637093107
'2012-06-29', 57.080002, 58.959999, 56.75, 58.48, 4762400.0, 51.122727, -0.25, -1.9699969999999993, 3.7632341765298696, 0.0, 0.0, 0.0, 0.004354788865334257
'2012-06-28', 57.330002, 57.799999, 55.18, 56.119999, 5109500.0, 49.059634, -0.5399969999999996, -3.0499989999999997, 3.651820820680819, 0.0, 0.0, 0.0, 0.0037560310335706362
'2012-06-27', 57.869999, 58.349998, 57.25, 57.650002, 3633600.0, 50.397149, -0.06000099999999975, -3.9500010000000003, 3.530508460815699, 0.0, 0.0, 0.0, 0.0029052208036153583
'2012-06-26', 57.93, 58.349998, 56.669998, 57.639999, 3772400.0, 50.388406, -1.119999, -4.0099990000000005, 3.3748519568258497, 0.0, 0.0, 0.0, 0.002670566911383922
'2012-06-25', 59.049999, 59.119999, 57.189999, 57.740002, 3495900.0, 50.475827, -1.3300020000000004, -2.100003000000001, 3.197215239256779, 0.0, 0.0, 0.0, 0.0014206435464969272
'2012-06-22', 60.380001, 60.380001, 58.93, 59.790001, 3067600.0, 52.267919, -1.4399990000000003, -0.6599999999999966, 3.077906289513181, 0.0, 0.0, 0.0, 0.0001569010277182059
'2012-06-21', 61.82, 61.880001, 59.669998, 59.849998, 3843500.0, 52.320368, -0.11999899999999997, 1.6500020000000006, 3.091926103002006, 0.0, 0.0, 0.0, -0.0010190868650922036
'2012-06-20', 61.939999, 62.259998, 61.09, 61.700001, 3499000.0, 53.937625, 0.7899969999999996, 1.4799999999999969, 3.122363793613686, 0.0, 0.0, 0.0, -0.0010609330244934377
'2012-06-19', 61.150002, 62.720001, 61.150002, 61.82, 3950200.0, 54.042527, 0.11000100000000401, -0.509997999999996, 3.212067009464744, 0.0, 0.0, 0.0, -0.0004385646180800994
'2012-06-18', 61.040001, 61.360001, 59.91, 60.720001, 4502100.0, 53.080918, 0.870002999999997, -1.3200000000000003, 3.302055507337253, 0.0, 0.0, 0.0, -0.0003418998177505136
'2012-06-15', 60.169998, 61.279999, 59.669998, 61.209999, 4265600.0, 53.50927, -0.29000100000000373, -4.440002999999997, 3.4195115586688205, 0.0, 0.0, 0.0, 0.0002700702266933764
'2012-06-14', 60.459999, 61.0, 59.34, 59.93, 3721600.0, 52.390305, -1.2000009999999932, -1.2900009999999966, 3.5228970463751517, 0.0, 0.0, 0.0, 6.616076854384093e-05
'2012-06-13', 61.66, 61.779999, 59.869999, 60.150002, 3404900.0, 52.582629, -0.7000010000000003, -1.740002000000004, 3.4561103356234564, 0.0, 0.0, 0.0, -0.0006861442401257498
'2012-06-12', 62.360001, 63.310001, 60.869999, 61.98, 4642700.0, 54.182398, -2.25, -2.4700009999999963, 3.408903705670875, 0.0, 0.0, 0.0, -0.0010690613469789164
'2012-06-11', 64.610001, 64.629997, 61.709999, 61.82, 3417300.0, 54.042527, 2.860000999999997, 0.5500030000000038, 3.397540514951459, 0.0, 0.0, 0.0, -0.0022387069324276447
'2012-06-08', 61.75, 64.019997, 61.669998, 64.0, 4023600.0, 55.948265, -1.6500020000000006, -1.4700010000000034, 3.4476008332950387, 0.0, 0.0, 0.0, -0.0006645254781516126
'2012-06-07', 63.400002, 63.52, 59.810001, 62.07, 11576100.0, 54.261075, -1.4299999999999926, -2.5499949999999956, 3.2557094632051133, 0.0, 0.0, 0.0, -0.0014931655680389415
'2012-06-06', 64.830002, 64.830002, 62.389999, 62.84, 5462400.0, 54.934203, 0.7700040000000001, -3.4499970000000104, 3.1518900152559253, 0.0, 0.0, 0.0, -0.002124663944047623
'2012-06-05', 64.059998, 64.879997, 62.799999, 63.950001, 4593200.0, 55.904556, 0.8399969999999897, -5.310005000000004, 3.0767699297952857, 0.0, 0.0, 0.0, -0.0017073822926126192
'2012-06-04', 63.220001, 64.129997, 62.5, 64.059998, 4273100.0, 56.000714, -2.7299959999999928, -6.470001000000003, 3.0330616746564814, 0.0, 0.0, 0.0, -0.0012750088473750692
'2012-06-01', 65.949997, 66.239998, 62.740002, 63.130001, 6392800.0, 55.187719, -2.3300020000000075, -2.6000060000000076, 2.903518093142208, 0.0, 0.0, -0.1, -0.0024037801566184603
'2012-05-31', 68.279999, 68.489998, 66.660004, 67.449997, 2749000.0, 58.964224, -1.0900039999999933, -0.35999999999999943, 2.9527334399169267, 0.0, 0.0, -0.5, -0.003230395059445908
'2012-05-30', 69.370003, 69.440002, 67.949997, 68.599998, 3734700.0, 59.707289, -0.3199990000000099, 1.620002999999997, 3.0083680438409877, 0.0, 0.0, -0.8, -0.0035277824303651495
'2012-05-29', 69.690002, 70.18, 69.160004, 70.110001, 2711400.0, 61.021547, 1.139999000000003, 1.4400020000000069, 3.0553416484728113, -1.0, 0.0, -1.0, 0.0
'2012-05-25', 68.550003, 69.519997, 68.43, 68.910004, 1802500.0, 59.977108, -0.0899959999999993, 2.550003000000004, 3.1066032216703436, 0.0, 0.0, -0.8, 0.01663018162085278
'2012-05-24', 68.639999, 69.989998, 68.360001, 69.269997, 3608000.0, 60.290434, 0.8899990000000031, 2.8399959999999993, 3.128338779012004, 0.0, 0.0, -0.5, 0.0076486233631792725
'2012-05-23', 67.75, 69.129997, 66.82, 69.050003, 4039500.0, 60.098959, -0.5, 0.1399990000000031, 3.1190189108335593, 0.0, 0.1, -0.1, 0.009544905289052925
'2012-05-22', 68.25, 69.82, 68.050003, 68.449997, 3826300.0, 59.576732, 2.25, 0.29000100000000373, 3.0557719697872328, 0.0, 0.5, 0.0, 0.005274732600732626
'2012-05-21', 66.0, 67.970001, 66.0, 67.889999, 2896400.0, 59.089328, 0.1999969999999962, -1.010002, 3.0447564668538685, 0.0, 0.8, 0.0, 0.011181824242424263
'2012-05-18', 65.800003, 67.269997, 65.559998, 65.889999, 3833100.0, 57.34859, -1.8099979999999931, -1.5999989999999968, 2.8543877361127583, 1.0, 1.0, 0.0, 0.009853087190082151
'2012-05-17', 67.610001, 67.779999, 65.160004, 65.260002, 3789800.0, 56.800261, -0.34999799999999937, -0.5100020000000001, 2.608264670151376, 0.0, 0.8, 0.0, 0.004394956302396763
'2012-05-16', 67.959999, 68.599998, 66.989998, 67.519997, 3104500.0, 58.767289, 0.9499969999999962, -2.2000050000000044, 2.4844328810155116, 0.0, 0.5, 0.0, 0.003182024399382368
'2012-05-15', 67.010002, 68.099998, 66.629997, 66.739998, 2400500.0, 58.088402, -0.39000000000000057, -2.75, 2.484860465428353, 0.0, 0.1, 0.0, 0.004443781060889665
'2012-05-14', 67.400002, 67.989998, 66.730003, 67.150002, 3328600.0, 58.445257, -0.7200009999999963, -3.9199979999999925, 2.3234723520828497, 0.0, 0.0, 0.0, 0.0033976260119398904
'2012-05-11', 68.120003, 69.129997, 68.050003, 68.309998, 2103600.0, 59.454881, -2.0400010000000037, -4.409996000000007, 2.1538922716803923, 0.0, 0.0, 0.0, 0.0020952315844463883
'2012-05-10', 70.160004, 70.349998, 68.349998, 68.699997, 2666500.0, 59.794324, 0.40000200000000063, -3.5999979999999994, 1.9342319896606335, 0.0, 0.0, 0.0, -0.0005582501582145409
'2012-05-09', 69.760002, 70.099998, 68.410004, 69.580002, 2826200.0, 60.560253, -1.5599979999999931, -5.369995000000003, 1.9479603493694537, 0.0, 0.0, 0.0, -7.718771832338622e-05
'2012-05-08', 71.32, 71.32, 67.989998, 70.800003, 4058900.0, 61.622104, -1.2099990000000105, -1.9100030000000032, 1.9367113117183434, 0.0, 0.0, -0.1, -0.0016324793686403197
'2012-05-07', 72.529999, 73.099998, 71.910004, 72.059998, 1672400.0, 62.718763, -1.2300029999999964, -0.5500029999999896, 1.893579234161828, 0.0, 0.0, -0.5, -0.0026104113600405967
'2012-05-04', 73.760002, 74.529999, 72.489998, 72.529999, 2211000.0, 63.127838, -1.369995000000003, -0.02999900000000366, 1.9169297530872431, 0.0, 0.0, -0.8, -0.003448684830567108
'2012-05-03', 75.129997, 75.870003, 73.860001, 74.25, 2112900.0, 64.624873, 1.8999940000000066, 1.5599970000000098, 1.9851275074592318, -1.0, 0.0, -1.0, 0.0
'2012-05-02', 73.230003, 75.25, 72.870003, 75.099998, 1997200.0, 65.364685, 0.15000100000000316, 0.9700009999999963, 2.0741046161346435, 0.0, 0.0, -0.8, 0.0259455676930671
'2012-05-01', 73.080002, 74.910004, 72.650002, 73.57, 3025700.0, 64.033022, -0.7099990000000105, 0.25, 2.0556483334579743, 0.0, 0.0, -0.5, 0.014025690639691075
'2012-04-30', 73.790001, 73.809998, 72.809998, 73.160004, 1989900.0, 63.676174, 0.22000100000001055, 1.629997000000003, 2.0271542122349198, 0.0, 0.0, -0.1, 0.006053195924652896
'2012-04-27', 73.57, 74.910004, 72.540001, 73.910004, 2887100.0, 64.328951, 1.3099979999999931, -1.1200020000000137, 2.0580927641396785, 0.0, 0.1, 0.0, 0.005301063612885721
'2012-04-26', 72.260002, 73.660004, 71.800003, 73.269997, 2410100.0, 63.771909, -0.5699999999999932, -2.8299939999999992, 2.069335454488743, 0.0, 0.5, 0.0, 0.007943523167906924
'2012-04-25', 72.830002, 73.440002, 71.339996, 72.099998, 4006300.0, 62.753579, 0.6699979999999925, -3.0700000000000074, 2.0073884213363193, 0.0, 0.8, 0.0, 0.005263387195842747
'2012-04-24', 72.160004, 73.260002, 69.540001, 71.870003, 9441700.0, 62.553398, -2.529998000000006, -2.619995000000003, 1.914922394964683, 1.0, 1.0, -0.1, 0.005879776756743453
'2012-04-23', 74.690002, 75.419998, 74.059998, 75.120003, 3400600.0, 65.382096, -0.3999939999999924, 0.4100030000000032, 1.7594240374758319, 0.0, 0.8, -0.5, 0.0007363686373980752
'2012-04-20', 75.089996, 76.440002, 74.900002, 75.669998, 2460000.0, 65.860795, -0.8100060000000013, 0.5799939999999992, 1.730646725534562, 0.0, 0.5, -0.8, 5.9189716238045475e-05
'2012-04-19', 75.900002, 76.190002, 74.25, 74.830002, 2380100.0, 65.129688, 1.120002999999997, 1.1900030000000044, 1.7336987127150576, -1.0, 0.1, -1.0, 0.0
'2012-04-18', 74.779999, 75.639999, 74.349998, 75.330002, 1694500.0, 65.564873, 0.5, 0.7600020000000001, 1.808788700386922, 0.0, 0.0, -0.8, 0.014977306966799999
'2012-04-17', 74.279999, 75.57, 73.82, 75.120003, 1789900.0, 65.382096, -0.2300029999999964, 0.6699980000000068, 1.7923457739394761, 0.0, 0.0, -0.5, 0.010904705316433816
'2012-04-16', 74.510002, 75.160004, 73.209999, 73.839996, 1968600.0, 64.268019, -0.1999969999999962, -0.7399979999999999, 1.742157851058037, 0.0, 0.1, -0.1, 0.006218404521494088
'2012-04-13', 74.709999, 75.279999, 73.589996, 74.239998, 1817400.0, 64.616167, 0.6900019999999927, 0.5400009999999895, 1.696945113891008, 0.0, 0.5, 0.0, 0.003982074072842661
'2012-04-12', 74.019997, 74.949997, 73.669998, 74.849998, 1385400.0, 65.147093, 0.4099960000000067, -0.2900009999999895, 1.67832613331879, 0.0, 0.8, 0.0, 0.005079721902717713
'2012-04-11', 73.610001, 74.410004, 73.32, 73.650002, 1845100.0, 64.102653, -1.639999000000003, -1.7200009999999963, 1.6156993475694206, 1.0, 1.0, 0.0, 0.005184986118032168
'2012-04-10', 75.25, 75.25, 72.779999, 72.900002, 2805800.0, 63.449877, 1.0800019999999932, -2.7799990000000037, 1.5266689692132362, 0.0, 0.8, 0.0, 0.0012339857617465603
'2012-04-09', 74.169998, 75.660004, 74.110001, 75.25, 1634700.0, 65.495242, -0.13999999999998636, -3.25, 1.550281612096045, 0.0, 0.5, 0.0, 0.002915606118797512
'2012-04-05', 74.309998, 76.07, 74.220001, 75.540001, 2865000.0, 65.747649, -1.0200040000000001, -3.450004000000007, 1.5602701849013008, 0.0, 0.1, 0.0, 0.0023774339371010612
'2012-04-04', 75.330002, 76.239998, 74.190002, 74.720001, 4430900.0, 65.033947, -2.6999970000000104, -1.4199980000000068, 1.5685355170006505, 0.0, 0.0, 0.0, 0.0007566706290542877
'2012-04-03', 78.029999, 78.290001, 75.32, 75.480003, 6013100.0, 65.695429, 0.6100009999999969, -0.5599969999999956, 1.6299530049677626, 0.0, 0.0, 0.0, -0.0024815595718396866
'2012-04-02', 77.419998, 79.0, 77.419998, 78.459999, 1880300.0, 68.289124, -0.3400039999999933, -1.8400039999999933, 1.6258480766675314, 0.0, 0.0, 0.0, -0.0016360932137111893
'2012-03-30', 77.760002, 78.080002, 76.709999, 77.279999, 2174900.0, 67.262089, 1.010002, 0.1900020000000069, 1.6420552872148053, 0.0, 0.0, 0.0, -0.0018399809593230595
'2012-03-29', 76.75, 77.43, 75.800003, 77.260002, 1931100.0, 67.244684, -1.8399959999999993, -1.2799990000000037, 1.6475104469211581, 0.0, 0.0, 0.0, -0.0007910637505816653
'2012-03-28', 78.589996, 78.620003, 76.610001, 77.339996, 1688100.0, 67.314309, -0.6700060000000008, 0.20999899999999627, 1.6475912746130408, 0.0, 0.0, 0.0, -0.0022818799142493053
'2012-03-27', 79.260002, 79.699997, 78.440002, 78.730003, 2023000.0, 68.524127, 1.6900020000000069, 0.620002999999997, 1.6339840602658868, 0.0, 0.0, 0.0, -0.002649507881667729
'2012-03-26', 77.57, 79.419998, 77.57, 79.029999, 2163000.0, 68.785234, -0.4599990000000105, 0.45999899999999627, 1.55884901538233, 0.0, 0.0, 0.0, -0.0012664068128218102
'2012-03-23', 78.029999, 78.419998, 75.879997, 77.089996, 2709400.0, 67.096717, -0.34999799999999937, 0.7399979999999999, 1.6181961666424478, 0.0, 0.0, 0.0, -0.001516508627235364
'2012-03-22', 78.379997, 78.769997, 77.610001, 78.370003, 1826500.0, 68.210794, -0.26000200000000007, -0.13000499999999704, 1.6575645042058058, 0.0, 0.0, 0.0, -0.0016652980049435197
'2012-03-21', 78.639999, 79.239998, 77.989998, 78.769997, 1575300.0, 68.558936, 1.5299980000000062, 0.10999999999999943, 1.6783456219751158, 0.0, 0.0, 0.0, -0.001742114086242551
'2012-03-20', 77.110001, 78.360001, 76.989998, 78.239998, 1875700.0, 68.097642, -0.18000000000000682, -1.6699980000000068, 1.7112273829049265, 0.0, 0.0, 0.0, -0.0007472312184252186
'2012-03-19', 77.290001, 77.75, 76.540001, 77.360001, 2188000.0, 67.33172, -1.2200009999999963, -0.019996999999989384, 1.7909039809062435, 0.0, 0.0, -0.1, -0.000817463732821958
'2012-03-16', 78.510002, 78.989998, 77.629997, 77.839996, 3225700.0, 67.749493, -0.019997000000003595, 0.9400020000000069, 1.8939520114192872, 0.0, 0.0, -0.5, -0.0014453987769553896
'2012-03-15', 78.529999, 78.529999, 77.169998, 78.190002, 2105300.0, 68.054128, -0.25, 1.1900030000000044, 1.961569090748849, 0.0, 0.0, -0.8, -0.001395431169346296
'2012-03-14', 78.779999, 79.18, 78.470001, 78.769997, 2533400.0, 68.558936, 1.4700010000000105, 3.7900010000000037, 2.0056740700609246, -1.0, 0.0, -1.0, 0.0
'2012-03-13', 77.309998, 78.870003, 77.0, 78.68, 3032800.0, 68.480606, -0.26000200000000007, 3.6299979999999863, 2.1275966042157624, 0.0, 0.0, -0.8, 0.019014371207201567
'2012-03-12', 77.57, 78.25, 76.910004, 77.260002, 1706300.0, 67.244684, 0.23000399999999388, 2.19000299999999, 2.379263509740296, 0.0, 0.1, -0.5, 0.007799400541446504
'2012-03-09', 77.339996, 77.580002, 76.489998, 77.309998, 3110600.0, 67.288199, 2.3499979999999994, 1.0199960000000061, 2.460837744130548, 0.0, 0.5, -0.1, 0.006206374771470138
'2012-03-08', 74.989998, 78.220001, 74.959999, 76.790001, 6206600.0, 66.83561, 1.3099979999999931, -1.870002999999997, 2.5065742973901792, 0.0, 0.8, 0.0, 0.01263502167315701
'2012-03-07', 73.68, 74.410004, 72.949997, 73.389999, 2586000.0, 63.876355, -1.6999969999999962, -1.5699999999999932, 2.721313324686235, 1.0, 1.0, -0.1, 0.013843645494028221
'2012-03-06', 75.379997, 75.529999, 72.849998, 73.120003, 3950900.0, 63.445528, -0.9400029999999902, -0.23000399999999388, 2.9913913379123986, 0.0, 0.8, -0.5, 0.007517471777028594
'2012-03-05', 76.32, 76.989998, 75.889999, 76.169998, 2335600.0, 66.09198, -0.5400010000000037, 0.8799979999999863, 3.302535529707719, 0.0, 0.5, -0.8, 0.004604670185684356
'2012-03-02', 76.860001, 77.300003, 76.199997, 76.489998, 2235700.0, 66.36964, 1.610000999999997, 2.19000299999999, 3.4847789722359037, -1.0, 0.1, -1.0, 0.0
'2012-03-01', 75.25, 76.800003, 74.589996, 76.739998, 2326600.0, 66.586563, -0.3600009999999969, 1.25, 3.6249168053846037, 0.0, 0.0, -0.8, 0.021395362126245807
'2012-02-29', 75.610001, 76.019997, 74.730003, 74.839996, 2595500.0, 64.93795, 0.16999899999999002, 1.4499969999999962, 3.9275282650887426, 0.0, 0.0, -0.5, 0.008266102258086203
'2012-02-28', 75.440002, 75.650002, 74.93, 75.25, 2577700.0, 65.293706, 0.7700040000000001, 1.4800030000000106, 4.1569387208516195, 0.0, 0.0, -0.1, 0.006274297288592285
'2012-02-27', 74.669998, 76.489998, 74.639999, 76.050003, 1613100.0, 65.987861, 0.6699980000000068, -0.9299999999999926, 4.431575232819332, 0.0, 0.1, 0.0, 0.007332272193177205
'2012-02-24', 74.0, 75.769997, 73.949997, 75.279999, 1892400.0, 65.319736, -0.1600040000000007, -1.1800000000000068, 4.701352142664679, 0.0, 0.5, 0.0, 0.007729732432432424
'2012-02-23', 74.160004, 74.589996, 73.349998, 73.980003, 2353400.0, 64.191742, 0.20000500000000443, -1.0199960000000061, 4.85793247462837, 0.0, 0.8, 0.0, 0.0060679540955795985
'2012-02-22', 73.959999, 74.989998, 73.730003, 74.290001, 1968500.0, 64.460724, -1.639999000000003, -2.3200000000000074, 4.959165191542216, 1.0, 1.0, 0.0, 0.005601487366163974
'2012-02-21', 75.599998, 75.650002, 73.879997, 74.300003, 1937500.0, 64.469403, 0.41999799999999254, 0.9499959999999987, 4.994615819344719, 0.0, 0.8, -0.1, 0.002083338348765561
'2012-02-17', 75.18, 76.089996, 74.720001, 75.029999, 2804700.0, 65.102813, 0.0, 0.08000200000000746, 4.97000023548441, 0.0, 0.5, -0.5, 0.002482931335165957
'2012-02-16', 75.18, 75.519997, 73.860001, 74.519997, 3145600.0, 64.660289, -1.0999989999999968, 1.760002, 4.963278636099283, 0.0, 0.1, -0.8, 0.0022346382016493614
'2012-02-15', 76.279999, 76.699997, 74.879997, 75.120003, 2389400.0, 65.180909, 1.629997000000003, 3.0599980000000073, 4.965950797955529, -1.0, 0.0, -1.0, 0.0
'2012-02-14', 74.650002, 76.25, 74.349998, 75.82, 3359700.0, 65.788289, -0.44999599999999873, 1.7000050000000044, 4.77011318083797, 0.0, 0.1, -0.8, 0.021835190305822136
'2012-02-13', 75.099998, 75.120003, 74.110001, 74.989998, 2181200.0, 65.068105, 1.6799999999999926, 2.9399939999999987, 4.640520181033779, 0.0, 0.5, -0.5, 0.007856198611350191
'2012-02-10', 73.419998, 74.68, 73.330002, 74.540001, 2865300.0, 64.677646, 0.19999700000001042, 1.2799990000000037, 4.4436598837599215, 0.0, 0.8, -0.1, 0.012984659393026211
'2012-02-09', 73.220001, 74.470001, 73.07, 74.040001, 2594000.0, 64.243801, 0.27000400000000013, 1.8599999999999994, 4.278370430640802, 1.0, 1.0, 0.0, 0.010447958065447198
'2012-02-08', 72.949997, 74.209999, 72.510002, 73.209999, 2539600.0, 63.523617, 0.7899929999999955, 2.3399959999999993, 4.11000721828286, 0.0, 0.8, 0.0, 0.009129546640008793
'2012-02-07', 72.160004, 73.0, 72.010002, 72.379997, 2400400.0, 62.803432, 0.020004999999997608, 1.760002, 3.9505691587307576, 0.0, 0.5, 0.0, 0.009515878537552935
'2012-02-06', 72.139999, 72.709999, 71.860001, 72.57, 1807700.0, 62.968295, 0.7799980000000062, 3.449996999999996, 3.8001700328191124, 0.0, 0.1, 0.0, 0.008198344602535572
'2012-02-03', 71.360001, 72.690002, 71.029999, 72.589996, 3171500.0, 62.985646, 0.75, 3.8400039999999933, 3.6517236813140332, 0.0, 0.0, 0.0, 0.00861826991846596
'2012-02-02', 70.610001, 71.470001, 70.43, 70.760002, 2495600.0, 61.397778, 0.20999899999999627, 1.8400039999999933, 3.5325878359611704, 0.0, 0.0, 0.0, 0.008922245699695975
'2012-02-01', 70.400002, 71.5, 70.07, 70.599998, 4678500.0, 61.258944, 1.7099999999999937, 1.4400030000000044, 3.3948616999621355, 0.0, 0.0, 0.0, 0.008352268228628749
'2012-01-31', 68.690002, 70.160004, 68.690002, 70.050003, 4255300.0, 60.781718, 1.1700050000000033, 1.450004000000007, 3.1646082449496142, 0.0, 0.0, -0.1, 0.010045126032646307
'2012-01-30', 67.519997, 68.849998, 67.349998, 68.510002, 2349100.0, 59.445474, -1.25, 1.3200000000000074, 2.9969393818143306, 0.0, 0.0, -0.5, 0.010811614323185864
'2012-01-27', 68.769997, 69.220001, 68.25, 68.470001, 1968800.0, 59.410766, -0.19000199999999268, 4.149994000000007, 2.869810641314627, 0.0, 0.0, -0.8, 0.008400356067173617
'2012-01-26', 68.959999, 70.0, 68.419998, 68.889999, 3303500.0, 59.775194, 1.7200009999999963, 3.860000999999997, 2.5857107172609033, -1.0, 0.1, -1.0, 0.0
'2012-01-25', 67.239998, 69.470001, 67.129997, 69.300003, 4322900.0, 60.13095, 1.0400010000000037, 2.599998999999997, 2.2218104960699803, 0.0, 0.5, -0.8, 0.02558002753063729
'2012-01-24', 66.199997, 69.230003, 65.800003, 67.970001, 7441400.0, 58.976921, 1.5799939999999992, 3.7099949999999993, 1.959117376882281, 0.0, 0.8, -0.5, 0.020845937500571187
'2012-01-23', 64.620003, 64.919998, 63.59, 64.239998, 3753600.0, 55.740432, -0.4799950000000024, 2.2000049999999973, 1.753956257379788, 1.0, 1.0, -0.1, 0.02238726812397909
'2012-01-20', 65.099998, 65.449997, 64.360001, 64.839996, 2816500.0, 56.261045, 0.45999899999999627, 4.109996000000002, 1.6674790487244044, 0.0, 0.8, 0.0, 0.01482335298996475
'2012-01-19', 64.639999, 65.489998, 64.589996, 65.0, 3301700.0, 56.399879, 2.149997000000006, 4.149997000000006, 1.5748955526853143, 0.0, 0.5, 0.0, 0.013366336840444547
'2012-01-18', 62.490002, 64.599998, 62.490002, 64.550003, 2931200.0, 56.009421, 0.07000399999999729, 0.6800009999999972, 1.4826141189583275, 0.0, 0.1, 0.0, 0.017256085754859367
'2012-01-17', 62.419998, 62.919998, 61.959999, 62.669998, 3072800.0, 54.378159, 1.4299960000000027, 0.3599969999999999, 1.505863833906588, 0.0, 0.0, 0.0, 0.014967732891354094
'2012-01-13', 60.990002, 62.099998, 60.959999, 62.02, 3577000.0, 53.814162, 0.5, -2.0, 1.4892175362029236, 0.0, 0.0, 0.0, 0.016334638339575724
'2012-01-12', 60.490002, 61.389999, 59.740002, 61.349998, 4650600.0, 53.232807, -1.3199990000000028, -1.5499989999999997, 1.5099883178800582, 0.0, 0.0, -0.1, 0.015558121121863706
'2012-01-11', 61.810001, 62.009998, 60.689999, 61.0, 4301400.0, 52.929117, -0.25, 0.6700019999999967, 1.523361330486983, 0.0, 0.0, -0.5, 0.011567704067825523
'2012-01-10', 62.060001, 62.75, 61.57, 62.32, 4042000.0, 54.074468, -0.9300009999999972, 2.0899999999999963, 1.5182848306781944, 0.0, 0.0, -0.8, 0.0101075174886727
'2012-01-09', 62.990002, 63.639999, 62.09, 62.860001, 2879100.0, 54.543022, 0.9500010000000003, 1.0700039999999973, 1.584999763743678, -1.0, 0.0, -1.0, 0.0
'2012-01-06', 62.040001, 62.939999, 61.220001, 62.639999, 2667200.0, 54.352129, 0.9000019999999935, 0.630001, 1.5720599285723798, 0.0, 0.0, -0.8, 0.015312717354727322
'2012-01-05', 61.139999, 62.009998, 60.459999, 61.860001, 2593700.0, 53.675331, 1.1699979999999996, 0.00999800000000306, 1.571810841616445, 0.0, 0.0, -0.5, 0.015129236426713008
'2012-01-04', 59.970001, 61.98, 59.799999, 61.59, 2773100.0, 53.441055, -1.9499969999999962, -1.8899999999999935, 1.5822466486475264, 0.0, 0.0, -0.1, 0.01678617614163451
'2012-01-03', 61.919998, 61.919998, 59.950001, 60.040001, 2666000.0, 52.096135, 0.5099980000000031, 0.9299960000000027, 1.589908318111697, 0.0, 0.0, 0.0, 0.004320106728685607
'2011-12-30', 61.41, 62.049999, 61.040001, 61.040001, 1130000.0, 52.963825, 0.27999899999999656, 1.5, 1.6086570411649368, 0.0, 0.0, 0.0, 0.0051457482494707725
'2011-12-29', 61.130001, 61.630001, 60.759998, 61.540001, 1115800.0, 53.397671, -0.7299999999999969, 1.4299999999999997, 1.7035517038106578, 0.0, 0.0, 0.0, 0.005071162466800322
'2011-12-28', 61.860001, 62.040001, 60.799999, 60.860001, 1290500.0, 52.807641, 0.869999, 3.3899999999999935, 1.8063496291817587, 0.0, 0.0, 0.0, 0.002609581501392383
'2011-12-27', 60.990002, 62.16, 60.389999, 61.740002, 1522000.0, 53.571209, 1.0800020000000004, 3.180000999999997, 1.8788738471638435, 0.0, 0.0, 0.0, 0.004099032493883178
'2011-12-23', 59.91, 61.240002, 59.799999, 61.189999, 1151300.0, 53.093977, 0.20999899999999627, 1.8299979999999962, 1.923192851732824, 0.0, 0.1, 0.0, 0.005712275821139117
'2011-12-22', 59.700001, 60.299999, 59.220001, 59.740002, 1924100.0, 51.835829, 1.2299999999999969, 0.40000200000000063, 1.9583547926201899, 0.0, 0.5, 0.0, 0.005510889354926471
'2011-12-21', 58.470001, 59.900002, 58.330002, 59.869999, 2585800.0, 51.948626, 0.6600000000000037, -1.239998, 1.9856743069632596, 0.0, 0.8, 0.0, 0.007027692402779011
'2011-12-20', 57.810001, 58.889999, 57.599998, 58.639999, 1792900.0, 50.881367, -0.2700010000000006, -1.9399990000000003, 2.0012276378487766, 1.0, 1.0, 0.0, 0.0074669908758520824
'2011-12-19', 58.080002, 58.509998, 56.720001, 56.919998, 2399500.0, 49.388938, -1.2199969999999993, -3.7299989999999994, 1.945510343192187, 0.0, 0.8, 0.0, 0.006502966506308099
'2011-12-16', 59.299999, 59.610001, 57.32, 57.59, 4984800.0, 49.970293, -0.4100000000000037, -2.5200010000000006, 1.8610126729525889, 0.0, 0.5, 0.0, 0.004444715806102167
'2011-12-15', 59.709999, 59.849998, 58.169998, 58.810001, 3401600.0, 51.028876, -0.04000099999999662, -1.6000019999999964, 1.842048932514862, 0.0, 0.1, 0.0, 0.0036621482218860235
'2011-12-14', 59.75, 60.0, 58.880001, 59.509998, 2828500.0, 51.636257, -2.0600009999999997, -2.5, 1.8110382839199535, 0.0, 0.0, 0.0, 0.00338912343096234
'2011-12-13', 61.810001, 62.130001, 59.639999, 60.060001, 2358700.0, 52.113489, -0.009999000000000535, -1.0299990000000037, 1.7448264133149463, 0.0, 0.0, 0.0, 0.0011229869342569917
'2011-12-12', 61.82, 61.84, 61.080002, 61.529999, 2811100.0, 53.388992, 0.5099990000000005, -1.880001, 1.7998921137364225, 0.0, 0.0, 0.0, 0.001051441460872063
'2011-12-09', 61.310001, 62.619999, 61.119999, 62.450001, 2160000.0, 54.187269, -0.9399990000000003, -1.7799990000000037, 1.8083977088392356, 0.0, 0.0, -0.1, 0.0014421970938013483
'2011-12-08', 62.25, 62.889999, 60.869999, 61.049999, 2755300.0, 52.972501, -0.5900000000000034, -0.8600009999999969, 1.8128720010039043, 0.0, 0.0, -0.5, 0.000594379116465861
'2011-12-07', 62.84, 63.150002, 62.150002, 62.650002, 2161900.0, 54.360808, -0.8600009999999969, 1.2700000000000031, 1.811476244988389, 0.0, 0.0, -0.8, 0.00011366887939134425
'2011-12-06', 63.700001, 63.779999, 63.049999, 63.09, 3095600.0, 54.74259, 0.6100009999999969, 1.2000010000000003, 1.8123011773254165, -1.0, 0.0, -1.0, 0.0
'2011-12-05', 63.09, 63.77, 62.290001, 63.470001, 4080000.0, 55.072314, -0.020000999999993496, 3.2299990000000065, 1.8307247340030945, 0.0, 0.0, -0.8, 0.009668743065461989
'2011-12-02', 63.110001, 63.98, 62.060001, 62.200001, 2848200.0, 53.970346, 1.5400009999999966, 1.880001, 1.8836162557997205, 0.0, 0.0, -0.5, 0.004674377995969319
'2011-12-01', 61.57, 63.060001, 61.299999, 62.689999, 2584900.0, 54.395513, -0.9299999999999997, 3.2099990000000034, 1.984545604571527, 0.0, 0.0, -0.1, 0.011531595473986248
'2011-11-30', 62.5, 63.200001, 61.830002, 62.59, 4736800.0, 54.113512, 2.639999000000003, 3.3200000000000003, 1.9945220453481356, 0.0, 0.1, 0.0, 0.004800004000000001
'2011-11-29', 59.860001, 61.279999, 59.099998, 60.200001, 5432200.0, 52.047188, -1.369999, 0.25, 2.021246907365665, 0.0, 0.5, 0.0, 0.012829936304210898
'2011-11-28', 61.23, 62.389999, 61.209999, 62.130001, 3032200.0, 53.71581, 2.869999, 1.5400009999999966, 1.9720132327147364, 0.0, 0.8, 0.0, 0.006723286515324741
'2011-11-25', 58.360001, 59.209999, 58.23, 58.25, 1042300.0, 50.361273, -0.8199990000000028, -3.569999000000003, 1.963430696035751, 1.0, 1.0, 0.0, 0.013071575219081017
'2011-11-23', 59.18, 59.580002, 58.349998, 58.700001, 2877400.0, 50.750331, -0.4300009999999972, -3.369999, 1.8645909923632529, 0.0, 0.8, 0.0, 0.009547146417708686
'2011-11-22', 59.610001, 60.470001, 59.200001, 59.880001, 2114600.0, 51.770525, -0.07999800000000334, -4.369999, 1.826974253264414, 0.0, 0.5, 0.0, 0.007623627525932181
'2011-11-21', 59.689999, 60.099998, 58.650002, 59.790001, 2761500.0, 51.692714, -2.2400009999999995, -4.560001, 1.8384663107607473, 0.0, 0.1, 0.0, 0.0067180466865144365
'2011-11-18', 61.93, 62.0, 60.540001, 60.799999, 2559000.0, 52.565929, -0.619999, -2.0600019999999972, 1.9783011043379104, 0.0, 0.0, 0.0, 0.002598242884194766
'2011-11-17', 62.549999, 63.0, 60.580002, 61.470001, 2724600.0, 53.145194, -1.4300009999999972, -0.8200000000000003, 2.216065341937322, 0.0, 0.0, 0.0, 0.0015321103362447705
'2011-11-16', 63.98, 64.32, 62.52, 62.77, 2198500.0, 54.269135, -0.2700000000000031, 0.34999899999999684, 2.6953917609963285, 0.0, 0.0, 0.0, -0.00033664246038425053
'2011-11-15', 64.25, 64.989998, 63.369999, 64.389999, 2605900.0, 55.66974, 0.25999800000000306, 0.4599990000000034, 3.1474936758708445, 0.0, 0.0, 0.0, -0.0006114496942745966
'2011-11-14', 63.990002, 65.5, 63.880001, 64.589996, 1983900.0, 55.842652, 0.620002999999997, -0.880001, 3.7614948484172146, 0.0, 0.0, 0.0, -0.00030213157361676246
'2011-11-11', 63.369999, 64.489998, 63.119999, 64.419998, 2985900.0, 55.695676, -0.26000200000000007, -1.3600039999999964, 4.1092498377038655, 0.0, 0.0, 0.0, 0.00032547144272481403
'2011-11-10', 63.630001, 63.759998, 62.02, 62.59, 3380300.0, 54.113512, -0.1599999999999966, -0.6700020000000038, 4.339536620946532, 0.0, 0.0, 0.0, 6.471235257129017e-05
'2011-11-09', 63.790001, 64.120003, 62.290001, 62.560001, 2647000.0, 54.087576, -1.0800020000000004, -0.8300020000000004, 4.301961616312377, 0.0, 0.0, 0.0, -7.83821903373194e-05
'2011-11-08', 64.870003, 65.57, 63.830002, 65.459999, 2491500.0, 56.594831, 0.14000000000000057, 0.7000049999999902, 4.254556219840154, 0.0, 0.0, 0.0, -0.0009492685337409153
'2011-11-07', 64.730003, 65.440002, 63.330002, 64.269997, 2507700.0, 55.565989, 0.4299999999999926, 2.6700019999999967, 4.160931337990239, 0.0, 0.0, 0.0, -0.0007956140524201707
'2011-11-04', 64.300003, 65.339996, 63.900002, 65.07, 3195900.0, 56.257649, -0.3199999999999932, -0.75, 4.084548310107552, 0.0, 0.0, 0.0, -0.0004443471613760885
'2011-11-03', 64.620003, 65.739998, 62.869999, 65.639999, 3493500.0, 56.750454, 0.4500049999999902, 0.7600020000000001, 4.0850032529297495, 0.0, 0.0, -0.1, -0.0006471412996881566
'2011-11-02', 64.169998, 64.82, 63.509998, 64.260002, 3222400.0, 55.557348, 2.109997000000007, -0.08000199999999325, 4.044006893718946, 0.0, 0.0, -0.5, -0.0003184455790993374
'2011-11-01', 62.060001, 64.290001, 61.0, 62.889999, 4273700.0, 54.372883, -2.990002000000004, -1.0299990000000037, 3.925404445169615, 0.0, 0.0, -0.8, 0.0011010849537906606
'2011-10-31', 65.050003, 66.529999, 64.730003, 65.07, 4750000.0, 56.257649, 1.1900020000000069, 2.5900040000000004, 3.88611155491532, -1.0, 0.0, -1.0, 0.0
'2011-10-28', 63.860001, 66.540001, 63.73, 66.360001, 4182300.0, 57.372946, -0.3899990000000031, 2.869999, 3.7007029216985643, 0.0, 0.0, -0.8, 0.018634544023887614
'2011-10-27', 64.25, 65.480003, 62.540001, 64.790001, 4460600.0, 56.01557, 1.1599999999999966, 4.099997999999999, 3.5699021210487354, 0.0, 0.0, -0.5, 0.0062257042801556715
'2011-10-26', 63.09, 63.330002, 60.610001, 62.380001, 4103900.0, 53.931953, 0.630001, 4.060001000000007, 3.3951388344189066, 0.0, 0.0, -0.1, 0.01035559253975802
'2011-10-25', 62.459999, 64.0, 61.360001, 61.560001, 4047800.0, 53.223005, 1.4699970000000064, 1.4199980000000068, 3.2703574419458565, 0.0, 0.1, 0.0, 0.010366650822392746
'2011-10-24', 60.990002, 63.360001, 60.990002, 62.66, 3808300.0, 54.174032, 0.8399999999999963, 0.40000199999999353, 3.19512848267163, 0.0, 0.5, 0.0, 0.01331366081935858
'2011-10-21', 60.150002, 61.0, 58.880001, 60.540001, 3416500.0, 52.341142, 1.120003000000004, -1.5399969999999996, 3.241494369008328, 0.0, 0.8, 0.0, 0.013577170510041444
'2011-10-20', 59.029999, 59.540001, 57.779999, 59.02, 3262800.0, 51.026993, -2.010002, -2.75, 3.2453915815988528, 1.0, 1.0, 0.0, 0.014568873216965029
'2011-10-19', 61.040001, 61.119999, 58.919998, 59.200001, 3402700.0, 51.182617, 0.4500009999999932, 0.9200019999999967, 3.2488476037925205, 0.0, 0.8, -0.1, 0.008211832270448373
'2011-10-18', 60.59, 61.380001, 58.389999, 60.889999, 3603200.0, 52.643741, -1.0999989999999968, 0.7099990000000034, 3.1889677638804, 0.0, 0.5, -0.5, 0.008178839559149841
'2011-10-17', 61.689999, 62.459999, 60.349998, 60.5, 2174600.0, 52.306558, -0.0899999999999963, 2.2899969999999996, 3.2850263626139102, 0.0, 0.1, -0.8, 0.005446594349920485
'2011-10-14', 61.779999, 62.330002, 60.98, 62.080002, 2295500.0, 53.672583, 1.6599999999999966, 4.180000999999997, 3.171131992179436, -1.0, 0.0, -1.0, 0.0
'2011-10-13', 60.119999, 60.959999, 59.27, 60.599998, 3105800.0, 52.393014, 0.23999799999999993, 3.25, 2.9985163140759217, 0.0, 0.0, -0.8, 0.027611444238380585
'2011-10-12', 59.880001, 62.529999, 59.41, 61.080002, 4456700.0, 52.808011, 0.4799989999999994, 6.170001999999997, 2.900919241436261, 0.0, 0.0, -0.5, 0.015865046495239676
'2011-10-11', 59.400002, 59.810001, 58.619999, 59.290001, 3098800.0, 51.260428, 1.8000040000000013, 6.780003000000001, 2.805196378105304, 0.0, 0.0, -0.1, 0.01335576273774085
'2011-10-10', 57.599998, 60.259998, 57.599998, 59.990002, 3112700.0, 51.865629, 0.7299989999999994, 7.889998999999996, 2.7236206269844154, 0.0, 0.0, 0.0, 0.018142366081332142
'2011-10-07', 56.869999, 57.5, 55.68, 56.470001, 3629800.0, 48.822337, 3.1599999999999966, 5.539997, 2.79457048895841, 0.0, 0.1, 0.0, 0.017267452387329907
'2011-10-06', 53.709999, 56.810001, 53.709999, 56.779999, 4204900.0, 49.090352, 1.0900000000000034, 1.360001000000004, 2.8205829705146694, 0.0, 0.5, 0.0, 0.025041892106533067
'2011-10-05', 52.619999, 53.470001, 51.669998, 53.25, 2952300.0, 46.038417, 2.9099999999999966, -6.32, 2.9133435398069913, 0.0, 0.8, 0.0, 0.024868328647657863
'2011-10-04', 49.709999, 52.889999, 48.369999, 52.73, 4198700.0, 45.58884, -1.620002999999997, -9.130001, 3.143082527322074, 1.0, 1.0, 0.0, 0.03035103661941331
'2011-10-03', 51.330002, 53.5, 50.509998, 50.580002, 4981100.0, 43.730014, -1.019995999999999, -7.559997000000003, 3.324912417343011, 0.0, 0.8, 0.0, 0.022620509108450402
'2011-09-30', 52.349998, 54.09, 50.349998, 51.830002, 5382900.0, 44.810728, -6.590001000000001, -4.75, 3.6292199355051955, 0.0, 0.5, 0.0, 0.01801337413613654
'2011-09-29', 58.939999, 58.939999, 51.299999, 54.0, 7311100.0, 46.686846, 0.09999899999999684, 4.479999999999997, 3.742370170217646, 0.0, 0.1, 0.0, 0.004380417756400332
'2011-09-28', 58.84, 59.220001, 57.330002, 57.5, 2120100.0, 49.712845, -0.04999899999999968, 4.369999, 3.6717083764163405, 0.0, 0.0, 0.0, 0.004163832710174475
'2011-09-27', 58.889999, 60.900002, 58.459999, 58.869999, 3947900.0, 50.897306, 1.7900010000000037, -0.5700000000000003, 3.5804323465658183, 0.0, 0.0, 0.0, 0.003774965122816385
'2011-09-26', 57.099998, 57.599998, 55.110001, 57.5, 2773500.0, 49.712845, 2.639998999999996, -3.0500040000000013, 3.4791650616940495, 0.0, 0.0, 0.0, 0.005854392249090543
'2011-09-23', 54.459999, 56.91, 54.299999, 56.77, 3233700.0, 49.081708, -0.010002000000000066, -3.9099999999999966, 3.4364254212579675, 0.0, 0.0, -0.1, 0.008960705269201338
'2011-09-22', 54.470001, 55.82, 53.150002, 54.509998, 4768000.0, 47.127775, -4.989998, -5.169998, 3.4382237427778435, 0.0, 0.0, -0.5, 0.00838764212616775
'2011-09-21', 59.459999, 60.349998, 56.73, 56.759998, 2785400.0, 49.073061, -0.6900029999999973, 1.7099990000000034, 3.4511989965229857, 0.0, 0.0, -0.8, 0.0022951663392273805
'2011-09-20', 60.150002, 61.049999, 58.48, 59.349998, 3890700.0, 51.3123, 1.7800030000000007, 3.25, 3.336602283827923, -1.0, 0.0, -1.0, 0.0
'2011-09-19', 58.369999, 60.490002, 57.790001, 60.049999, 2476800.0, 51.917501, -1.2700000000000031, 3.369999, 3.1106855734389587, 0.0, 0.0, -0.8, 0.0304951692735167
'2011-09-16', 59.639999, 60.0, 58.709999, 59.490002, 4693000.0, 51.433343, 1.889999000000003, 6.75, 3.1209183769100015, 0.0, 0.0, -0.5, 0.004275679146138127
'2011-09-15', 57.75, 59.950001, 57.099998, 59.470001, 4703400.0, 51.416051, 0.8499979999999994, 3.509998000000003, 3.1998557626765773, 0.0, 0.0, -0.1, 0.0138528253968254
'2011-09-14', 56.900002, 57.939999, 55.540001, 57.099998, 3784300.0, 49.367015, 1.9000020000000006, 1.9100000000000037, 3.4334208161995425, 0.0, 0.0, 0.0, 0.014279437107928396
'2011-09-13', 55.0, 57.18, 54.650002, 56.810001, 3588900.0, 49.116292, 2.110000999999997, 0.4099999999999966, 3.73128708506879, 0.0, 0.0, 0.0, 0.018727280000000002
'2011-09-12', 52.889999, 54.900002, 52.650002, 54.889999, 2521000.0, 47.456313, -1.3500029999999938, 2.0900000000000034, 4.342906090375818, 0.0, 0.0, 0.0, 0.022877680523306482
'2011-09-09', 54.240002, 55.220001, 53.060001, 53.639999, 3186300.0, 46.375599, -0.75, 0.42000199999999666, 4.665499905264533, 0.0, 0.1, 0.0, 0.015565738996206432
'2011-09-08', 54.990002, 56.43, 54.279999, 54.740002, 2938100.0, 47.32663, 0.40000199999999353, -1.0999980000000065, 4.992675459510767, 0.0, 0.5, 0.0, 0.011729404919825253
'2011-09-07', 54.59, 55.57, 54.02, 55.540001, 3092400.0, 48.018286, 3.7900010000000037, -1.4000019999999935, 5.367009450222602, 0.0, 0.8, -0.1, 0.011316688038102209
'2011-09-06', 50.799999, 53.25, 50.57, 53.130001, 2939600.0, 45.93467, -3.0200010000000006, -4.75, 5.719656764970074, 1.0, 1.0, -0.5, 0.01840551807884878
'2011-09-02', 53.82, 54.009998, 52.790001, 53.209999, 2724700.0, 46.003833, -2.270000000000003, -1.2999989999999997, 5.934580420664514, 0.0, 0.8, -0.8, 0.010692209722644506
'2011-09-01', 56.09, 57.68, 55.279999, 55.380001, 3772600.0, 47.879955, 0.09999800000000647, 4.5999980000000065, 6.211356223778192, -1.0, 0.5, -1.0, 0.0
'2011-08-31', 55.990002, 57.16, 55.59, 56.220001, 4382300.0, 48.411667, 0.44000299999999726, 3.25, 6.483231321240439, 0.0, 0.1, -0.8, 0.0017859974357565924
'2011-08-30', 55.549999, 56.139999, 54.869999, 55.709999, 4321600.0, 47.972499, 0.4299999999999997, 4.599997999999999, 6.754241765784578, 0.0, 0.0, -0.5, 0.0048604951370026465
'2011-08-29', 55.119999, 55.93, 54.950001, 55.869999, 2723200.0, 48.110276, 3.629997000000003, 6.939999, 6.923790945361427, 0.0, 0.0, -0.1, 0.005865995510389393
'2011-08-26', 51.490002, 54.970001, 51.389999, 54.759998, 5639500.0, 47.154443, -1.25, 4.450001, 7.031447888561646, 0.0, 0.0, 0.0, 0.02233442329250641
'2011-08-25', 52.740002, 53.400002, 51.290001, 51.439999, 4494700.0, 44.295554, 1.7900009999999966, 6.600002999999994, 7.058308476422375, 0.0, 0.0, 0.0, 0.01270382204384447
'2011-08-24', 50.950001, 52.75, 50.830002, 52.599998, 5296800.0, 45.294443, 2.7700010000000006, 1.7700010000000006, 7.101378722755371, 0.0, 0.1, 0.0, 0.016813866205812253
'2011-08-23', 48.18, 51.279999, 47.23, 51.27, 6415300.0, 44.149167, 1.139999000000003, -4.5, 7.077381510135138, 0.0, 0.5, 0.0, 0.023453715234537164
'2011-08-22', 47.040001, 48.549999, 46.799999, 47.200001, 7256600.0, 40.644445, 0.9000019999999935, -6.9799990000000065, 6.861914486526539, 0.0, 0.8, 0.0, 0.024048678804237292
'2011-08-19', 46.139999, 48.380001, 45.700001, 45.959999, 5403200.0, 39.576666, -3.0400009999999966, -8.670001999999997, 6.500909270727059, 1.0, 1.0, 0.0, 0.023960894898733456
'2011-08-18', 49.18, 49.279999, 45.759998, 46.630001, 9165400.0, 40.153612, -3.5, -4.529999000000004, 5.979079139438601, 0.0, 0.8, 0.0, 0.014050427002846692
'2011-08-17', 52.68, 53.009998, 50.59, 51.0, 6646600.0, 43.916666, -1.3400000000000034, -0.5900000000000034, 5.659678736842741, 0.0, 0.5, 0.0, 0.005884586180713749
'2011-08-16', 54.02, 54.200001, 51.759998, 52.310001, 5222200.0, 45.044723, -0.7900009999999966, 1.7700000000000031, 5.44933048866279, 0.0, 0.1, 0.0, 0.003193261754905591
'2011-08-15', 54.810001, 55.25, 53.130001, 54.779999, 4658400.0, 47.171665, 1.1000019999999964, 4.010002, 5.25704136008743, 0.0, 0.0, 0.0, 0.0017964141532940642
'2011-08-12', 53.709999, 55.049999, 53.25, 54.380001, 5014600.0, 46.827223, 0.43999900000000025, -0.12000299999999697, 5.046848980855156, 0.0, 0.0, 0.0, 0.00316514754410201
'2011-08-11', 53.27, 53.650002, 51.400002, 52.869999, 8658200.0, 45.526943, 1.0200000000000031, -5.290000999999997, 4.739049769817065, 0.0, 0.0, 0.0, 0.0035291909142106254
'2011-08-10', 52.25, 55.029999, 51.619999, 52.630001, 6396300.0, 45.320278, 1.4500010000000003, -8.5, 4.3767750991496674, 0.0, 0.0, 0.0, 0.004593301435406703
'2011-08-09', 50.799999, 53.68, 49.02, 53.09, 10918500.0, 45.716389, -3.0300030000000007, -10.75, 3.917104506687863, 0.0, 0.0, 0.0, 0.006125522353096206
'2011-08-08', 53.830002, 55.310001, 50.02, 50.200001, 7753900.0, 43.227778, -4.729998999999999, -8.479999, 3.2376227912060367, 0.0, 0.0, 0.0, 0.002332443614704763
'2011-08-05', 58.560001, 58.580002, 54.52, 56.959999, 8915600.0, 49.048888, -2.1899990000000003, -7.619999000000007, 2.751031542640551, 0.0, 0.0, 0.0, -0.0022199462160456375
'2011-08-04', 60.75, 61.16, 57.509998, 58.09, 6931700.0, 50.021944, -0.7999989999999997, -3.0299989999999966, 2.679586024495187, 0.0, 0.0, 0.0, -0.003835390946502055
'2011-08-03', 61.549999, 61.98, 59.639999, 61.919998, 4016800.0, 53.319998, -0.7600020000000001, -2.880001000000007, 2.6628535746164665, 0.0, 0.0, 0.0, -0.0042242072559733465
'2011-08-02', 62.310001, 64.209999, 60.849998, 61.029999, 7799800.0, 52.55361, -3.869999000000007, -3.5099989999999934, 2.6967659367189607, 0.0, 0.0, 0.0, -0.004537430807966414
'2011-08-01', 66.18, 66.889999, 63.610001, 65.290001, 3419600.0, 56.221945, 2.4000010000000103, -0.08999699999999677, 2.8277455441006647, 0.0, 0.0, 0.0, -0.006628825206617002
'2011-07-29', 63.779999, 65.279999, 63.139999, 64.559998, 2270900.0, 55.593331, -0.6500010000000103, -2.1100000000000065, 2.9416124691443746, 0.0, 0.0, 0.0, -0.0050237790847252875
'2011-07-28', 64.43, 65.620003, 64.220001, 64.400002, 1896900.0, 55.455556, -1.3899999999999864, -2.239998, 3.121716436770553, 0.0, 0.0, 0.0, -0.005177712245848209
'2011-07-27', 65.82, 66.139999, 63.869999, 64.050003, 2188000.0, 55.154169, -0.4499970000000104, -1.0900040000000075, 3.2192426587498435, 0.0, 0.0, 0.0, -0.005685669541640366
'2011-07-26', 66.269997, 66.589996, 65.839996, 66.029999, 2648200.0, 56.859165, 0.3799980000000005, -1.25, 3.272699904483093, 0.0, 0.0, 0.0, -0.005689406111274245
'2011-07-25', 65.889999, 66.690002, 65.739998, 66.32, 2068500.0, 57.108888, -0.7799990000000037, -0.12000299999999697, 3.3172028288241595, 0.0, 0.0, -0.1, -0.005311882980688985
'2011-07-22', 66.669998, 67.410004, 66.330002, 66.800003, 1696800.0, 57.522224, -0.24000599999999395, 1.6500010000000032, 3.3399956477521715, 0.0, 0.0, -0.5, -0.005472139315819079
'2011-07-21', 66.910004, 68.129997, 66.790001, 67.269997, 1771200.0, 57.926941, -0.6099930000000029, 1.2100070000000045, 3.329453822987094, 0.0, 0.1, -0.8, -0.005390326983092093
'2011-07-20', 67.519997, 67.559998, 66.190002, 66.300003, 1783800.0, 57.091669, 1.5099950000000035, 1.5700000000000074, 3.287562515279283, -1.0, 0.5, -1.0, 0.0
'2011-07-19', 66.010002, 67.620003, 65.900002, 67.400002, 2041400.0, 58.03889, 0.9900049999999965, -0.6599960000000067, 3.174592167801912, 0.0, 0.8, -0.8, 0.022875245481737805
'2011-07-18', 65.019997, 66.040001, 65.019997, 65.540001, 1748600.0, 56.437223, -0.6799999999999926, -1.2000039999999927, 3.1074890460273794, 1.0, 1.0, -0.5, 0.019224854778138484
'2011-07-15', 65.699997, 66.080002, 64.879997, 65.480003, 2044400.0, 56.385558, -0.25, -0.22000100000001055, 3.0679842984499732, 0.0, 0.8, -0.1, 0.009233891847311182
'2011-07-14', 65.949997, 66.300003, 64.889999, 65.330002, 2158600.0, 56.25639, -0.7200010000000105, 0.07999399999999923, 2.990251377103386, 0.0, 0.5, 0.0, 0.005951478663448641
'2011-07-13', 66.669998, 67.300003, 65.720001, 65.919998, 2191200.0, 56.764442, 0.4499970000000104, -1.4700009999999963, 2.9075702446891705, 0.0, 0.1, 0.0, 0.0025498695830169266
'2011-07-12', 66.220001, 66.860001, 65.870003, 65.949997, 2738900.0, 56.790275, 0.3000029999999896, -0.34999899999999684, 2.8067012344747333, 0.0, 0.0, -0.1, 0.0032719117597114085
'2011-07-11', 65.919998, 67.110001, 65.870003, 66.209999, 3015200.0, 57.014165, 0.04999500000000978, -0.050002999999989584, 2.7046672707257957, 0.0, 0.0, -0.5, 0.0034674043180991185
'2011-07-08', 65.870003, 66.849998, 65.480003, 66.82, 2925400.0, 57.539444, -2.269996000000006, 1.9600030000000004, 2.586064669351595, 0.0, 0.0, -0.8, 0.0031311559223703212
'2011-07-07', 68.139999, 69.199997, 66.75, 66.879997, 5003200.0, 57.591108, 1.56999900000001, 5.450000000000003, 2.4916787366890274, -1.0, 0.0, -1.0, 0.0
'2011-07-06', 66.57, 67.639999, 66.300003, 67.620003, 4445700.0, 58.228335, 0.5999989999999968, 5.470001999999994, 2.1597197540116695, 0.0, 0.0, -0.8, 0.02358418206399294
'2011-07-05', 65.970001, 66.970001, 65.300003, 66.760002, 3591500.0, 57.487779, 2.0600009999999997, 6.470000999999996, 1.9277327352507392, 0.0, 0.0, -0.5, 0.016446854381584795
'2011-07-01', 63.91, 66.139999, 63.830002, 65.989998, 4265000.0, 56.82472, 1.2200009999999963, 5.259997999999996, 1.656708520491317, 0.0, 0.0, -0.1, 0.022062269858655437
'2011-06-30', 62.689999, 64.199997, 62.419998, 63.93, 4404400.0, 55.050833, 1.5900010000000009, 3.0299990000000037, 1.5297673311112667, 0.0, 0.1, 0.0, 0.021733929202965862
'2011-06-29', 61.099998, 62.459999, 60.950001, 62.09, 4055900.0, 53.466389, 1.5999979999999994, 1.4299999999999997, 1.4848200984487983, 0.0, 0.5, 0.0, 0.02304419388033369
'2011-06-28', 59.5, 60.689999, 59.349998, 60.630001, 2480700.0, 52.209167, 0.8499979999999994, -1.639999000000003, 1.4935546988613548, 0.0, 0.8, 0.0, 0.024201677871148467
'2011-06-27', 58.650002, 59.810001, 58.5, 59.200001, 2577000.0, 50.977778, -1.009997999999996, -2.0599970000000027, 1.4903183487660019, 1.0, 1.0, -0.1, 0.023115324994240537
'2011-06-24', 59.66, 60.119999, 58.470001, 58.66, 6717900.0, 50.512777, -0.00999800000000306, 0.41999799999999965, 1.474947135008045, 0.0, 0.8, -0.5, 0.017767346211867263
'2011-06-23', 59.669998, 60.950001, 59.220001, 60.889999, 3096200.0, 52.433055, -1.4700010000000034, 0.4099999999999966, 1.4752172653249724, 0.0, 0.5, -0.8, 0.015771933195342532
'2011-06-22', 61.139999, 61.450001, 60.560001, 60.59, 2642400.0, 52.174722, 0.4299999999999997, 2.9299999999999997, 1.472756808317721, -1.0, 0.1, -1.0, 0.0
'2011-06-21', 60.709999, 61.75, 60.560001, 61.450001, 2112400.0, 52.915278, 1.4699970000000064, 1.3099970000000027, 1.4650516405011424, 0.0, 0.1, -0.8, 0.007082853023931028
'2011-06-20', 59.240002, 60.740002, 59.169998, 60.380001, 1674500.0, 51.993889, -0.01999600000000612, -0.39999700000000615, 1.4687498023230385, 0.0, 0.5, -0.5, 0.016036435987966426
'2011-06-17', 59.259998, 60.400002, 59.259998, 59.310001, 3446700.0, 51.072501, 1.0499989999999997, 0.06999900000000281, 1.460025423226675, 0.0, 0.8, -0.1, 0.01057487379597954
'2011-06-16', 58.209999, 58.810001, 57.610001, 58.630001, 3488800.0, 50.486945, -1.1900029999999973, -1.4299999999999997, 1.4908491483272865, 1.0, 1.0, 0.0, 0.012583748713000319
'2011-06-15', 59.400002, 59.919998, 58.32, 58.380001, 3738300.0, 50.271667, -0.23999700000000246, -0.02999799999999908, 1.4643867931896533, 0.0, 0.8, 0.0, 0.00585857556031733
'2011-06-14', 59.639999, 59.950001, 59.27, 59.75, 2803700.0, 51.451388, 0.45000000000000284, 0.09999800000000647, 1.4710230903925947, 0.0, 0.5, 0.0, 0.004191817642384601
'2011-06-13', 59.189999, 59.990002, 58.459999, 58.759998, 2773300.0, 50.598887, -0.45000000000000284, -1.2000000000000028, 1.4671570456579381, 0.0, 0.1, 0.0, 0.004706393534006125
'2011-06-10', 59.639999, 60.16, 58.630001, 59.119999, 3840900.0, 50.908888, 0.20999900000000338, -1.25, 1.4582493441038666, 0.0, 0.0, 0.0, 0.003143863231788451
'2011-06-09', 59.43, 60.360001, 59.099998, 59.990002, 5125200.0, 51.658057, -0.1100009999999969, -1.4300009999999972, 1.5038624853362201, 0.0, 0.0, 0.0, 0.003197036663114408
'2011-06-08', 59.540001, 59.860001, 58.310001, 58.580002, 3804400.0, 50.44389, -0.8499980000000065, -2.6499980000000036, 1.5701568558733476, 0.0, 0.0, 0.0, 0.00268726565859481
'2011-06-07', 60.389999, 61.0, 59.810001, 59.849998, 2955800.0, 51.537498, -0.5, -2.970001999999994, 1.704819494440334, 0.0, 0.0, 0.0, 0.0011290249927279877
'2011-06-06', 60.889999, 61.310001, 60.209999, 60.279999, 2919500.0, 51.907776, 0.029998000000006186, -3.489998, 1.756051708711452, 0.0, 0.0, 0.0, 0.0003421470467314892
'2011-06-03', 60.860001, 62.029999, 60.619999, 61.009998, 2921400.0, 52.536387, -1.3299980000000033, -2.770000000000003, 1.8157731565129056, 0.0, 0.0, -0.1, 0.00035389923329623625
'2011-06-02', 62.189999, 62.52, 61.400002, 61.790001, 3586700.0, 53.208056, -1.1700019999999967, 1.2299999999999969, 1.9149331565419982, 0.0, 0.0, -0.5, -0.0012059816884705174
'2011-06-01', 63.360001, 63.73, 62.32, 62.380001, 3313000.0, 53.522363, -1.0199960000000061, 4.490001999999997, 2.0438245271825015, 0.0, 0.0, -0.8, -0.0023358606533691964
'2011-05-31', 64.379997, 64.43, 63.049999, 63.66, 3331000.0, 54.620609, 0.749996000000003, 5.189998000000003, 2.1507314155993873, -1.0, 0.0, -1.0, 0.0
'2011-05-27', 63.630001, 64.0, 63.259998, 63.91, 3169900.0, 54.83511, 2.6700019999999967, 5.049999, 2.0700640374048898, 0.0, 0.0, -0.8, 0.011786829926342496
'2011-05-26', 60.959999, 63.869999, 60.959999, 63.68, 6779200.0, 54.637769, 2.0900000000000034, 0.5599970000000027, 2.043443749491225, 0.0, 0.1, -0.5, 0.028051165158319635
'2011-05-25', 58.869999, 60.869999, 58.599998, 60.639999, 4457800.0, 52.029433, -0.3200000000000003, -1.2299989999999994, 2.2566032533486324, 0.0, 0.5, -0.1, 0.03119867557667193
'2011-05-24', 59.189999, 60.220001, 58.970001, 59.959999, 2823000.0, 51.445989, 0.6099969999999999, 0.20999900000000338, 2.639305133048229, 0.0, 0.8, 0.0, 0.021920924512940112
'2011-05-23', 58.580002, 59.330002, 58.41, 59.060001, 2343000.0, 50.673786, -1.8200000000000003, -0.3399959999999993, 2.9224462876085475, 1.0, 1.0, 0.0, 0.01980196245128159
'2011-05-20', 60.400002, 60.439999, 59.119999, 59.48, 2567000.0, 51.034147, 0.30000400000000127, 0.6200030000000041, 3.134171313101428, 0.0, 0.8, 0.0, 0.010982325795287231
'2011-05-19', 60.099998, 60.650002, 59.759998, 60.650002, 2345800.0, 52.038015, 1.1199980000000025, -1.1300019999999975, 3.200491176137567, 0.0, 0.5, 0.0, 0.01017351828483304
'2011-05-18', 58.98, 59.959999, 58.849998, 59.810001, 2239500.0, 51.31729, 0.060001999999997224, -0.6599990000000062, 3.219016914556551, 0.0, 0.1, 0.0, 0.011444551119023412
'2011-05-17', 58.919998, 59.200001, 58.009998, 58.799999, 2063400.0, 50.450703, -0.8600009999999969, -1.7100030000000004, 3.278765444574303, 0.0, 0.0, 0.0, 0.010296445623700733
'2011-05-16', 59.779999, 60.27, 58.970001, 59.07, 2101200.0, 50.682365, -1.4500010000000003, -0.7700000000000031, 3.3080816622832097, 0.0, 0.0, 0.0, 0.007694878014300413
'2011-05-13', 61.23, 61.439999, 59.880001, 59.990002, 3139000.0, 51.471731, 1.5900009999999938, 1.7299999999999969, 3.3233619890909534, 0.0, 0.0, 0.0, 0.0046768473564652
'2011-05-12', 59.639999, 61.240002, 59.439999, 61.220001, 3030100.0, 52.527077, -0.9900019999999969, -0.13000100000000003, 3.26080720502372, 0.0, 0.0, 0.0, 0.0066230690804225745
'2011-05-11', 60.630001, 60.869999, 59.299999, 59.779999, 2690800.0, 51.291548, 0.08000200000000035, 2.3200000000000003, 3.259010454335474, 0.0, 0.0, 0.0, 0.0047577309254741885
'2011-05-10', 60.549999, 61.189999, 59.950001, 60.66, 3188800.0, 52.046593, 1.0499989999999997, 1.630001, 3.2296462367677163, 0.0, 0.0, 0.0, 0.004518105536455682
'2011-05-09', 59.5, 60.5, 59.080002, 59.970001, 2652500.0, 51.454571, -0.2700000000000031, 0.40000200000000063, 3.1345010726077223, 0.0, 0.0, 0.0, 0.005467783753501404
'2011-05-06', 59.77, 59.950001, 59.18, 59.669998, 3810600.0, 51.197167, 1.4599990000000034, -0.38999999999999346, 3.074340174592337, 0.0, 0.0, 0.0, 0.004820559017901957
'2011-05-05', 58.310001, 59.77, 58.040001, 59.110001, 2486800.0, 50.716686, -0.6099969999999999, -1.359997, 2.976159573529692, 0.0, 0.0, -0.1, 0.006123453646232904
'2011-05-04', 58.919998, 59.799999, 58.419998, 58.630001, 2887800.0, 50.304844, -0.17999999999999972, 0.7899969999999996, 2.9590926269609485, 0.0, 0.0, -0.5, 0.0051482228118503665
'2011-05-03', 59.099998, 59.369999, 58.400002, 59.169998, 2108900.0, 50.768164, -1.0600019999999972, 1.509997999999996, 2.8710504431965265, 0.0, 0.0, -0.8, 0.004702109875038008
'2011-05-02', 60.16, 60.450001, 58.810001, 59.139999, 2199700.0, 50.742425, 0.49000199999999694, 3.75, 2.7553277771016216, -1.0, 0.0, -1.0, 0.0
'2011-04-29', 59.669998, 60.299999, 59.650002, 59.810001, 2800000.0, 51.31729, 1.5399969999999996, 2.019995999999999, 2.517756557550811, 0.0, 0.0, -0.8, 0.008211865534166717
'2011-04-28', 58.130001, 60.630001, 58.009998, 60.34, 5354400.0, 51.772032, 0.5400009999999966, 0.9700010000000034, 2.2618899176723355, 0.0, 0.0, -0.5, 0.017460854679840765
'2011-04-27', 57.59, 58.849998, 57.419998, 58.130001, 3711500.0, 49.875841, 1.1800000000000068, 1.3600000000000065, 2.0814909482710777, 0.0, 0.0, -0.1, 0.014875267696938085
'2011-04-26', 56.41, 57.32, 56.099998, 57.25, 4400000.0, 49.120796, -1.240002000000004, 1.5899999999999963, 1.939041751255562, 0.0, 0.0, 0.0, 0.016619393724516932
'2011-04-25', 57.650002, 57.650002, 56.459999, 57.080002, 3509000.0, 48.974936, 0.49000200000000405, 3.8900039999999976, 1.8421881368334896, 0.0, 0.0, 0.0, 0.008707711753418486
'2011-04-21', 57.16, 57.720001, 56.419998, 57.650002, 2369600.0, 49.463999, 0.9299999999999997, 2.630001, 1.6559132288729925, 0.0, 0.0, 0.0, 0.008747375787263822
'2011-04-20', 56.23, 57.830002, 56.23, 57.259998, 3495800.0, 49.129374, 1.4099999999999966, 2.299999999999997, 1.5049130451517285, 0.0, 0.0, 0.0, 0.009984502426259496
'2011-04-19', 54.82, 55.599998, 54.82, 55.080002, 2272900.0, 47.258926, 1.0600019999999972, 2.3900000000000006, 1.451646437073384, 0.0, 0.0, 0.0, 0.012176213060926661
'2011-04-18', 53.759998, 54.650002, 53.5, 54.580002, 2581200.0, 46.829924, -0.7700009999999935, 3.279998000000006, 1.442050648263361, 0.0, 0.0, 0.0, 0.013227517853206255
'2011-04-15', 54.529999, 55.0, 54.389999, 54.459999, 2816800.0, 46.726961, 0.5999989999999968, 3.809997999999993, 1.5107092714354835, 0.0, 0.1, 0.0, 0.010324593990914984
'2011-04-14', 53.93, 54.619999, 53.43, 54.419998, 4314300.0, 46.69264, 1.5, 2.75, 1.5579361353195653, 0.0, 0.5, 0.0, 0.010501828970213909
'2011-04-13', 52.43, 54.09, 52.25, 53.970001, 4555100.0, 46.30654, 1.9500000000000028, -0.02999900000000366, 1.5955493419861264, 0.0, 0.8, 0.0, 0.012286222900375099
'2011-04-12', 50.48, 52.169998, 50.34, 52.080002, 3674800.0, 44.684911, -0.24000100000000657, -2.8500020000000035, 1.6065385511580004, 1.0, 1.0, 0.0, 0.014750700963062293
'2011-04-11', 50.720001, 51.290001, 50.669998, 50.93, 2489900.0, 43.698203, -0.45999899999999627, -1.9699979999999968, 1.6128000264967621, 0.0, 0.8, -0.1, 0.01329427503081363
'2011-04-08', 51.18, 51.459999, 50.380001, 50.759998, 2367600.0, 43.552341, -1.2799990000000037, -2.0099990000000005, 1.6018511406776377, 0.0, 0.5, -0.5, 0.011697277582388949
'2011-04-07', 52.459999, 52.970001, 51.18, 51.32, 4112900.0, 44.032825, -0.870002999999997, -0.030002999999993563, 1.5839736795376775, 0.0, 0.1, -0.8, 0.00917365748520124
'2011-04-06', 53.330002, 53.330002, 52.349998, 52.439999, 2431600.0, 44.99379, 0.6400030000000001, 1.0300030000000007, 1.5922239538042886, -1.0, 0.0, -1.0, 0.0
'2011-04-05', 52.689999, 53.529999, 52.330002, 53.09, 1806600.0, 45.551494, -0.5, 0.6899990000000003, 1.6929564741406544, 0.0, 0.0, -0.8, 0.012146574533053229
'2011-04-04', 53.189999, 53.189999, 52.360001, 52.93, 1493300.0, 45.414214, 0.6999970000000033, 2.2099990000000034, 1.7879123755999995, 0.0, 0.0, -0.5, 0.0013160650745641122
'2011-04-01', 52.490002, 53.599998, 52.41, 52.700001, 2274900.0, 45.216873, 0.19000299999999726, 0.5100020000000001, 1.8759306595279492, 0.0, 0.0, -0.1, 0.0053343491966336976
'2011-03-31', 52.299999, 52.380001, 51.75, 52.040001, 2343700.0, 44.65059, 0.2999989999999997, 0.46999699999999933, 1.966224180120398, 0.0, 0.0, 0.0, 0.004923532598920321
'2011-03-30', 52.0, 52.66, 51.669998, 52.389999, 2140600.0, 44.95089, 1.0200000000000031, 0.17999999999999972, 2.0704578357994796, 0.0, 0.0, 0.0, 0.005115392307692309
'2011-03-29', 50.98, 52.060001, 50.82, 51.650002, 2358300.0, 44.315968, -1.0, 0.04000099999999662, 2.1571271333164694, 0.0, 0.0, 0.0, 0.0076827579442918905
'2011-03-28', 51.98, 52.080002, 51.18, 51.220001, 2008100.0, 43.947026, 0.14999799999999652, 0.4799999999999969, 2.1816026967349713, 0.0, 0.0, 0.0, 0.0037102237124168737
'2011-03-25', 51.830002, 52.360001, 51.639999, 52.02, 2359800.0, 44.633429, 0.010002000000000066, 0.620002999999997, 2.21414594318772, 0.0, 0.0, 0.0, 0.003617595847285516
'2011-03-24', 51.82, 52.0, 51.5, 51.599998, 2183000.0, 44.273065, 0.880001, 0.40000200000000063, 2.2124596762931836, 0.0, 0.0, 0.0, 0.0032377074488614435
'2011-03-23', 50.939999, 51.639999, 50.130001, 51.32, 2412700.0, 44.032825, -0.5600009999999997, -0.6500010000000032, 2.1937452391137966, 0.0, 0.0, 0.0, 0.0046918002491519485
'2011-03-22', 51.5, 51.77, 51.060001, 51.09, 1930500.0, 43.835484, 0.2900009999999966, -0.3600009999999969, 2.0860330012839103, 0.0, 0.0, 0.0, 0.003230365401588703
'2011-03-21', 51.209999, 52.299999, 50.900002, 51.450001, 4356800.0, 44.144366, -0.20999899999999627, 0.5, 1.9865206956555426, 0.0, 0.0, 0.0, 0.0034498519843100643
'2011-03-18', 51.419998, 51.419998, 49.240002, 49.830002, 7202200.0, 42.754399, -0.17000200000000376, -2.880001, 1.8627286227112763, 0.0, 0.1, 0.0, 0.002857319920848396
'2011-03-17', 51.59, 51.75, 50.77, 50.84, 4694800.0, 43.620983, -0.2700009999999935, -3.369999, 1.7422966589855735, 0.0, 0.5, 0.0, 0.0024091075236064535
'2011-03-16', 51.860001, 52.049999, 49.889999, 50.669998, 6169000.0, 43.47512, 1.1500019999999935, -3.2900010000000037, 1.62790538889059, 0.0, 0.8, 0.0, 0.0018897042957378059
'2011-03-15', 50.709999, 52.349998, 49.43, 52.02, 7982700.0, 44.633429, -3.5899999999999963, -4.810001, 1.5081018967198705, 1.0, 1.0, 0.0, 0.0032291498861989685
'2011-03-14', 54.299999, 54.299999, 52.41, 53.110001, 7445400.0, 45.568655, -0.6600000000000037, -0.33000200000000035, 1.3164824470286636, 0.0, 0.8, -0.1, -0.0010508038325898218
'2011-03-11', 54.959999, 56.290001, 54.82, 56.080002, 2400200.0, 48.116931, -0.19000299999999726, -0.3399999999999963, 1.3221989412091428, 0.0, 0.5, -0.5, -0.001647659944260353
'2011-03-10', 55.150002, 56.709999, 54.939999, 56.130001, 3091800.0, 48.159831, -0.3699980000000025, -0.2899969999999996, 1.3384823751054444, 0.0, 0.1, -0.8, -0.0017368897590286675
'2011-03-09', 55.52, 56.189999, 55.240002, 56.049999, 1742400.0, 48.091189, 0.8899990000000031, 0.6000020000000035, 1.3875359706732502, -1.0, 0.0, -1.0, 0.0
'2011-03-08', 54.630001, 55.990002, 54.139999, 55.77, 2325800.0, 47.850949, -0.6699979999999996, 0.9099999999999966, 1.5138451228139933, 0.0, 0.0, -0.8, 0.01629139637028385
'2011-03-07', 55.299999, 55.779999, 54.189999, 54.619999, 2280100.0, 46.864241, -0.14000000000000057, 0.11999899999999997, 1.559398063955351, 0.0, 0.1, -0.5, 0.001989159167977593
'2011-03-04', 55.439999, 55.490002, 54.439999, 54.93, 2288800.0, 47.130224, 0.5200010000000006, 0.5900010000000009, 1.5769160805970914, 0.0, 0.5, -0.1, 0.00048100650218267426
'2011-03-03', 54.919998, 55.599998, 54.84, 55.450001, 2124900.0, 47.576387, 1.1999969999999962, 0.5700000000000003, 1.6127938297325766, 0.0, 0.8, 0.0, 0.0027312546515387867
'2011-03-02', 53.720001, 55.0, 53.720001, 54.400002, 2078800.0, 46.546781, -1.4599989999999963, -0.5, 1.6205183848252989, 1.0, 1.0, 0.0, 0.006701410895357205
'2011-03-01', 55.18, 55.34, 53.740002, 53.91, 2570000.0, 46.127517, 0.33000200000000035, -1.1699979999999996, 1.6061926920727885, 0.0, 0.8, 0.0, 0.001026942128790635
'2011-02-28', 54.849998, 55.169998, 54.59, 54.919998, 1833900.0, 46.991711, 0.5, -1.6700020000000038, 1.6239647424337855, 0.0, 0.5, 0.0, 0.0017450241553075712
'2011-02-25', 54.349998, 55.080002, 54.009998, 54.529999, 2256300.0, 46.658012, 0.12999699999999592, -2.2000010000000003, 1.6272561230492542, 0.0, 0.1, 0.0, 0.002690897063142495
'2011-02-24', 54.220001, 55.07, 53.310001, 54.119999, 4065900.0, 46.3072, -2.129996999999996, -2.739998, 1.6231499438372825, 0.0, 0.0, 0.0, 0.0026640415099463623
'2011-02-23', 56.349998, 56.349998, 53.41, 54.18, 4982000.0, 46.35854, -0.17000200000000376, -1.2000010000000003, 1.620032550894178, 0.0, 0.0, 0.0, -0.0014729335039195496
'2011-02-22', 56.52, 57.669998, 56.220001, 56.360001, 3060800.0, 48.223834, -0.029998999999996556, -1.2099999999999937, 1.6653820628982752, 0.0, 0.0, 0.0, -0.0016084410988869587
'2011-02-18', 56.549999, 58.279999, 56.529999, 58.279999, 3187400.0, 49.86666, -0.4100000000000037, -1.1700020000000038, 1.6711764074052162, 0.0, 0.0, 0.0, -0.0015178293813939718
'2011-02-17', 56.959999, 57.490002, 56.59, 56.650002, 2203400.0, 48.47197, -0.5899999999999963, -0.4799999999999969, 1.6931040967541193, 0.0, 0.0, 0.0, -0.001944683212620033
'2011-02-16', 57.549999, 58.099998, 57.110001, 57.330002, 1795000.0, 49.053805, -0.1800009999999972, 0.4299999999999997, 1.708720017277723, 0.0, 0.0, 0.0, -0.0025195470215634294
'2011-02-15', 57.73, 57.990002, 57.220001, 57.369999, 1955000.0, 49.088028, 0.00999899999999343, 0.6800009999999972, 1.6120683255719566, 0.0, 0.0, 0.0, -0.002552110398983768
'2011-02-14', 57.720001, 58.040001, 57.490002, 57.970001, 1844500.0, 49.601413, 0.2800020000000032, 1.6900020000000069, 1.4912246553536563, 0.0, 0.0, 0.0, -0.002382190923731966
'2011-02-11', 57.439999, 58.02, 57.16, 57.860001, 2057200.0, 49.507293, 0.3200000000000003, 2.419998999999997, 1.3880379690776692, 0.0, 0.0, 0.0, -0.001966245118616013
'2011-02-10', 57.119999, 57.650002, 56.869999, 57.610001, 2107700.0, 49.293383, 0.07000000000000028, 2.9199979999999996, 1.272197320212875, 0.0, 0.0, 0.0, -0.0015561770813989888
'2011-02-09', 57.049999, 57.799999, 56.700001, 57.41, 2612200.0, 49.122254, 1.0200000000000031, 2.9500010000000003, 1.1890577964651647, 0.0, 0.0, 0.0, -0.001411503322864117
'2011-02-08', 56.029999, 57.259998, 55.959999, 57.209999, 3101200.0, 48.951126, 1.0099989999999934, 2.1699979999999996, 1.1220652095930184, 0.0, 0.0, 0.0, -0.00045511244788706265
'2011-02-07', 55.02, 56.189999, 54.950001, 55.889999, 4060100.0, 47.821682, 0.8199990000000028, 0.630001, 1.106983197755194, 0.0, 0.0, 0.0, 0.0004327430717834207
'2011-02-04', 54.200001, 54.700001, 53.709999, 54.59, 3382000.0, 46.709352, 0.10000300000000095, 1.2299999999999969, 1.160459072877388, 0.0, 0.0, -0.1, 0.0011070102110414108
'2011-02-03', 54.099998, 54.68, 53.77, 54.200001, 3095200.0, 46.375653, 0.23999700000000246, -0.0200010000000006, 1.334188228499971, 0.0, 0.0, -0.5, 0.0011412055392553712
'2011-02-02', 53.860001, 54.040001, 52.93, 53.860001, 3068800.0, 46.084735, -0.5299980000000062, -0.34999800000000647, 1.4745503384199514, 0.0, 0.0, -0.8, 0.0012841927908616316
'2011-02-01', 54.389999, 54.759998, 53.82, 54.0, 2929800.0, 46.204524, 1.4199979999999996, 1.0, 1.63479004353637, -1.0, 0.0, -1.0, 0.0
'2011-01-31', 52.970001, 54.169998, 52.900002, 54.09, 3749100.0, 46.281532, -1.1499979999999965, 0.9700010000000034, 1.737448991769601, 0.0, 0.0, -0.8, 0.02680758869534474
'2011-01-28', 54.119999, 54.43, 52.580002, 52.82, 3398700.0, 45.19487, -0.09000000000000341, 1.0200010000000006, 1.7961868748363887, 0.0, 0.1, -0.5, 0.0024944568088406944
'2011-01-27', 54.209999, 54.330002, 53.580002, 54.0, 3667000.0, 46.204524, 0.8200000000000003, 0.30999700000000274, 1.876236890516352, 0.0, 0.5, -0.1, 0.001106806882619568
'2011-01-26', 53.389999, 54.68, 53.389999, 54.040001, 6528400.0, 46.238751, 1.389999000000003, 0.1399990000000031, 1.923510188784204, 0.0, 0.8, 0.0, 0.004682524905085688
'2011-01-25', 52.0, 53.240002, 51.740002, 53.09, 8195400.0, 45.425893, -1.0999979999999994, -2.2000010000000003, 1.969660952093289, 1.0, 1.0, 0.0, 0.009192303846153858
'2011-01-24', 53.099998, 53.82, 52.919998, 53.369999, 3346900.0, 45.665471, -0.8000040000000013, -1.3000040000000013, 1.9096443672408048, 0.0, 0.8, 0.0, 0.004048967509691193
'2011-01-21', 53.900002, 53.900002, 52.990002, 53.0, 2859600.0, 45.348885, 0.6500020000000006, 0.15000200000000063, 1.8702875849097982, 0.0, 0.5, 0.0, 0.0012986932992798733
'2011-01-20', 53.25, 53.860001, 53.0, 53.380001, 3351000.0, 45.674029, -0.9500010000000003, -1.1899990000000003, 1.850759097103718, 0.0, 0.1, 0.0, 0.002676053990610336
'2011-01-19', 54.200001, 54.310001, 53.240002, 53.639999, 3191200.0, 45.896494, -0.20000100000000032, -0.5699990000000028, 1.8125334695088977, 0.0, 0.0, 0.0, 0.00038949978781161273
'2011-01-18', 54.400002, 55.27, 53.849998, 54.139999, 3486000.0, 46.324313, 0.6500020000000006, -0.02999799999999908, 1.7997515790924026, 0.0, 0.0, -0.1, -1.8387866971029786e-05
'2011-01-14', 53.75, 54.459999, 53.5, 54.380001, 2085500.0, 46.529668, -0.6899990000000003, 1.2799989999999966, 1.7909952970286904, 0.0, 0.0, -0.5, 0.001082450739957722
'2011-01-13', 54.439999, 54.59, 53.59, 53.869999, 2355400.0, 46.09329, -0.3300010000000029, 1.3999980000000036, 1.753172098974707, 0.0, 0.0, -0.8, -7.653686155773863e-05
'2011-01-12', 54.77, 54.91, 53.959999, 54.310001, 2967700.0, 46.469774, 0.3400000000000034, 2.380001, 1.7561754944199417, -1.0, 0.0, -1.0, 0.0
'2011-01-11', 54.43, 54.59, 53.57, 53.990002, 4420800.0, 46.195969, 1.9599989999999963, 2.5400009999999966, 1.7426364495980773, 0.0, 0.0, -0.8, 0.006246555208524773
'2011-01-10', 52.470001, 53.84, 52.290001, 53.490002, 4217600.0, 45.76815, -0.5699999999999932, -2.0200009999999935, 1.7178072601821512, 0.0, 0.1, -0.5, 0.02191727612126403
'2011-01-07', 53.040001, 53.119999, 52.259998, 52.830002, 3723400.0, 45.203428, 0.6500019999999935, -1.75, 1.5824724944918884, 0.0, 0.5, -0.1, 0.010872291147455587
'2011-01-06', 52.389999, 53.16, 52.139999, 52.880001, 4226800.0, 45.246209, 0.5, -3.610000999999997, 1.4807153836353797, 0.0, 0.8, 0.0, 0.011357134211817794
'2011-01-05', 51.889999, 52.549999, 51.25, 52.540001, 5581900.0, 44.955292, -2.600002999999994, -3.4200019999999967, 1.327305198747942, 1.0, 1.0, 0.0, 0.011100408770483884
'2011-01-04', 54.490002, 54.5, 52.189999, 52.279999, 7769700.0, 44.732824, -0.2999989999999997, -1.2999989999999997, 1.1058809474808273, 0.0, 0.8, 0.0, 0.0008564201068176575
'2011-01-03', 54.790001, 55.029999, 54.200001, 54.560001, 3510300.0, 46.683683, -1.2099990000000034, -1.3200000000000003, 1.1292642032270002, 0.0, 0.5, 0.0, -5.214976568963351e-05
'2010-12-31', 56.0, 56.02, 55.16, 55.310001, 1303700.0, 47.325413, 0.6899990000000003, 0.25, 1.2549730308571945, 0.0, 0.1, 0.0, -0.0027455357142857073
'2010-12-30', 55.310001, 56.16, 55.25, 56.009998, 1652200.0, 47.924358, -0.4799999999999969, -0.9100000000000037, 1.569094435016943, 0.0, 0.0, 0.0, -0.0010847967822512014
'2010-12-29', 55.790001, 55.959999, 55.450001, 55.459999, 1725200.0, 47.453757, -0.3200000000000003, -2.0, 1.7358079770147083, 0.0, 0.0, 0.0, -0.0018282863984892088
'2010-12-28', 56.110001, 56.130001, 55.330002, 55.77, 1701100.0, 47.719006, 0.3600009999999969, -1.639999000000003, 1.8898335730079578, 0.0, 0.0, 0.0, -0.002171061674500276
'2010-12-27', 55.75, 55.98, 55.290001, 55.880001, 1491500.0, 47.813127, -0.47000100000000344, -2.5999979999999994, 2.0071198122686473, 0.0, 0.0, 0.0, -0.0014648729446935678
'2010-12-23', 56.220001, 56.380001, 55.529999, 55.900002, 2308600.0, 47.83024, -1.5699999999999932, -1.5799979999999962, 2.1056194829554, 0.0, 0.0, 0.0, -0.0019839654300528825
'2010-12-22', 57.790001, 57.869999, 56.119999, 56.209999, 3627700.0, 48.095486, 0.04000099999999662, 0.04000099999999662, 2.2005375948216734, 0.0, 0.0, 0.0, -0.003732728039628459
'2010-12-21', 57.75, 58.209999, 57.639999, 58.029999, 2280100.0, 49.65275, -0.5999979999999994, -0.1599999999999966, 2.2085785389403747, 0.0, 0.0, 0.0, -0.0034401154401154364
'2010-12-20', 58.349998, 58.549999, 57.450001, 57.580002, 2564400.0, 49.267715, 0.5499989999999997, 0.9399980000000028, 2.22173805481235, 0.0, 0.0, 0.0, -0.003834616669566977
'2010-12-17', 57.799999, 58.529999, 57.529999, 58.23, 3548800.0, 49.823878, 0.04999899999999968, -0.1800009999999972, 2.2078840869738516, 0.0, 0.0, 0.0, -0.00308365464321405
'2010-12-16', 57.75, 58.18, 57.25, 57.889999, 2634500.0, 49.532961, -0.1599999999999966, 0.5800020000000004, 2.2691339848353356, 0.0, 0.0, 0.0, -0.002866762866762864
'2010-12-15', 57.91, 58.419998, 57.139999, 57.68, 4115400.0, 49.353277, 0.5, 1.5999989999999968, 2.3530075192780937, 0.0, 0.0, 0.0, -0.00285379309091239
'2010-12-14', 57.41, 58.009998, 57.299999, 57.610001, 2724700.0, 49.293383, -0.5700000000000003, 1.3299979999999962, 2.384898028912911, 0.0, 0.0, 0.0, -0.0022992510015676657
'2010-12-13', 57.98, 58.360001, 57.299999, 57.34, 4842400.0, 49.06236, 0.8100019999999972, 1.2799989999999966, 2.4205908181822595, 0.0, 0.0, 0.0, -0.002636377075838954
'2010-12-10', 57.169998, 57.52, 56.57, 57.419998, 2409600.0, 49.130809, 0.8599969999999999, 0.5899959999999993, 2.4524550794077262, 0.0, 0.0, 0.0, -0.0019081829980441495
'2010-12-09', 56.310001, 57.200001, 56.099998, 57.119999, 3184300.0, 48.874118, 0.2299989999999994, -0.39999800000000363, 2.4868676899803486, 0.0, 0.0, 0.0, -0.0011890705741133118
'2010-12-08', 56.080002, 56.240002, 55.529999, 56.07, 1855200.0, 47.975697, -0.619999, -0.3599969999999999, 2.547499568924042, 0.0, 0.0, 0.0, -0.0009733133865912942
'2010-12-07', 56.700001, 56.799999, 56.0, 56.09, 3043300.0, 47.992811, 0.11999899999999997, -0.8399999999999963, 2.695284352412001, 0.0, 0.0, 0.0, -0.0013615527096727897
'2010-12-06', 56.580002, 56.580002, 55.349998, 55.91, 3311200.0, 47.838795, -0.12999700000000303, 0.9000020000000006, 2.9708294649140514, 0.0, 0.0, -0.1, -0.0012303898741195065
'2010-12-03', 56.709999, 57.07, 55.849998, 56.610001, 3622700.0, 48.437743, 0.2700000000000031, 0.8400000000000034, 3.212984521282573, 0.0, 0.0, -0.5, -0.0012670043393020484
'2010-12-02', 56.439999, 57.0, 56.439999, 56.849998, 4546300.0, 48.643095, -1.1000019999999964, 0.25999900000000054, 3.3914826414385724, 0.0, 0.0, -0.8, -0.0010567473863451224
'2010-12-01', 57.540001, 57.599998, 56.259998, 56.630001, 4061900.0, 48.32651, 1.860000999999997, 2.2200009999999963, 3.57405892819063, -1.0, 0.0, -1.0, 0.0
'2010-11-30', 55.68, 57.259998, 55.549999, 56.540001, 5186800.0, 48.249706, -0.18999900000000025, 0.9299999999999997, 3.619633635727551, 0.0, 0.0, -0.8, 0.03340519037356316
'2010-11-29', 55.869999, 56.18, 55.130001, 55.959999, 4006200.0, 47.754748, -0.31000099999999975, 1.5, 3.6607534279892238, 0.0, 0.0, -0.5, 0.014945427151341069
'2010-11-26', 56.18, 56.599998, 55.869999, 55.900002, 1646700.0, 47.703548, 0.8599999999999994, 2.0600009999999997, 3.665564133399967, 0.0, 0.0, -0.1, 0.00806930698943869
'2010-11-24', 55.32, 56.939999, 55.200001, 56.630001, 4236200.0, 48.32651, 0.5700000000000003, 2.3299980000000033, 3.6391932986036455, 0.0, 0.0, 0.0, 0.010032542480115673
'2010-11-23', 54.75, 55.110001, 54.290001, 54.57, 2778200.0, 46.568561, 0.38000100000000003, 3.639999000000003, 3.602712905036004, 0.0, 0.0, 0.0, 0.010191784474885833
'2010-11-22', 54.369999, 55.310001, 54.080002, 55.220001, 3223500.0, 47.123254, 0.25, 2.379997000000003, 3.595646600002998, 0.0, 0.1, 0.0, 0.00971737495648411
'2010-11-19', 54.119999, 54.75, 53.849998, 54.48, 2641000.0, 46.491757, 1.129997000000003, 2.2000010000000003, 3.551725924523935, 0.0, 0.5, 0.0, 0.009027563254125593
'2010-11-18', 52.990002, 54.75, 52.82, 54.290001, 5497200.0, 46.329617, 1.880001, 0.8100019999999972, 3.501639908643093, 0.0, 0.8, 0.0, 0.01073315443543482
'2010-11-17', 51.110001, 52.959999, 51.0, 52.52, 4519900.0, 44.819147, -0.880001, -1.1699979999999996, 3.4911777197962817, 1.0, 1.0, 0.0, 0.01397856447790804
'2010-11-16', 51.990002, 52.669998, 50.57, 50.84, 4082200.0, 43.38548, 0.07000399999999729, -0.09999800000000647, 3.5374342646333448, 0.0, 0.8, 0.0, 0.010675127498552511
'2010-11-15', 51.919998, 52.91, 51.919998, 52.32, 2911500.0, 44.648472, -0.26000200000000007, -1.0500030000000038, 3.5315491946172783, 0.0, 0.5, 0.0, 0.00984031940132901
'2010-11-12', 52.18, 52.779999, 51.150002, 51.560001, 2650000.0, 43.99991, -0.09999899999999684, -0.38000100000000003, 3.5221393267447247, 0.0, 0.1, -0.1, 0.008560114028363354
'2010-11-11', 52.279999, 52.950001, 51.93, 52.700001, 2447300.0, 44.972754, 0.18999899999999315, 0.05999799999999311, 3.460008448098487, 0.0, 0.0, -0.5, 0.007739394533300173
'2010-11-10', 52.09, 52.720001, 52.049999, 52.720001, 2897300.0, 44.989822, -0.880001, 1.240002000000004, 3.368379971470229, 0.0, 0.0, -0.8, 0.007473330499410352
'2010-11-09', 52.970001, 53.200001, 52.049999, 52.25, 3409100.0, 44.588736, 0.4100000000000037, 2.889999000000003, 3.258603316208004, -1.0, 0.0, -1.0, 0.0
'2010-11-08', 52.560001, 53.02, 52.049999, 53.02, 2610500.0, 45.245833, 0.3399999999999963, 2.2299989999999994, 3.088913031152561, 0.0, 0.0, -0.8, 0.0078006086795927515
'2010-11-05', 52.220001, 53.0, 52.18, 52.919998, 2937600.0, 45.160494, 1.370003000000004, 2.0, 2.8956829218609963, 0.0, 0.0, -0.5, 0.007181156507446255
'2010-11-04', 50.849998, 52.470001, 50.759998, 52.400002, 5831900.0, 44.716743, 0.769995999999999, 1.5499989999999997, 2.7118535483321855, 0.0, 0.0, -0.1, 0.013897103135907066
'2010-11-03', 50.080002, 50.619999, 49.48, 50.5, 2999900.0, 43.095333, -0.25, 0.6400030000000001, 2.619296062813145, 0.0, 0.0, 0.0, 0.014426911364739977
'2010-11-02', 50.330002, 50.599998, 49.669998, 49.759998, 4431600.0, 42.463836, 0.1100009999999969, 1.1500020000000006, 2.510076320889593, 0.0, 0.0, 0.0, 0.010490756586896233
'2010-11-01', 50.220001, 50.48, 49.75, 50.119999, 2882600.0, 42.77105, 0.9200020000000038, 2.75, 2.3312090968378247, 0.0, 0.0, 0.0, 0.009126509840836787
'2010-10-29', 49.299999, 50.23, 49.16, 50.0, 3349200.0, 42.668647, -0.14000000000000057, 4.399996999999999, 2.11393729526514, 0.0, 0.0, 0.0, 0.01063460467818672
'2010-10-28', 49.439999, 50.0, 48.959999, 49.650002, 4054500.0, 42.369967, 0.25999900000000054, 4.959999000000003, 1.9319515040904747, 0.0, 0.0, 0.0, 0.00892496478408101
'2010-10-27', 49.18, 50.220001, 48.380001, 49.700001, 6245700.0, 42.412635, 1.7099989999999963, 4.799999, 1.7002404250777674, 0.0, 0.0, 0.0, 0.008562651936198101
'2010-10-26', 47.470001, 50.75, 47.389999, 49.779999, 13132700.0, 42.480903, 2.569999000000003, 3.780002000000003, 1.445887265269593, 0.0, 0.0, 0.0, 0.011586264765404154
'2010-10-25', 44.900002, 45.639999, 44.389999, 44.48, 5333000.0, 37.958028, 0.42000200000000376, 0.9200020000000038, 1.3611015410819154, 0.0, 0.1, 0.0, 0.016339337194846294
'2010-10-22', 44.48, 44.959999, 44.349998, 44.549999, 2425500.0, 38.017763, 0.09999899999999684, -0.4399980000000028, 1.4584553996616072, 0.0, 0.5, 0.0, 0.015906027053357325
'2010-10-21', 44.380001, 44.869999, 43.700001, 44.419998, 3169800.0, 37.906824, 0.6900019999999998, -0.3600009999999969, 1.5825964908908428, 0.0, 0.8, 0.0, 0.014888896256880007
'2010-10-20', 43.689999, 44.919998, 43.689999, 44.150002, 3045000.0, 37.676416, -0.2900009999999966, -0.5500029999999967, 1.6335041494087381, 1.0, 1.0, 0.0, 0.015171831102909523
'2010-10-19', 43.98, 44.330002, 43.099998, 43.52, 2824200.0, 37.13879, -0.9399980000000028, -0.6199980000000025, 1.7514515694773167, 0.0, 0.8, 0.0, 0.013627407912687597
'2010-10-18', 44.919998, 44.939999, 44.25, 44.77, 1450400.0, 38.205507, 0.1799960000000027, 1.0700000000000003, 1.8440126983782255, 0.0, 0.5, 0.0, 0.011200472170546406
'2010-10-15', 44.740002, 44.970001, 44.080002, 44.73, 2378100.0, 38.171371, 0.5, 0.4099999999999966, 1.8788717007058637, 0.0, 0.1, 0.0, 0.010820687675322288
'2010-10-14', 44.240002, 44.610001, 43.98, 44.200001, 2672300.0, 37.719084, -0.3599960000000024, 0.2200019999999938, 1.9697994522629614, 0.0, 0.0, 0.0, 0.01096292772419958
'2010-10-13', 44.599998, 44.950001, 44.16, 44.23, 2516300.0, 37.744684, 0.75, 0.9099989999999991, 2.1199670684553897, 0.0, 0.0, 0.0, 0.009877275637640404
'2010-10-12', 43.849998, 44.529999, 43.560001, 44.290001, 2533500.0, 37.795888, -0.480004000000001, 0.3599960000000024, 2.296974243110497, 0.0, 0.0, 0.0, 0.010399091694371348
'2010-10-11', 44.330002, 44.75, 43.700001, 43.900002, 3174700.0, 37.463073, 0.3100019999999972, 0.8300020000000004, 2.369221548990687, 0.0, 0.0, 0.0, 0.009281040046186417
'2010-10-08', 44.02, 44.950001, 43.91, 44.369999, 2726200.0, 37.864156, 0.3300010000000029, 0.9500000000000028, 2.391026868941822, 0.0, 0.0, -0.1, 0.009241668043451324
'2010-10-07', 43.689999, 44.34, 43.34, 43.900002, 2792400.0, 37.463073, 0.1999970000000033, 0.18999900000000025, 2.3709876219137946, 0.0, 0.1, -0.5, 0.00923502762785797
'2010-10-06', 43.490002, 43.490002, 42.689999, 43.48, 3391600.0, 37.104655, -0.00999800000000306, 0.05000299999999669, 2.385987865881774, 0.0, 0.5, -0.8, 0.009082546336358726
'2010-10-05', 43.5, 43.880001, 43.189999, 43.650002, 3454700.0, 37.24973, 0.4299999999999997, 0.04999899999999968, 2.3776985215963844, -1.0, 0.8, -1.0, 0.008708046896551727
'2010-10-04', 43.07, 43.380001, 42.27, 42.900002, 2531700.0, 36.6097, -0.4299999999999997, 0.5799980000000033, 2.3344491103664167, 1.0, 1.0, -0.8, 0.008840707435123505
'2010-10-01', 43.5, 43.509998, 42.810001, 43.119999, 3344600.0, 36.79744, 0.06000099999999975, 0.869999, 2.326904478515401, -1.0, 0.8, -1.0, 0.0
'2010-09-30', 43.439999, 43.700001, 42.580002, 42.959999, 2885400.0, 36.6609, -0.010002000000000066, 1.6899990000000003, 2.2424255761814726, 0.0, 0.5, -0.8, 0.0013812385216675476
'2010-09-29', 43.450001, 43.66, 43.0, 43.130001, 2579600.0, 36.805975, 0.9599990000000034, 2.4599990000000034, 2.136819228292759, 0.0, 0.1, -0.5, 0.0005753624723737024
'2010-09-28', 42.490002, 43.860001, 42.27, 43.709999, 4338400.0, 37.30093, -0.1399990000000031, 0.8500029999999938, 2.0168699148822715, 0.0, 0.1, -0.1, 0.007923416901698453
'2010-09-27', 42.630001, 42.810001, 42.330002, 42.57, 2376800.0, 36.328085, 0.880001, 0.7000010000000003, 1.956614113241255, 0.0, 0.5, 0.0, 0.005102034832230006
'2010-09-24', 41.75, 42.549999, 41.669998, 42.439999, 1997900.0, 36.217146, 0.7599980000000031, -0.09999799999999937, 1.8511970485311329, 0.0, 0.8, -0.1, 0.008383233532934131
'2010-09-23', 40.990002, 41.580002, 40.849998, 41.009998, 1961200.0, 34.996822, -0.6499970000000062, -0.6799960000000027, 1.7965194537281557, 1.0, 1.0, -0.5, 0.010205732607673466
'2010-09-22', 41.639999, 41.990002, 41.040001, 41.380001, 3106400.0, 35.312573, -0.2900009999999966, 0.48999700000000246, 1.7475208868569603, 0.0, 0.8, -0.8, 0.00638123042633666
'2010-09-21', 41.93, 42.380001, 41.599998, 41.779999, 3205900.0, 35.65392, 0.08000200000000035, 1.3300020000000004, 1.6538263078090623, -1.0, 0.5, -1.0, 0.0
'2010-09-20', 41.849998, 42.0, 41.349998, 41.73, 3179100.0, 35.611252, 0.17999999999999972, 1.9299999999999997, 1.529135919102761, 0.0, 0.1, -0.8, 0.001911636889445021
'2010-09-17', 41.669998, 41.830002, 41.16, 41.549999, 3932900.0, 35.457645, 0.519995999999999, 2.0999979999999994, 1.3871182765644066, 0.0, 0.0, -0.5, 0.0031197745677837576
'2010-09-16', 41.150002, 41.610001, 40.939999, 41.5, 2959300.0, 35.414977, 0.5500040000000013, 2.0700000000000003, 1.2440248817987654, 0.0, 0.0, -0.1, 0.006318331001134168
'2010-09-15', 40.599998, 41.869999, 40.599998, 41.450001, 4353500.0, 35.372309, 0.6799999999999997, 0.7399970000000025, 1.1200761318772015, 0.0, 0.0, 0.0, 0.008189667891116647
'2010-09-14', 39.919998, 40.959999, 39.790001, 40.689999, 2798800.0, 34.723743, 0.34999799999999937, 1.0700000000000003, 1.0439695686501427, 0.0, 0.0, 0.0, 0.010070150805117776
'2010-09-13', 39.57, 40.18, 39.419998, 40.029999, 3069100.0, 34.160517, 0.48999799999999993, 0.7900010000000037, 0.9756879986283773, 0.0, 0.0, 0.0, 0.009940190379917443
'2010-09-10', 39.080002, 39.27, 38.630001, 38.950001, 2642000.0, 33.238876, -0.7799989999999966, 0.33000200000000035, 0.9809735015114298, 0.0, 0.0, 0.0, 0.010418181949647068
'2010-09-09', 39.860001, 40.09, 38.950001, 39.080002, 3180400.0, 33.349816, 1.0100029999999975, 2.220001999999994, 0.9515205936703138, 0.0, 0.0, 0.0, 0.006491466846676707
'2010-09-08', 38.849998, 39.540001, 38.84, 39.290001, 2975100.0, 33.529023, 0.06999900000000281, 2.159998999999999, 0.8661002876373363, 0.0, 0.0, 0.0, 0.008808814982292778
'2010-09-07', 38.779999, 39.360001, 38.540001, 38.779999, 3327000.0, 33.093801, 0.029998999999996556, 3.1699979999999996, 0.8478391434574584, 0.0, 0.0, 0.0, 0.00812274647041637
'2010-09-03', 38.75, 39.380001, 38.439999, 39.119999, 3423900.0, 33.383948, 1.110000999999997, 1.7799989999999966, 0.8167911268703866, 0.0, 0.1, 0.0, 0.00746041055718475
'2010-09-02', 37.639999, 38.27, 37.459999, 38.16, 2979200.0, 32.564711, 0.9500000000000028, 0.5799980000000033, 0.7968835629437273, 0.0, 0.5, 0.0, 0.009497877067779227
'2010-09-01', 36.689999, 37.66, 36.689999, 37.59, 3957400.0, 31.950282, 1.0799980000000033, -1.1200019999999995, 0.8644099970377331, 0.0, 0.8, 0.0, 0.010986018287980874
'2010-08-31', 35.610001, 36.41, 35.060001, 35.84, 4707900.0, 30.462839, -1.3600000000000065, -1.3199990000000028, 0.9299892038805162, 1.0, 1.0, -0.1, 0.012677014527463795
'2010-08-30', 36.970001, 37.16, 35.75, 35.77, 2662200.0, 30.403341, -0.0899999999999963, -0.22999999999999687, 1.0727054805392193, 0.0, 0.8, -0.5, 0.008944186936862667
'2010-08-27', 37.060001, 37.119999, 35.75, 36.919998, 4584900.0, 31.380802, -0.75, -0.5799980000000033, 1.1569075847856343, 0.0, 0.5, -0.8, 0.00821303101152102
'2010-08-26', 37.810001, 37.98, 36.599998, 36.66, 3380000.0, 31.159812, 0.880001, 1.0200000000000031, 1.1631763261293724, -1.0, 0.1, -1.0, 0.0
'2010-08-25', 36.93, 38.009998, 36.610001, 37.849998, 3410600.0, 32.171272, -0.2700010000000006, -0.9100000000000037, 1.1589184445858403, 0.0, 0.1, -0.8, 0.023828892499323046
'2010-08-24', 37.200001, 37.599998, 36.540001, 37.279999, 3461400.0, 31.686791, -0.4399980000000028, -0.869999, 1.1588558907057913, 0.0, 0.5, -0.5, 0.008198924510781592
'2010-08-23', 37.639999, 38.330002, 37.389999, 37.799999, 3443500.0, 32.128775, 0.8499980000000065, -0.07000000000000028, 1.1662288481355545, 0.0, 0.8, -0.1, 0.001505508364475042
'2010-08-20', 36.790001, 37.400002, 36.400002, 37.310001, 2905400.0, 31.712292, -1.0499990000000068, -0.20999900000000338, 1.1694696393385737, 1.0, 1.0, 0.0, 0.006931231124456909
'2010-08-19', 37.84, 37.900002, 36.779999, 37.16, 2745800.0, 31.584796, -0.22999999999999687, 0.25, 1.1812283994409267, 0.0, 0.8, 0.0, -0.00015855708245245064
'2010-08-18', 38.07, 38.23, 37.380001, 38.060001, 3035800.0, 32.349768, 0.3600009999999969, 1.0499999999999972, 1.1735778280120555, 0.0, 0.5, 0.0, -0.001138249715436479
'2010-08-17', 37.709999, 38.470001, 37.560001, 37.880001, 2612500.0, 32.196774, 0.7099990000000034, -0.2900009999999966, 1.2002707054389323, 0.0, 0.1, 0.0, 0.0003788385144215856
'2010-08-16', 37.0, 37.599998, 36.709999, 37.240002, 2100100.0, 31.652795, -0.5900000000000034, -1.880001, 1.2002335035971883, 0.0, 0.0, 0.0, 0.002736489864864864
'2010-08-13', 37.59, 37.84, 37.290001, 37.310001, 1912000.0, 31.712292, 0.5700000000000003, -1.4099999999999966, 1.200331993242566, 0.0, 0.0, 0.0, 0.0006502941089533159
'2010-08-12', 37.02, 37.91, 36.869999, 37.810001, 2671400.0, 32.137276, -0.9799999999999969, -1.2299999999999969, 1.1954698013294656, 0.0, 0.0, 0.0, 0.0021339843327930754
'2010-08-11', 38.0, 38.299999, 37.290001, 37.709999, 2912900.0, 32.052277, -0.880001, -1.0, 1.1949596192906247, 0.0, 0.0, 0.0, -0.00045454306220095756
'2010-08-10', 38.880001, 39.360001, 38.490002, 39.099998, 2844200.0, 33.233732, -0.11999899999999997, 1.4200019999999967, 1.2101532647661708, 0.0, 0.0, 0.0, -0.0022933812853211267
'2010-08-09', 39.0, 39.360001, 38.560001, 39.240002, 2490900.0, 33.35273, 0.75, 2.389999000000003, 1.2243468885363584, 0.0, 0.0, 0.0, -0.0023471380670611443
'2010-08-06', 38.25, 39.0, 38.0, 38.959999, 3120600.0, 33.114737, -0.75, 0.4599990000000034, 1.263665940051626, 0.0, 0.0, 0.0, -0.0008216601307189547
'2010-08-05', 39.0, 39.0, 38.5, 38.73, 4227300.0, 32.919245, 1.5400009999999966, 3.0800020000000004, 1.3750792957021718, 0.0, 0.0, 0.0, -0.0020341863247863253
'2010-08-04', 37.459999, 39.349998, 37.459999, 39.299999, 6684000.0, 33.403726, 0.8499980000000065, 0.21999700000000644, 1.4764778617002843, 0.0, 0.0, 0.0, 0.0005839595724495286
'2010-08-03', 36.610001, 37.650002, 36.02, 37.099998, 7931600.0, 31.533797, -1.1799999999999997, -0.39999700000000615, 1.743284045766635, 0.0, 0.0, 0.0, 0.001928113448948494
'2010-08-02', 37.790001, 38.75, 37.540001, 38.43, 5699700.0, 32.664255, 1.870002999999997, -0.619999, 2.127575505750368, 0.0, 0.0, 0.0, 2.9402251434480906e-05
'2010-07-30', 35.919998, 37.200001, 35.860001, 36.970001, 3684000.0, 31.423303, -1.3200039999999973, -1.5800020000000004, 2.3820756289752665, 0.0, 0.0, -0.1, 0.0027693164711552368
'2010-07-29', 37.240002, 37.240002, 35.830002, 36.450001, 2871900.0, 30.98132, 0.23000399999999388, 0.5700039999999973, 2.5990636967659477, 0.0, 0.0, -0.5, 0.0007653047387054422
'2010-07-28', 37.009998, 37.23, 36.540001, 36.68, 2489700.0, 31.176812, -1.4000019999999935, 1.4499970000000033, 2.809610451342139, 0.0, 0.0, -0.8, 0.0010293267498252983
'2010-07-27', 38.41, 38.41, 36.959999, 37.049999, 4224900.0, 31.491299, 0.9099999999999966, 3.0499989999999997, 2.9846101588355256, -1.0, 0.0, -1.0, 0.0
'2010-07-26', 37.5, 38.119999, 36.869999, 38.07, 2777200.0, 32.358266, 0.8300020000000004, 3.5800020000000004, 3.1051503805347918, 0.0, 0.0, -0.8, 0.024266666666666575
'2010-07-23', 36.669998, 37.450001, 36.02, 37.369999, 3585800.0, 31.763288, 1.109997, 1.8200000000000003, 3.1497624795110184, 0.0, 0.1, -0.5, 0.02372514446278395
'2010-07-22', 35.560001, 36.830002, 35.560001, 36.650002, 3851300.0, 31.151314, 0.20000000000000284, -0.9599990000000034, 3.1733331398707514, 0.0, 0.5, -0.1, 0.026715400448573262
'2010-07-21', 35.360001, 35.939999, 35.0, 35.099998, 3538900.0, 29.833861, 1.4400029999999973, -1.4700010000000034, 3.1270253274818662, 0.0, 0.8, 0.0, 0.021563906347174595
'2010-07-20', 33.919998, 35.32, 33.75, 35.25, 4162500.0, 29.961358, -0.9299999999999997, -3.0200010000000006, 3.0585823458301973, 1.0, 1.0, 0.0, 0.026474069957197505
'2010-07-19', 34.849998, 35.139999, 33.970001, 34.369999, 5075000.0, 29.213385, -1.6700020000000038, -1.5700000000000003, 2.911086395466232, 0.0, 0.8, 0.0, 0.017025357265921973
'2010-07-16', 36.52, 36.560001, 34.619999, 34.759998, 5456000.0, 29.544872, -0.3100019999999972, 0.13000100000000003, 2.807816983067411, 0.0, 0.5, 0.0, 0.00739320920043809
'2010-07-15', 36.830002, 36.900002, 36.099998, 36.75, 2715200.0, 31.236309, -0.1099969999999999, 0.7100030000000004, 2.7866279608160713, 0.0, 0.1, 0.0, 0.0053624691630480914
'2010-07-14', 36.939999, 37.240002, 36.529999, 36.77, 3996600.0, 31.253309, 0.5200010000000006, 0.1999970000000033, 2.7431073915668343, 0.0, 0.0, 0.0, 0.004421587679102104
'2010-07-13', 36.419998, 37.369999, 36.330002, 37.16, 3301300.0, 31.584796, 0.029998999999996556, 1.1999969999999962, 2.699619414691576, 0.0, 0.0, -0.1, 0.005464036543878989
'2010-07-12', 36.389999, 36.439999, 35.509998, 36.029999, 3067700.0, 30.624332, 0.2700000000000031, 0.29000100000000373, 2.6485969648940926, 0.0, 0.1, -0.5, 0.005046344039345918
'2010-07-09', 36.119999, 36.880001, 35.810001, 36.5, 3090000.0, 31.023817, -0.620002999999997, -0.6000020000000035, 2.563287596948189, 0.0, 0.5, -0.8, 0.005283317329733769
'2010-07-08', 36.740002, 36.970001, 35.529999, 36.119999, 5090600.0, 30.700829, 1.5200009999999935, 0.3399999999999963, 2.4557887834895054, -1.0, 0.8, -1.0, 0.0034964991187367003
'2010-07-07', 35.220001, 36.119999, 34.52, 36.080002, 6703300.0, 30.666833, -0.8799969999999959, -1.6399999999999935, 2.428701466097449, 1.0, 1.0, -0.8, 0.0064695361998590205
'2010-07-06', 36.099998, 36.470001, 34.330002, 34.700001, 7409700.0, 29.493876, -0.6200030000000041, -2.3000040000000013, 2.2683443743550775, 0.0, 0.8, -0.5, 0.004265931907623185
'2010-07-02', 36.720001, 36.939999, 35.549999, 35.77, 3098200.0, 30.403341, 0.3199990000000028, -2.3999979999999965, 2.223802390386887, 0.0, 0.5, -0.1, 0.002876496040945085
'2010-07-01', 36.400002, 36.84, 35.360001, 36.459999, 5225000.0, 30.989818, -0.45999899999999627, -3.1999959999999987, 2.1674049684566525, 0.0, 0.1, 0.0, 0.0032482189553337936
'2010-06-30', 36.860001, 37.610001, 36.439999, 36.549999, 4842800.0, 31.066315, -1.5400010000000037, -3.2999989999999997, 2.054279117955564, 0.0, 0.0, 0.0, 0.0023361653070914333
'2010-06-29', 38.400002, 38.48, 36.720001, 37.009998, 6651600.0, 31.457299, -0.7199969999999993, -2.139998999999996, 1.9385290614797686, 0.0, 0.0, 0.0, 1.3703398409082805e-05
'2010-06-28', 39.119999, 39.720001, 38.970001, 39.029999, 3058900.0, 33.174234, -0.4799989999999994, -3.0300030000000007, 1.8943481152280763, 0.0, 0.0, 0.0, -0.0009074629577572374
'2010-06-25', 39.599998, 39.619999, 39.0, 39.16, 5509300.0, 33.284731, -0.5600019999999972, -4.370003000000004, 1.8731596325167685, 0.0, 0.0, 0.0, -0.0014309740982454485
'2010-06-24', 40.16, 40.68, 39.279999, 39.48, 4594200.0, 33.55672, -0.38000100000000003, -3.1899980000000028, 1.8782761172596525, 0.0, 0.0, -0.1, -0.0019807135095979717
'2010-06-23', 40.540001, 41.040001, 39.900002, 40.599998, 3323800.0, 34.508683, -1.610001000000004, -3.119999, 1.878631017346052, 0.0, 0.0, -0.5, -0.0022843793005933766
'2010-06-22', 42.150002, 42.849998, 40.619999, 40.709999, 4725500.0, 34.60218, -1.8199990000000028, -1.6699979999999996, 1.8815522471622466, 0.0, 0.0, -0.8, -0.0036971152852298046
'2010-06-21', 43.970001, 43.98, 41.900002, 42.16, 4098200.0, 35.834634, 0.6200030000000041, 0.18000000000000682, 1.8729343644313414, -1.0, 0.0, -1.0, 0.0
'2010-06-18', 43.349998, 43.57, 43.0, 43.110001, 4293700.0, 36.642104, -0.3100019999999972, 0.30999700000000274, 1.8079022866298018, 0.0, 0.0, -0.8, 0.014302261328824147
'2010-06-17', 43.66, 44.0, 42.869999, 43.200001, 4217100.0, 36.718601, -0.1600000000000037, 2.110000999999997, 1.7389263747499857, 0.0, 0.0, -0.5, 0.0035501717819515217
'2010-06-16', 43.82, 44.080002, 43.240002, 43.509998, 4754400.0, 36.982089, 0.02999900000000366, 2.2900010000000037, 1.6489830039151794, 0.0, 0.0, -0.1, 0.0011410390993458325
'2010-06-15', 43.790001, 44.369999, 43.060001, 44.32, 4375100.0, 37.670564, 0.75, 3.6799999999999997, 1.5770368251604894, 0.0, 0.0, 0.0, 0.0010276318559572929
'2010-06-14', 43.040001, 43.700001, 42.759998, 43.310001, 3987100.0, 36.812098, 1.490001999999997, 3.7900009999999966, 1.4757788983678521, 0.0, 0.0, 0.0, 0.0043215612378819735
'2010-06-11', 41.549999, 42.880001, 41.400002, 42.810001, 4219100.0, 36.387114, 0.020000000000003126, 1.8099970000000027, 1.485601348672969, 0.0, 0.1, 0.0, 0.009707188360381605
'2010-06-10', 41.529999, 42.93, 41.529999, 42.16, 7690500.0, 35.834634, 1.4199979999999996, 0.8099979999999931, 1.5336170882159026, 0.0, 0.5, 0.0, 0.008393251208258283
'2010-06-09', 40.110001, 41.900002, 40.110001, 40.810001, 4989200.0, 34.687179, 0.8600009999999969, -1.6499970000000062, 1.547044493277066, 0.0, 0.8, 0.0, 0.012029418797571231
'2010-06-08', 39.25, 39.950001, 38.66, 39.869999, 4671000.0, 33.888207, -0.49000199999999694, -1.1500020000000006, 1.6175664665172587, 1.0, 1.0, 0.0, 0.013361644727530087
'2010-06-07', 39.740002, 40.209999, 39.119999, 39.150002, 4327900.0, 33.276233, -0.9799990000000065, -0.8899990000000031, 1.6977033925476492, 0.0, 0.8, 0.0, 0.010644184164862415
'2010-06-04', 40.720001, 41.16, 39.43, 39.59, 4837200.0, 33.650217, -1.0399969999999996, -1.1599999999999966, 1.7360155545773381, 0.0, 0.5, 0.0, 0.007255759778948567
'2010-06-03', 41.759998, 42.189999, 41.400002, 41.950001, 4282500.0, 35.528648, 1.3599960000000024, 1.369999, 1.7662347937919038, 0.0, 0.1, -0.1, 0.004410127526027819
'2010-06-02', 40.400002, 41.610001, 40.310001, 41.599998, 4177600.0, 35.232221, -0.2299989999999994, 0.7800030000000007, 1.7794827592124456, 0.0, 0.0, -0.5, 0.006797408269739885
'2010-06-01', 40.630001, 41.490002, 40.110001, 40.27, 3770800.0, 34.105808, -1.25, 3.270000000000003, 1.8132596838048718, 0.0, 0.0, -0.8, 0.0058718046443422146
'2010-05-28', 41.880001, 42.049999, 40.689999, 41.110001, 4225800.0, 34.817228, 1.490001999999997, 3.400001000000003, 1.8270210450350681, -1.0, 0.0, -1.0, 0.0
'2010-05-27', 40.389999, 42.0, 40.200001, 41.950001, 6634700.0, 35.528648, 0.7700000000000031, 3.520000000000003, 1.854101541124712, 0.0, 0.0, -0.8, 0.03689036981654782
'2010-05-26', 39.619999, 40.099998, 39.220001, 39.360001, 6445400.0, 33.335103, 2.259998000000003, 1.7000010000000003, 1.8701938436432262, 0.0, 0.1, -0.5, 0.028520974975289628
'2010-05-25', 37.360001, 39.150002, 36.970001, 39.09, 5781200.0, 33.106432, -1.119999, -1.5999980000000065, 1.8531307796630172, 0.0, 0.5, -0.1, 0.04032833582276049
'2010-05-24', 38.48, 39.16, 38.25, 38.740002, 5323600.0, 32.810008, 1.610000999999997, -2.159999000000006, 1.7088303151574467, 0.0, 0.8, 0.0, 0.02208940358627861
'2010-05-21', 36.869999, 39.09, 36.869999, 38.43, 7421400.0, 32.547459, -1.0499989999999997, -3.4700010000000034, 1.6229908388188827, 1.0, 1.0, 0.0, 0.02717657790009704
'2010-05-20', 37.919998, 38.720001, 37.400002, 37.810001, 6611500.0, 32.022365, -1.0400010000000037, -3.3300020000000004, 1.390667106727725, 0.0, 0.8, 0.0, 0.017405077394782562
'2010-05-19', 38.959999, 39.700001, 38.459999, 38.830002, 5817900.0, 32.886232, -1.6799999999999997, -3.3100009999999997, 1.2349143657224368, 0.0, 0.5, 0.0, 0.010706959793739788
'2010-05-18', 40.639999, 40.959999, 39.139999, 39.259998, 3622100.0, 33.250408, 0.2999989999999997, -1.0200009999999935, 1.1456165867053056, 0.0, 0.1, -0.1, 0.003813982623375547
'2010-05-17', 40.34, 40.490002, 38.75, 40.200001, 3175700.0, 34.046523, -0.9099999999999966, 0.11000000000000654, 1.1521095568665258, 0.0, 0.0, -0.5, 0.004241725885528552
'2010-05-14', 41.25, 41.400002, 39.540001, 40.060001, 6628800.0, 33.927954, -1.0200000000000031, 1.1799999999999997, 1.1562336422679347, 0.0, 0.0, -0.8, 0.0015272751515151516
'2010-05-13', 42.27, 42.369999, 41.529999, 41.630001, 4642900.0, 35.257631, 0.6100000000000065, 3.279998000000006, 1.200476174996591, -1.0, 0.0, -1.0, 0.0
'2010-05-12', 41.66, 42.43, 41.470001, 42.400002, 2540700.0, 35.909766, 1.4299999999999997, 1.3199999999999932, 1.2449785765229695, 0.0, 0.1, -0.8, 0.014642342774844132
'2010-05-11', 40.23, 41.790001, 40.23, 41.450001, 4374900.0, 35.105184, 0.1599999999999966, -1.0900000000000034, 1.2540512144960587, 0.0, 0.5, -0.5, 0.02535421327367644
'2010-05-10', 40.07, 41.110001, 40.009998, 41.07, 3949000.0, 34.78335, 1.0799980000000033, -2.4599989999999963, 1.2446115239441764, 0.0, 0.8, -0.1, 0.018301306047749794
'2010-05-07', 38.990002, 39.740002, 37.639999, 38.279999, 5787800.0, 32.420419, -1.3499980000000065, -2.869999, 1.261573346615348, 1.0, 1.0, 0.0, 0.021031019695767178
'2010-05-06', 40.34, 40.91, 35.700001, 39.119999, 5781100.0, 33.131839, -0.9799999999999969, -2.860000999999997, 1.2642982813056352, 0.0, 0.8, 0.0, 0.009568666336142784
'2010-05-05', 41.32, 42.16, 40.669998, 40.779999, 3967600.0, 34.53774, -1.2099989999999963, -1.4700009999999963, 1.3735445734308818, 0.0, 0.5, 0.0, 0.0038318812520167908
'2010-05-04', 42.529999, 42.580002, 41.279999, 41.830002, 4324300.0, 35.427017, 0.6699979999999996, 0.5299989999999966, 1.4730445578541216, 0.0, 0.1, 0.0, -0.000873329770962688
'2010-05-03', 41.860001, 43.299999, 41.849998, 43.029999, 3185900.0, 36.443329, -1.3400000000000034, -1.259998000000003, 1.616488470282723, 0.0, 0.0, 0.0, 0.0012243161437096187
'2010-04-30', 43.200001, 43.380001, 41.709999, 41.75, 3336100.0, 35.359261, 0.4100000000000037, -0.5699990000000028, 1.720617377377918, 0.0, 0.0, 0.0, -0.002391977825288572
'2010-04-29', 42.790001, 43.279999, 42.52, 43.110001, 2604600.0, 36.511085, 0.7900009999999966, -0.20000100000000032, 1.755147966108543, 0.0, 0.0, 0.0, -0.0012152395135489563
'2010-04-28', 42.0, 42.779999, 41.93, 42.349998, 4370300.0, 35.867417, -1.119999, -0.630001, 1.7996869460120075, 0.0, 0.0, 0.0, 0.0005844155844155911
'2010-04-27', 43.119999, 43.290001, 41.91, 41.970001, 4080600.0, 35.545587, -0.6500010000000032, 0.7599980000000031, 1.8462771720896909, 0.0, 0.0, 0.0, -0.0016427006410644801
'2010-04-26', 43.77, 43.84, 43.23, 43.459999, 3228400.0, 36.807508, 0.7799980000000062, 0.8500020000000035, 1.8387391684405072, 0.0, 0.0, 0.0, -0.0026361575367743976
'2010-04-23', 42.990002, 43.720001, 42.759998, 43.619999, 4418100.0, 36.943017, 0.3600009999999969, 0.7000010000000003, 1.7609103892026592, 0.0, 0.0, 0.0, -0.0011962947637386445
'2010-04-22', 42.630001, 43.349998, 42.5, 43.189999, 6536400.0, 36.578837, 0.2700000000000031, -0.3400000000000034, 1.7213078967271047, 0.0, 0.0, 0.0, -0.0005629853648529461
'2010-04-21', 42.360001, 43.080002, 42.099998, 43.040001, 5484600.0, 36.4518, -0.5599970000000027, -0.2700000000000031, 1.6682821791830178, 0.0, 0.0, -0.1, -0.00013279184058564143
'2010-04-20', 42.919998, 43.009998, 41.720001, 42.029999, 6083700.0, 35.5964, 0.629997000000003, 1.0, 1.6709015730442798, 0.0, 0.0, -0.5, -0.000890847582765219
'2010-04-19', 42.290001, 42.450001, 40.919998, 41.880001, 6226200.0, 35.469363, -0.6800000000000068, 0.8100009999999997, 1.6064616494235135, 0.0, 0.0, -0.8, -2.627492646941071e-05
'2010-04-16', 42.970001, 43.119999, 42.080002, 42.310001, 5242200.0, 35.833543, 0.3400000000000034, 1.5300020000000032, 1.5817005946770866, -1.0, 0.1, -1.0, 0.0
'2010-04-15', 42.630001, 43.25, 42.330002, 42.990002, 3574600.0, 36.409454, 0.7100030000000004, 1.9099999999999966, 1.5427162895222768, 0.0, 0.5, -0.8, 0.00797560384762842
'2010-04-14', 41.919998, 42.700001, 41.740002, 42.610001, 3472500.0, 36.08762, 0.4399980000000028, 1.509998000000003, 1.4800421425838006, 0.0, 0.8, -0.5, 0.012523891341788754
'2010-04-13', 41.48, 41.84, 41.330002, 41.540001, 2965600.0, 35.181407, 0.04000099999999662, 0.8400009999999938, 1.425332393982245, 1.0, 1.0, -0.1, 0.011973649951784045
'2010-04-12', 41.439999, 41.59, 41.139999, 41.18, 2439800.0, 34.876512, 0.7199979999999968, 0.9899979999999999, 1.4075679438906354, 0.0, 0.8, 0.0, 0.009230224643586521
'2010-04-09', 40.720001, 41.59, 40.490002, 41.34, 3475300.0, 35.012021, 0.31000100000000685, 0.4799990000000065, 1.3638960055589364, 0.0, 0.5, 0.0, 0.01105108027870628
'2010-04-08', 40.41, 40.73, 40.0, 40.470001, 2578700.0, 34.275194, -0.2299990000000065, 0.5400009999999966, 1.3521314512040685, 0.0, 0.1, 0.0, 0.0105584467541038
'2010-04-07', 40.639999, 41.029999, 40.200001, 40.490002, 3865200.0, 34.292133, 0.18999800000000278, 0.9299999999999997, 1.3416037841834043, 0.0, 0.0, 0.0, 0.00819038968409986
'2010-04-06', 40.450001, 40.779999, 40.18, 40.73, 2046000.0, 34.495394, 0.20999900000000338, -0.2900009999999966, 1.315477773452038, 0.0, 0.0, 0.0, 0.0077873916492610315
'2010-04-05', 40.240002, 40.700001, 39.919998, 40.540001, 2649700.0, 34.334479, 0.370002999999997, -0.2899969999999996, 1.2842686507466914, 0.0, 0.0, -0.1, 0.0075381015692350855
'2010-04-01', 39.869999, 40.290001, 39.700001, 40.139999, 3153900.0, 33.995706, 0.1599999999999966, 0.17999999999999972, 1.2599518485339274, 0.0, 0.0, -0.5, 0.007775274837604092
'2010-03-31', 39.709999, 40.099998, 39.43, 39.52, 3361400.0, 33.470611, -1.0300029999999936, 0.7599980000000031, 1.262514327400247, 0.0, 0.0, -0.8, 0.007463203869177085
'2010-03-30', 40.740002, 40.740002, 39.740002, 39.91, 2688600.0, 33.800913, 0.21000300000000038, 2.3900039999999976, 1.2343277169472582, -1.0, 0.0, -1.0, 0.0
'2010-03-29', 40.529999, 40.529999, 39.470001, 39.98, 4354900.0, 33.860198, 0.8399999999999963, 2.0099989999999934, 1.149373527778239, 0.0, 0.1, -0.8, 0.005181421297345712
'2010-03-26', 39.689999, 40.599998, 39.169998, 40.310001, 5551800.0, 34.139686, 0.7399979999999999, 2.229999999999997, 1.0948235243695772, 0.0, 0.5, -0.5, 0.01322755135367976
'2010-03-25', 38.950001, 39.279999, 38.68, 38.700001, 2967700.0, 32.77613, 0.600003000000001, 1.100003000000001, 1.104980777480751, 0.0, 0.8, -0.1, 0.015318792931481539
'2010-03-24', 38.349998, 38.82, 38.330002, 38.650002, 3177400.0, 32.733785, -0.17000200000000376, 0.25, 1.1462482286145141, 1.0, 1.0, 0.0, 0.015580209417481571
'2010-03-23', 38.52, 38.869999, 38.119999, 38.349998, 3821900.0, 32.479704, 1.0600009999999997, 0.6100000000000065, 1.1923209445827612, 0.0, 0.8, 0.0, 0.011526490134994774
'2010-03-22', 37.459999, 38.580002, 37.290001, 38.34, 4034600.0, 32.471236, -0.389998999999996, -0.620002999999997, 1.2457002978787362, 0.0, 0.5, 0.0, 0.01459335774853239
'2010-03-19', 37.849998, 38.369999, 37.68, 37.849998, 3331500.0, 32.056239, -0.25, -0.28000300000000067, 1.361824197506059, 0.0, 0.1, 0.0, 0.010907734110995567
'2010-03-18', 38.099998, 38.5, 37.849998, 38.080002, 2617300.0, 32.251036, 0.18999800000000278, -0.5, 1.3699782597308776, 0.0, 0.0, 0.0, 0.008661430900862507
'2010-03-17', 37.91, 38.349998, 37.91, 38.23, 2172200.0, 32.378073, -0.17000200000000376, -0.40000100000000316, 1.3559954579085054, 0.0, 0.0, 0.0, 0.00829450452826871
'2010-03-16', 38.080002, 38.240002, 37.68, 37.82, 3204600.0, 32.030832, -0.04999899999999968, -0.9099999999999966, 1.3439842885993452, 0.0, 0.0, 0.0, 0.0069852937507723775
'2010-03-15', 38.130001, 38.360001, 37.529999, 38.049999, 3132700.0, 32.225626, -0.46999699999999933, 0.6900019999999998, 1.3270204353117698, 0.0, 0.0, -0.1, 0.006222733069999603
'2010-03-12', 38.599998, 38.810001, 37.860001, 38.27, 2781600.0, 32.411951, 0.2899969999999996, 0.75, 1.2998800023854682, 0.0, 0.1, -0.5, 0.0046200434172734015
'2010-03-11', 38.310001, 38.540001, 38.049999, 38.490002, 2638200.0, 32.598276, -0.6800009999999972, 0.9299999999999997, 1.2309140587391232, 0.0, 0.5, -0.8, 0.004879226023673391
'2010-03-10', 38.990002, 39.139999, 38.450001, 38.580002, 4228200.0, 32.6745, 1.5500029999999967, 2.600002999999994, 1.1842469140069376, -1.0, 0.8, -1.0, 0.003205950079202356
'2010-03-09', 37.439999, 39.200001, 37.380001, 38.860001, 5809100.0, 32.911639, -0.4099989999999991, 0.7199979999999968, 1.0844403532192675, 1.0, 1.0, -0.8, 0.005876073874895129
'2010-03-08', 37.849998, 37.93, 37.32, 37.549999, 3248700.0, 31.802161, 0.46999699999999933, 0.75, 1.0663542673996822, 0.0, 0.8, -0.5, 0.00477213367356056
'2010-03-05', 37.380001, 37.84, 37.049999, 37.689999, 3299900.0, 31.920731, 0.9900019999999969, 0.8500020000000035, 1.0336161744419923, 0.0, 0.5, -0.1, 0.00528750969394192
'2010-03-04', 36.389999, 37.310001, 36.389999, 37.18, 4169700.0, 31.488799, -0.33000200000000035, -0.3200000000000003, 0.974575688572688, 0.0, 0.1, 0.0, 0.0066410233573607124
'2010-03-03', 36.720001, 36.939999, 36.34, 36.470001, 4560600.0, 30.82396, -0.3799969999999959, 0.12000300000000408, 0.9597080069834203, 0.0, 0.0, -0.1, 0.005761955180774631
'2010-03-02', 37.099998, 37.130001, 36.779999, 36.869999, 4517700.0, 31.162033, 0.5699990000000028, 0.45999899999999627, 0.9803351703038642, 0.0, 0.0, -0.5, 0.0049056660326504565
'2010-03-01', 36.529999, 37.080002, 36.18, 37.02, 5397400.0, 31.288812, -0.18000000000000682, 0.11999899999999997, 1.0081664749882489, 0.0, 0.0, -0.8, 0.005487991755305916
'2010-02-26', 36.709999, 37.099998, 36.419998, 36.439999, 3815600.0, 30.798603, 0.11000100000000401, 0.2700000000000031, 1.1087600715319639, -1.0, 0.0, -1.0, 0.0
'2010-02-25', 36.599998, 36.849998, 36.200001, 36.689999, 5117500.0, 31.009899, -0.04000100000000373, 0.3599960000000024, 1.2195392250633064, 0.0, 0.0, -0.8, 0.003005491967513332
'2010-02-24', 36.639999, 37.209999, 36.439999, 37.18, 4355700.0, 31.424042, 0.2299990000000065, 0.8099970000000027, 1.2899518407553088, 0.0, 0.0, -0.5, 0.0009552402007434591
'2010-02-23', 36.41, 36.759998, 36.130001, 36.560001, 4749100.0, 30.900027, -0.02999900000000366, -0.02999900000000366, 1.3198704237248313, 0.0, 0.0, -0.1, 0.0027464890597821735
'2010-02-22', 36.439999, 36.939999, 36.380001, 36.560001, 4720200.0, 30.900027, 0.1999970000000033, 0.75, 1.3435144418531801, 0.0, 0.0, 0.0, 0.001852360094740968
'2010-02-19', 36.240002, 36.5, 36.02, 36.380001, 3433900.0, 30.747893, 0.4099999999999966, 1.2300039999999939, 1.380583225428613, 0.0, 0.0, 0.0, 0.002593802285110285
'2010-02-18', 35.830002, 36.509998, 35.799999, 36.439999, 3739300.0, 30.798603, -0.6099969999999999, 1.130001, 1.3878679857974747, 0.0, 0.0, 0.0, 0.004093389854308889
'2010-02-17', 36.439999, 36.439999, 35.77, 36.049999, 4488800.0, 30.46898, 0.75, 1.8200000000000003, 1.392301166582879, 0.0, 0.0, 0.0, 0.0010584914827091246
'2010-02-16', 35.689999, 36.310001, 35.25, 36.18, 3478900.0, 30.578855, 0.6800009999999972, 0.9799999999999969, 1.4022473089537546, 0.0, 0.0, 0.0, 0.0035724293519873843
'2010-02-12', 35.009998, 35.529999, 34.610001, 35.470001, 4754500.0, 29.978774, 0.30999700000000274, 0.7599980000000031, 1.424616416490716, 0.0, 0.0, 0.0, 0.005395287369053835
'2010-02-11', 34.700001, 35.689999, 34.43, 35.380001, 4028700.0, 29.902707, 0.08000200000000035, 1.100003000000001, 1.4253023674533707, 0.0, 0.0, 0.0, 0.005792501273991327
'2010-02-10', 34.619999, 35.0, 34.330002, 34.73, 2964900.0, 29.353334, -0.09000000000000341, -0.4799989999999994, 1.4320921883273376, 0.0, 0.1, 0.0, 0.005488157293129913
'2010-02-09', 34.709999, 34.84, 34.279999, 34.700001, 3366100.0, 29.327979, 0.4599990000000034, -0.6100009999999969, 1.4268009159971757, 0.0, 0.5, 0.0, 0.004801690333285998
'2010-02-08', 34.25, 34.830002, 33.900002, 34.189999, 3456500.0, 28.896932, 0.6500020000000006, -1.0400009999999966, 1.4180356050699245, 0.0, 0.8, -0.1, 0.005524983717012922
'2010-02-05', 33.599998, 34.389999, 32.959999, 34.32, 8826100.0, 29.006808, -1.5, -1.4000020000000006, 1.3854980285007654, 1.0, 1.0, -0.5, 0.0066113970772090185
'2010-02-04', 35.099998, 35.34, 34.169998, 34.470001, 5001800.0, 29.133587, -0.22000200000000092, 0.11999800000000249, 1.302764921576602, 0.0, 0.8, -0.8, 0.00305793179817276
'2010-02-03', 35.32, 35.610001, 34.98, 35.490002, 4773900.0, 29.995678, 0.02999900000000366, 0.20999900000000338, 1.2838310059615048, -1.0, 0.5, -1.0, 0.0
'2010-02-02', 35.290001, 35.77, 35.099998, 35.73, 4714200.0, 30.198521, 0.2900009999999966, 0.7299999999999969, 1.2705679575341786, 0.0, 0.1, -0.8, 0.0008500708175101402
'2010-02-01', 35.0, 35.360001, 34.830002, 35.27, 3758600.0, 29.809736, 0.020000000000003126, 0.9299999999999997, 1.2539661078183184, 0.0, 0.0, -0.5, 0.004571428571428575
'2010-01-29', 34.98, 35.360001, 34.73, 34.880001, 5884100.0, 29.480113, -0.13000100000000003, 0.6300019999999975, 1.2266731429182849, 0.0, 0.0, -0.1, 0.003239946636173084
'2010-01-28', 35.110001, 35.369999, 34.650002, 34.869999, 6519600.0, 29.47166, 0.5499999999999972, 1.2700009999999935, 1.19496011072491, 0.0, 0.0, 0.0, 0.00149529332112525
'2010-01-27', 34.560001, 35.169998, 34.369999, 35.009998, 5671200.0, 29.589985, 0.49000099999999946, -0.7599990000000005, 1.1656341957165157, 0.0, 0.1, 0.0, 0.004398142233850055
'2010-01-26', 34.07, 35.009998, 33.91, 34.610001, 5387200.0, 29.251913, -0.2799979999999991, -1.130001, 1.1037858479903107, 0.0, 0.5, 0.0, 0.006114861559534291
'2010-01-25', 34.349998, 34.709999, 33.73, 34.09, 5638200.0, 28.812415, 0.509997999999996, -2.7700010000000006, 1.0147050538519589, 0.0, 0.8, 0.0, 0.004034111276679388
'2010-01-22', 33.84, 34.540001, 33.529999, 34.040001, 7165100.0, 28.770156, -1.4799999999999969, -3.700000999999993, 0.9587154809439027, 1.0, 1.0, 0.0, 0.00546690307328604
'2010-01-21', 35.32, 35.380001, 33.490002, 34.099998, 10370300.0, 28.820866, 0.11999899999999997, -2.889999000000003, 0.8153467369580847, 0.0, 0.8, 0.0, 0.0
'2010-01-20', 35.200001, 35.900002, 34.990002, 35.349998, 15018700.0, 29.877349, -1.9199979999999996, -3.3499979999999994, 0.7694486107751314, 0.0, 0.5, 0.0, 0.0003409062403151636
'2010-01-19', 37.119999, 37.529999, 36.700001, 37.450001, 5559200.0, 31.652243, -0.42000199999999666, -0.9799989999999994, 0.7121827728433898, 0.0, 0.1, -0.1, -0.004408304879729999
'2010-01-15', 37.540001, 37.84, 36.639999, 36.790001, 6035800.0, 31.09442, -0.6699980000000068, 0.08000199999999325, 0.7436067447256849, 0.0, 0.0, -0.5, -0.00492807880674625
'2010-01-14', 38.209999, 38.330002, 37.18, 37.5, 4511700.0, 31.694502, -0.3399999999999963, 0.9899979999999999, 0.7611214084212714, 0.0, 0.0, -0.8, -0.005818048186408369
'2010-01-13', 38.549999, 38.549999, 37.759998, 38.27, 3243900.0, 32.345296, 0.4500010000000003, 0.9699969999999993, 0.764069672391393, -1.0, 0.0, -1.0, 0.0
'2010-01-12', 38.099998, 38.650002, 37.75, 38.599998, 5185900.0, 32.624206, 0.639998999999996, 1.4499959999999987, 0.7197884567329842, 0.0, 0.0, -0.8, 0.011811050488769063
'2010-01-11', 37.459999, 38.509998, 37.459999, 38.32, 4025800.0, 32.387554, 0.23999799999999993, 1.119999, 0.7324757193558644, 0.0, 0.0, -0.5, 0.014548852497299803
'2010-01-08', 37.220001, 37.349998, 36.880001, 37.27, 3140000.0, 31.500109, -0.3600009999999969, 0.33000200000000035, 0.7228002296633635, 0.0, 0.1, -0.1, 0.011911140643619686
'2010-01-07', 37.580002, 37.959999, 37.290001, 37.490002, 2719200.0, 31.686051, 0.9299999999999997, 0.4299999999999997, 0.7527025692361691, 0.0, 0.5, 0.0, 0.0064528801781330355
'2010-01-06', 36.650002, 37.57, 36.57, 37.470001, 2968300.0, 31.669147, 0.3100019999999972, -0.019995999999999015, 0.7976026882694625, 0.0, 0.8, 0.0, 0.010368332312778585
'2010-01-05', 36.34, 37.279999, 35.889999, 36.75, 3223400.0, 31.060612, -0.5499989999999997, -0.9700009999999963, 0.9086311831914617, 1.0, 1.0, 0.0, 0.010135750321041992
'2010-01-04', 36.889999, 36.889999, 36.110001, 36.310001, 3350600.0, 30.688731, -0.26000299999999754, -0.2700009999999935, 0.9681725468353853, 0.0, 0.8, 0.0, 0.006428377976991992
'2009-12-31', 37.150002, 37.150002, 36.5, 36.529999, 1057600.0, 30.874669, 0.480004000000001, 0.05000400000000127, 0.9960867617281715, 0.0, 0.5, 0.0, 0.004710622222846714
'2009-12-30', 36.669998, 37.029999, 36.650002, 36.970001, 1795400.0, 31.246554, -0.6400030000000001, -0.4100040000000007, 0.9711118020089732, 0.0, 0.1, 0.0, 0.0056964551784267885
'2009-12-29', 37.310001, 37.310001, 36.59, 36.790001, 2188900.0, 31.09442, 0.15000100000000316, 0.47000099999999634, 0.978939792883019, 0.0, 0.0, 0.0, 0.003323500312958984
'2009-12-28', 37.16, 37.360001, 37.02, 37.169998, 1430100.0, 31.415588, 0.060001999999997224, 0.6399999999999935, 0.959943029490686, 0.0, 0.0, 0.0, 0.0034005259810157627
'2009-12-24', 37.099998, 37.290001, 36.869999, 37.150002, 499000.0, 31.398688, 0.019995999999999015, 0.41999799999999965, 0.928381847470224, 0.0, 0.0, 0.0, 0.0032569655843826917
'2009-12-23', 37.080002, 37.310001, 36.860001, 37.049999, 1561500.0, 31.314167, 0.24000199999999694, 0.5500030000000038, 0.8981599877409128, 0.0, 0.0, 0.0, 0.0030495330692725487
'2009-12-22', 36.84, 37.200001, 36.529999, 36.84, 2381200.0, 31.136679, 0.3200000000000003, 0.020000000000003126, 0.8792865733086521, 0.0, 0.0, 0.0, 0.0033154936404529165
'2009-12-21', 36.52, 37.310001, 36.419998, 37.110001, 3180300.0, 31.364879, -0.1599999999999966, -0.3200000000000003, 0.8861608305875056, 0.0, 0.0, 0.0, 0.003705730193501271
'2009-12-18', 36.68, 36.779999, 35.73, 36.34, 3509600.0, 30.714085, 0.15000100000000316, 0.3899990000000031, 0.9246058265738032, 0.0, 0.0, -0.1, 0.0031863396264994546
'2009-12-17', 36.529999, 36.860001, 36.240002, 36.57, 2541200.0, 30.908478, -0.29000100000000373, 0.16999799999999965, 1.0087474274238672, 0.0, 0.0, -0.5, 0.003252765744991258
'2009-12-16', 36.82, 36.93, 36.549999, 36.689999, 3241200.0, 31.009899, -0.020000000000003126, 1.220002000000001, 1.059211575444891, 0.0, 0.0, -0.8, 0.002610294827690264
'2009-12-15', 36.84, 36.849998, 36.23, 36.52, 3107700.0, 30.866219, 0.5499990000000068, 1.639999000000003, 1.0936171844341975, -1.0, 0.0, -1.0, 0.0
'2009-12-14', 36.290001, 36.98, 36.099998, 36.849998, 3031200.0, 31.145129, -0.07000000000000028, 0.5, 1.1041679443720622, 0.0, 0.1, -0.8, 0.01515566229937571
'2009-12-11', 36.360001, 36.380001, 35.779999, 35.84, 4018400.0, 30.291492, 0.7600029999999975, -0.17999999999999972, 1.1001418607721665, 0.0, 0.5, -0.5, 0.006600646133095631
'2009-12-10', 35.599998, 36.25, 35.549999, 35.950001, 4555000.0, 30.384463, 0.39999699999999905, -0.7900010000000037, 1.1663887896128156, 0.0, 0.8, -0.1, 0.0116105062702532
'2009-12-09', 35.200001, 35.400002, 34.93, 35.18, 2944700.0, 29.733669, -0.5899999999999963, -0.45999899999999627, 1.1844926966994322, 1.0, 1.0, -0.5, 0.011647719839553436
'2009-12-08', 35.790001, 35.790001, 35.119999, 35.290001, 4270000.0, 29.82664, -0.75, 0.139998999999996, 1.1808856512525978, 0.0, 0.8, -0.8, 0.005867555019068074
'2009-12-07', 36.540001, 36.540001, 35.880001, 35.939999, 3847100.0, 30.376009, 0.15000199999999353, 1.3500019999999964, 1.1629320093056095, -1.0, 0.5, -1.0, 0.0
'2009-12-04', 36.389999, 37.349998, 35.75, 36.529999, 6980800.0, 30.874669, 0.7299990000000065, 1.0999980000000065, 1.109347991129525, 0.0, 0.1, -0.8, 0.004122066615060735
'2009-12-03', 35.66, 36.0, 35.419998, 35.75, 4085800.0, 30.215425, 0.009997999999995955, 0.9099999999999966, 1.0821243521481068, 0.0, 0.5, -0.5, 0.012338768928771735
'2009-12-02', 35.650002, 36.150002, 35.419998, 35.799999, 4230700.0, 30.194293, 0.4600030000000004, 0.04000100000000373, 1.0758801668921871, 0.0, 0.8, -0.1, 0.008321635811782899
'2009-12-01', 35.189999, 35.59, 34.950001, 35.419998, 3321000.0, 29.873794, -0.10000199999999637, 0.27999900000000366, 1.055735505197253, 1.0, 1.0, -0.1, 0.009590807320000182
'2009-11-30', 35.290001, 35.290001, 34.360001, 34.75, 5465000.0, 29.308707, 0.5400009999999966, 0.9900019999999969, 1.0441286940479044, 0.0, 0.8, -0.5, 0.007084159617904234
'2009-11-27', 34.75, 35.77, 34.540001, 35.290001, 2158800.0, 29.764153, -0.8600009999999969, 1.0299989999999966, 1.028291033576673, 0.0, 0.5, -0.8, 0.008585136690647466
'2009-11-25', 35.610001, 35.919998, 35.490002, 35.790001, 4202200.0, 30.185861, 0.7000010000000003, 1.3899999999999935, 1.0303389780395367, -1.0, 0.1, -1.0, 0.0
'2009-11-24', 34.91, 35.5, 34.759998, 34.93, 5177600.0, 29.460522, 0.6100009999999969, 0.4799999999999969, 1.007962914331508, 0.0, 0.5, -0.8, 0.020051589802348908
'2009-11-23', 34.299999, 35.099998, 34.110001, 34.759998, 4809500.0, 29.31714, 0.5799979999999962, -1.7000010000000003, 1.0013377235816434, 0.0, 0.8, -0.5, 0.019096239623797032
'2009-11-20', 33.720001, 34.240002, 33.400002, 33.790001, 5894200.0, 28.499029, -0.5, -3.2099989999999963, 1.0034389960092778, 1.0, 1.0, -0.1, 0.018683273467281266
'2009-11-19', 34.220001, 34.220001, 32.959999, 33.919998, 7214100.0, 28.60867, -0.20999899999999627, -0.6999969999999962, 1.0000822670610103, 0.0, 0.8, 0.0, 0.01015487989027231
'2009-11-18', 34.43, 34.900002, 34.040001, 34.439999, 2912200.0, 29.047247, -1.5700000000000003, -1.4300009999999972, 1.0071659719016752, 0.0, 0.5, 0.0, 0.006854493174557056
'2009-11-17', 36.0, 36.02, 33.900002, 34.48, 8763400.0, 29.080985, -0.9299999999999997, 0.5499989999999997, 1.0437100309957406, 0.0, 0.1, 0.0, -0.0018055509259259403
'2009-11-16', 36.93, 37.099998, 35.720001, 35.990002, 6793700.0, 30.354545, 2.010002, 2.1599999999999966, 1.0351668419476805, 0.0, 0.0, 0.0, -0.005106181579049177
'2009-11-13', 34.919998, 35.650002, 34.580002, 35.560001, 4856200.0, 29.991875, -0.9400029999999973, 0.6499979999999965, 1.0063958529774237, 0.0, 0.0, 0.0, 0.002469942151772164
'2009-11-12', 35.860001, 36.110001, 34.799999, 35.0, 4441800.0, 29.519561, 0.4099999999999966, 2.0700000000000003, 1.082876748511955, 0.0, 0.0, 0.0, -0.0007746173174333648
'2009-11-11', 35.450001, 36.470001, 34.939999, 35.990002, 6334900.0, 30.354545, 0.6800009999999972, 2.5600019999999972, 1.0267089559478333, 0.0, 0.0, 0.0, 0.0004513399026420242
'2009-11-10', 34.77, 35.23, 34.639999, 34.970001, 4015700.0, 29.49426, 0.5, 1.6100000000000065, 0.9733770072399952, 0.0, 0.0, 0.0, 0.0021962533009124733
'2009-11-09', 34.27, 35.080002, 33.900002, 35.080002, 3201900.0, 29.587036, 0.4799990000000065, 1.2900000000000063, 0.9567293930662016, 0.0, 0.0, 0.0, 0.0032584403268164424
'2009-11-06', 33.790001, 34.200001, 33.209999, 33.919998, 2881800.0, 28.60867, 0.9000019999999935, 0.6900029999999973, 0.985921976359167, 0.0, 0.0, 0.0, 0.004143237521656185
'2009-11-05', 32.889999, 33.970001, 32.540001, 33.959999, 4356700.0, 28.642408, -0.2700009999999935, -0.8400009999999938, 1.0303083179003423, 0.0, 0.0, 0.0, 0.0059071408650044855
'2009-11-04', 33.16, 33.290001, 32.220001, 32.369999, 4054500.0, 27.301376, 0.17999999999999972, 0.9199979999999996, 1.039534097084506, 0.0, 0.0, -0.1, 0.0049256151990349824
'2009-11-03', 32.98, 33.220001, 31.98, 32.82, 4906100.0, 27.680914, -0.11999800000000249, -0.3400000000000034, 1.0429562604450064, 0.0, 0.1, -0.5, 0.00498408315645846
'2009-11-02', 33.099998, 33.43, 32.299999, 33.23, 4891200.0, 28.026714, -0.6300019999999975, -1.5600019999999972, 1.0408479396686978, 0.0, 0.5, -0.8, 0.004460641819196409
'2009-10-30', 33.73, 34.5, 32.59, 32.970001, 6329300.0, 27.807428, 1.489998, -0.8600000000000065, 1.0398023100577019, -1.0, 0.8, -1.0, 0.003096486806996739
'2009-10-29', 32.240002, 33.080002, 32.09, 32.869999, 4246000.0, 27.723084, -1.0799980000000033, -2.5999980000000065, 1.041115634201669, 1.0, 1.0, -0.8, 0.005501499919914789
'2009-10-28', 33.32, 33.470001, 31.690001, 31.83, 4369300.0, 26.845932, -1.3399999999999963, 0.07000000000000028, 1.0377645414817267, 0.0, 0.8, -0.5, 0.003436376050420163
'2009-10-27', 34.66, 34.66, 33.130001, 33.310001, 3582700.0, 28.094189, 0.06999999999999318, 1.25, 1.049106558596462, 0.0, 0.5, -0.1, 0.0013051974280768287
'2009-10-26', 34.59, 35.049999, 34.43, 34.549999, 4714800.0, 29.140023, -0.25, 0.7900010000000037, 1.047167925438843, 0.0, 0.1, 0.0, 0.0013403781965360372
'2009-10-23', 34.84, 34.84, 34.029999, 34.220001, 3367900.0, 28.861698, 1.5900000000000034, 0.5999980000000065, 1.0730973226864275, 0.0, 0.0, 0.0, 0.0009609157390305913
'2009-10-22', 33.25, 34.970001, 33.25, 34.82, 6331100.0, 29.367746, -0.1599999999999966, -1.0400009999999966, 1.0758826602072342, 0.0, 0.0, 0.0, 0.0029573947368421016
'2009-10-21', 33.41, 34.099998, 33.07, 33.139999, 6056600.0, 27.950807, -0.3899990000000031, -1.4599990000000034, 1.1126863629578685, 0.0, 0.0, 0.0, 0.002633943130799163
'2009-10-20', 33.799999, 34.5, 33.27, 33.41, 6653400.0, 28.17853, -0.44000299999999726, -1.119999, 1.1946277161252503, 0.0, 0.0, 0.0, 0.002059629100535223
'2009-10-19', 34.240002, 34.900002, 34.189999, 34.509998, 8554200.0, 29.106286, -0.04999899999999968, -0.18999800000000278, 1.2838500694746855, 0.0, 0.0, -0.1, 0.0014819129888982983
'2009-10-16', 34.290001, 34.57, 33.849998, 34.110001, 6369500.0, 28.768921, -0.5799980000000033, -0.3200000000000003, 1.427047026275283, 0.0, 0.0, -0.5, 0.0013748281063875488
'2009-10-15', 34.869999, 35.470001, 34.650002, 34.709999, 3953700.0, 29.27497, -0.04999899999999968, 0.9099999999999966, 1.5592139231680462, 0.0, 0.0, -0.8, 0.0007317840859366667
'2009-10-14', 34.919998, 35.189999, 34.57, 35.169998, 3373600.0, 29.66294, 0.48999799999999993, 1.3200000000000003, 1.6132335302329075, -1.0, 0.0, -1.0, 0.0
'2009-10-13', 34.43, 34.82, 34.16, 34.389999, 2627800.0, 29.005077, -0.1800009999999972, 1.7299989999999994, 1.5976850326508316, 0.0, 0.0, -0.8, 0.014231716526285215
'2009-10-12', 34.610001, 34.790001, 34.25, 34.5, 3406100.0, 29.097853, 0.6500019999999935, 2.2099989999999963, 1.614856838931987, 0.0, 0.0, -0.5, 0.004478430959883572
'2009-10-09', 33.959999, 34.650002, 33.779999, 34.5, 4170300.0, 29.097853, 0.360001000000004, 2.629999000000005, 1.5627189189219186, 0.0, 0.0, -0.1, 0.009422840874249301
'2009-10-08', 33.599998, 34.119999, 33.23, 34.049999, 4674000.0, 28.718315, 0.899996999999999, 2.229997000000001, 1.5573515729314336, 0.0, 0.1, 0.0, 0.009821429156037452
'2009-10-07', 32.700001, 33.52, 32.209999, 33.439999, 5192600.0, 28.203831, 0.2999989999999997, 0.030003000000000668, 1.5590152580682606, 0.0, 0.5, 0.0, 0.013577962887524067
'2009-10-06', 32.400002, 33.119999, 32.400002, 32.950001, 3945700.0, 27.790559, 1.0700020000000023, -0.8199990000000028, 1.6215253619288557, 0.0, 0.8, 0.0, 0.012962941586649691
'2009-10-05', 31.33, 32.419998, 31.200001, 32.25, 2978400.0, 27.200167, -0.040001000000000175, -1.490000000000002, 1.6551521907870788, 1.0, 1.0, 0.0, 0.016369513474077797
'2009-10-02', 31.370001, 31.799999, 31.040001, 31.08, 4348800.0, 26.21337, -1.2999970000000012, -0.5800000000000018, 1.691140799532989, 0.0, 0.8, 0.0, 0.014145668181521581
'2009-10-01', 32.669998, 33.0, 31.93, 32.049999, 6368400.0, 27.031483, -0.5500030000000038, 0.9499989999999983, 1.752538145852257, 0.0, 0.5, 0.0, 0.007652280848012295
'2009-09-30', 33.220001, 33.34, 32.32, 32.919998, 3660200.0, 27.765254, 0.40000100000000316, 0.75, 1.8020052094388928, 0.0, 0.1, 0.0, 0.005117389972384396
'2009-09-29', 32.82, 33.330002, 32.669998, 33.080002, 3042200.0, 27.900204, 0.869999, -0.02999799999999908, 1.814047711071819, 0.0, 0.0, 0.0, 0.005816846712093511
'2009-09-28', 31.950001, 32.66, 31.85, 32.599998, 2094100.0, 27.495361, 0.23000199999999893, -1.3299979999999962, 1.8158514272558637, 0.0, 0.0, 0.0, 0.00774647080605725
'2009-09-25', 31.719999, 31.98, 31.41, 31.67, 2501000.0, 26.710986, -0.7500020000000021, -1.600000999999999, 1.794949543469248, 0.0, 0.0, 0.0, 0.007760207345238853
'2009-09-24', 32.470001, 32.689999, 31.59, 31.75, 4023300.0, 26.778459, -0.3799969999999959, -0.3999979999999965, 1.773925206127303, 0.0, 0.0, -0.1, 0.005389583625645266
'2009-09-23', 32.849998, 33.060001, 32.349998, 32.349998, 3309400.0, 27.284507, -0.4300009999999972, 0.509997999999996, 1.7229131162076818, 0.0, 0.0, -0.5, 0.004200913497772512
'2009-09-22', 33.279999, 33.279999, 32.59, 32.700001, 3928800.0, 27.579705, -0.04000100000000373, 0.7999989999999997, 1.6509476698753944, 0.0, 0.0, -0.8, 0.0030799260991564393
'2009-09-21', 33.32, 33.669998, 32.91, 33.009998, 5195800.0, 27.841162, 0.4500010000000003, 1.4100000000000001, 1.5346061760668477, -1.0, 0.0, -1.0, 0.0
'2009-09-18', 32.869999, 33.799999, 32.810001, 33.630001, 5184000.0, 28.364082, 0.5299989999999966, 1.6299990000000015, 1.3962146132550617, 0.0, 0.0, -0.8, 0.013690325941293772
'2009-09-17', 32.34, 33.330002, 32.34, 32.900002, 4713500.0, 27.748389, -0.13999999999999346, 1.139999000000003, 1.2735958998050814, 0.0, 0.0, -0.5, 0.015151515151515102
'2009-09-16', 32.48, 32.560001, 31.940001, 32.48, 6025100.0, 27.394152, 0.5699999999999967, 1.1099989999999984, 1.1717066286690558, 0.0, 0.0, -0.1, 0.008620689655172448
'2009-09-15', 31.91, 32.57, 31.77, 32.25, 3297500.0, 27.200167, 0.6700000000000017, 1.4800000000000004, 1.0383702562725157, 0.0, 0.0, 0.0, 0.011046693826386714
'2009-09-14', 31.24, 31.940001, 30.860001, 31.85, 2951100.0, 26.862801, 0.03999899999999812, 1.259999999999998, 0.9375872113985768, 0.0, 0.0, 0.0, 0.01331626120358516
'2009-09-11', 31.200001, 31.709999, 31.17, 31.469999, 3457200.0, 26.542302, -0.16999999999999815, 2.380001, 0.8739740026646894, 0.0, 0.0, 0.0, 0.011324780619932244
'2009-09-10', 31.370001, 31.73, 30.879999, 31.24, 5340900.0, 26.348317, 0.9400009999999988, 2.8700009999999985, 0.8009715635820487, 0.0, 0.0, 0.0, 0.008880180963790407
'2009-09-09', 30.43, 31.280001, 30.209999, 31.27, 4869000.0, 26.37362, 0.4499999999999993, 1.6999999999999993, 0.7222710020948437, 0.0, 0.1, 0.0, 0.011871508379888271
'2009-09-08', 29.98, 30.459999, 29.719999, 30.42, 4512500.0, 25.656716, 1.1600000000000001, 0.5800000000000018, 0.7918377232042635, 0.0, 0.5, 0.0, 0.012378622785560744
'2009-09-04', 28.82, 29.82, 28.82, 29.629999, 2338800.0, 24.990416, 0.3200000000000003, -0.13000100000000003, 0.773833092698922, 0.0, 0.8, 0.0, 0.015614156835530881
'2009-09-03', 28.5, 29.02, 28.24, 28.940001, 2787200.0, 24.408461, -0.23000000000000043, -1.25, 0.7735170673979848, 1.0, 1.0, 0.0, 0.015374800637958534
'2009-09-02', 28.73, 28.73, 28.16, 28.23, 3861300.0, 23.746379, -0.6699999999999982, -0.4299999999999997, 0.7725199128684254, 0.0, 0.8, -0.1, 0.013313609467455622
'2009-09-01', 29.4, 29.99, 28.77, 28.9, 6201900.0, 24.309966, 0.44999899999999826, 0.3299999999999983, 0.8004203668909431, 0.0, 0.5, -0.5, 0.010256410256410262
'2009-08-31', 28.950001, 29.08, 28.219999, 28.290001, 3240400.0, 23.796851, -0.7999989999999997, 0.6100010000000005, 0.8560547037040694, 0.0, 0.1, -0.8, 0.010782133849124416
'2009-08-28', 29.75, 29.790001, 29.110001, 29.27, 3296900.0, 24.621202, 0.5899999999999999, 0.9299999999999997, 0.9241871368941081, -1.0, 0.0, -1.0, 0.0
'2009-08-27', 29.16, 29.440001, 28.709999, 29.25, 2371700.0, 24.604378, 0.08999999999999986, 0.11999899999999997, 1.0252465535667825, 0.0, 0.0, -0.8, 0.02023319615912208
'2009-08-26', 29.07, 29.5, 28.99, 29.309999, 2696900.0, 24.654848, 0.7300000000000004, 0.75, 1.1108444994990216, 0.0, 0.0, -0.5, 0.011695906432748532
'2009-08-25', 28.34, 29.440001, 28.02, 29.26, 5193100.0, 24.61279, -0.4800000000000004, 0.5799999999999983, 1.2284829338662364, 0.0, 0.0, -0.1, 0.016584333098094567
'2009-08-24', 28.82, 28.879999, 27.959999, 28.030001, 4433900.0, 23.578145, -0.2200009999999999, 1.119999, 1.4709037676659642, 0.0, 0.0, 0.0, 0.008067314365024286
'2009-08-21', 29.040001, 29.200001, 28.360001, 28.75, 3293100.0, 24.18379, 0.7200009999999999, 1.0899999999999999, 1.6980036072990525, 0.0, 0.1, 0.0, 0.004889800107100546
'2009-08-20', 28.32, 28.76, 28.200001, 28.74, 3095400.0, 24.175378, 0.5599999999999987, -1.25, 1.8613501167344264, 0.0, 0.5, 0.0, 0.008415725047080977
'2009-08-19', 27.76, 28.4, 27.559999, 28.17, 2651000.0, 23.695909, 0.059999000000001246, -2.459999, 1.9721740815997781, 0.0, 0.8, 0.0, 0.010240839851790851
'2009-08-18', 27.700001, 28.24, 27.66, 28.139999, 2535600.0, 23.670673, -0.25, -2.3499979999999994, 2.083174752636669, 1.0, 1.0, 0.0, 0.009250897680473007
'2009-08-17', 27.950001, 28.0, 27.209999, 27.709999, 4248300.0, 23.308967, -1.619999, -1.379998999999998, 2.129659142471327, 0.0, 0.8, 0.0, 0.007155630831243579
'2009-08-14', 29.57, 29.57, 28.34, 28.549999, 4953800.0, 24.015555, -0.6499990000000011, -0.5, 2.160000906831223, 0.0, 0.5, 0.0, 0.0006087250591816021
'2009-08-13', 30.219999, 30.24, 28.799999, 29.17, 6997700.0, 24.537084, 0.1700000000000017, 0.5199980000000011, 2.1332972750495722, 0.0, 0.1, 0.0, -0.0014138710533439112
'2009-08-12', 30.049999, 30.24, 29.59, 29.83, 4551600.0, 25.09226, 0.7199990000000014, 0.75, 2.0722558305706165, 0.0, 0.0, 0.0, -0.0008319440099371265
'2009-08-11', 29.33, 30.030001, 29.190001, 29.85, 4262200.0, 25.109084, -0.740000000000002, -0.12000100000000202, 2.015903877751584, 0.0, 0.0, 0.0, 0.0011015237745548054
'2009-08-10', 30.07, 30.09, 29.48, 29.68, 3341000.0, 24.966084, 0.36999899999999997, 0.4800000000000004, 1.9790136516289918, 0.0, 0.0, 0.0, -0.0007601311226186524
'2009-08-07', 29.700001, 30.610001, 29.690001, 30.389999, 3667400.0, 25.563317, 0.40000200000000063, -0.1799980000000012, 1.912083087804306, 0.0, 0.0, 0.0, 0.00011223119711903867
'2009-08-06', 29.299999, 29.68, 28.9, 29.43, 2420200.0, 24.75579, -0.15000200000000063, 0.26999800000000107, 1.8698096861090567, 0.0, 0.0, -0.1, 0.000959899776788389
'2009-08-05', 29.450001, 29.82, 28.91, 29.299999, 2426500.0, 24.646436, -0.13999899999999954, 0.26000000000000156, 1.8323427680614799, 0.0, 0.0, -0.5, 0.0005992189949331404
'2009-08-04', 29.59, 29.879999, 29.07, 29.309999, 4060900.0, 24.654848, -0.28999900000000167, 1.4600009999999983, 1.7644395651879143, 0.0, 0.0, -0.8, 0.0003004017873906352
'2009-08-03', 29.879999, 29.9, 29.0, 29.9, 4975200.0, 25.151142, 0.8499980000000029, 3.029999, 1.681239419198588, -1.0, 0.0, -1.0, 0.0
'2009-07-31', 29.030001, 29.76, 28.790001, 29.59, 4142400.0, 24.890378, -0.16000000000000014, 0.37000099999999847, 1.5699758435368945, 0.0, 0.1, -0.8, 0.029279985212539366
'2009-07-30', 29.190001, 29.969999, 29.0, 29.17, 4619100.0, 24.537084, 1.0600019999999972, 0.1000009999999989, 1.4946184924590267, 0.0, 0.5, -0.5, 0.011819081472453578
'2009-07-29', 28.129999, 29.209999, 28.120001, 28.889999, 6633900.0, 24.301554, 1.279999, -0.41999999999999815, 1.3974467792213232, 0.0, 0.8, -0.1, 0.020737054890522154
'2009-07-28', 26.85, 28.139999, 26.370001, 28.049999, 12525500.0, 23.594967, -1.8099999999999987, -0.9499989999999983, 1.3589398978780813, 1.0, 1.0, -0.5, 0.02821228119180633
'2009-07-27', 28.66, 28.77, 27.49, 28.43, 6936500.0, 23.914615, -0.4299999999999997, 1.4699990000000014, 1.3562436153338366, 0.0, 0.8, -0.8, 0.008513600837404057
'2009-07-24', 29.09, 29.4, 28.59, 29.309999, 3454000.0, 24.654848, 0.5400010000000002, 2.149999000000001, 1.2755084414200462, -1.0, 0.5, -1.0, 0.0
'2009-07-23', 28.549999, 29.48, 28.17, 29.23, 4940400.0, 24.587554, 0.75, 2.419999999999998, 1.1989929219883828, 0.0, 0.1, -0.8, 0.01891422132799375
'2009-07-22', 27.799999, 28.790001, 27.450001, 28.42, 5337600.0, 23.906203, 0.6099980000000009, 1.5499989999999997, 1.1803815672063038, 0.0, 0.0, -0.5, 0.023201457669117187
'2009-07-21', 27.190001, 27.51, 26.879999, 27.48, 5072000.0, 23.115497, 0.25, 1.5700000000000003, 1.1487745653522958, 0.0, 0.0, -0.1, 0.023292864167235607
'2009-07-20', 26.940001, 27.17, 26.620001, 27.07, 3023600.0, 22.770616, 0.8100019999999972, 2.9600009999999983, 1.1376948373503897, 0.0, 0.0, 0.0, 0.01995173459718878
'2009-07-17', 26.129999, 26.709999, 26.07, 26.629999, 4035000.0, 22.400498, -0.12000099999999847, 2.5599990000000012, 1.1487056501415245, 0.0, 0.0, 0.0, 0.02265595953524528
'2009-07-16', 26.25, 26.299999, 25.49, 26.200001, 4530000.0, 22.038794, 0.6299990000000015, 2.459999, 1.1878302726682053, 0.0, 0.1, 0.0, 0.01803174603174603
'2009-07-15', 25.620001, 26.35, 25.219999, 26.309999, 5876100.0, 22.131322, 1.640000999999998, 1.2900010000000002, 1.2170290974337326, 0.0, 0.5, 0.0, 0.01934871676457558
'2009-07-14', 23.98, 24.860001, 23.620001, 24.77, 6027500.0, 20.835913, 0.41000000000000014, -0.14000099999999804, 1.287556994466791, 0.0, 0.8, 0.0, 0.026636780650542115
'2009-07-13', 23.57, 23.99, 22.940001, 23.85, 7239700.0, 20.062032, -0.2200009999999999, -1.6999999999999993, 1.2238134048222518, 1.0, 1.0, 0.0, 0.026021779097723092
'2009-07-10', 23.790001, 24.08, 23.43, 23.559999, 5802400.0, 19.81809, -0.5399989999999981, -1.8200000000000003, 1.124684517542792, 0.0, 0.8, -0.1, 0.022278263040005755
'2009-07-09', 24.33, 24.58, 23.6, 23.860001, 5696800.0, 20.070444, 0.20999899999999982, -2.3400000000000034, 1.0219718743685886, 0.0, 0.5, -0.5, 0.017785748981803243
'2009-07-08', 24.120001, 24.42, 23.709999, 24.200001, 8709600.0, 20.356443, -1.149999000000001, -2.990000000000002, 0.9596747123898253, 0.0, 0.1, -0.8, 0.017171084832597373
'2009-07-07', 25.27, 25.27, 23.969999, 24.030001, 6194100.0, 20.213443, -0.3400010000000009, -1.3000000000000007, 0.9492865379386687, -1.0, 0.0, -1.0, 0.0
'2009-07-06', 25.610001, 25.879999, 24.790001, 25.18, 6734900.0, 21.180795, -1.0599990000000012, -1.4499980000000008, 1.0104669337162147, 0.0, 0.0, -0.8, -0.013276102566337303
'2009-07-02', 26.67, 27.040001, 25.799999, 25.799999, 5034100.0, 21.702323, -0.44000099999999875, 0.5, 1.079857933104804, 0.0, 0.0, -0.5, -0.026246719160105025
'2009-07-01', 27.110001, 27.799999, 26.98, 27.040001, 5202200.0, 22.745381, 0.5400010000000002, 1.740000000000002, 1.0960115627737976, 0.0, 0.0, -0.1, -0.022623889488851988
'2009-06-30', 26.57, 27.280001, 26.530001, 26.879999, 4451500.0, 22.610792, -0.48999900000000096, 1.0899999999999999, 1.1123709760888871, 0.0, 0.1, 0.0, -0.012231840421528046
'2009-06-29', 27.059999, 27.16, 26.41, 26.59, 3033200.0, 22.366852, 0.8899989999999995, 0.5699990000000028, 1.2013996111020218, 0.0, 0.5, 0.0, -0.013229852669248079
'2009-06-26', 26.17, 27.24, 26.16, 26.93, 4414300.0, 22.652852, 0.7999990000000032, -0.030000999999998612, 1.3072731408038643, 0.0, 0.8, 0.0, -0.005731753916698523
'2009-06-25', 25.370001, 26.370001, 25.290001, 26.24, 3996400.0, 22.07244, -0.10999900000000196, -0.37999900000000153, 1.4539070191118673, 1.0, 1.0, 0.0, -0.0005631003776017583
'2009-06-24', 25.48, 26.02, 25.139999, 25.360001, 5368800.0, 21.332207, -1.009999999999998, -0.630001, 1.536479895808193, 0.0, 0.8, 0.0, -0.0010302197802197844
'2009-06-23', 26.49, 26.530001, 25.02, 25.129999, 6431500.0, 21.138735, 0.2899989999999981, 0.2899989999999981, 1.5385192697960917, 0.0, 0.5, 0.0, -0.0051172350153097556
'2009-06-22', 26.200001, 26.98, 25.75, 26.459999, 7651400.0, 22.257498, 0.4500010000000003, -0.7099989999999998, 1.5360502614174432, 0.0, 0.1, 0.0, -0.0035496220019228275
'2009-06-19', 25.75, 26.360001, 25.6, 26.24, 4903800.0, 22.07244, -0.36000100000000046, 0.059999000000001246, 1.5349129745582524, 0.0, 0.0, 0.0, -0.001694616063548104
'2009-06-18', 26.110001, 26.25, 25.059999, 25.440001, 5786700.0, 21.399501, -0.08999999999999986, -0.2999989999999997, 1.5365936462190104, 0.0, 0.0, 0.0, -0.002680968236398513
'2009-06-17', 26.200001, 26.75, 25.549999, 26.27, 5243600.0, 22.097676, -0.7099989999999998, -1.7299989999999994, 1.535711349035409, 0.0, 0.0, 0.0, -0.0027304784630175593
'2009-06-16', 26.91, 27.4, 26.030001, 26.24, 7878400.0, 22.07244, 1.2199990000000014, -1.3599999999999994, 1.5356791154117144, 0.0, 0.0, 0.0, -0.004353134787917398
'2009-06-15', 25.690001, 26.950001, 25.530001, 26.83, 7794600.0, 22.568734, -0.7199990000000014, -1.3099990000000012, 1.5252115843240173, 0.0, 0.0, 0.0, -0.001089920808748377
'2009-06-12', 26.41, 26.559999, 25.219999, 26.120001, 7407900.0, 21.9715, -1.5199999999999996, -0.3999990000000011, 1.5416540193717427, 0.0, 0.0, 0.0, -0.0026978417266187065
'2009-06-11', 27.93, 27.969999, 26.709999, 26.790001, 5775900.0, 22.535088, -0.33999999999999986, 0.6499990000000011, 1.5456077145685896, 0.0, 0.0, 0.0, -0.0056022408963585435
'2009-06-10', 28.27, 28.52, 27.17, 27.85, 5617000.0, 23.426733, 1.2699999999999996, 0.5799990000000008, 1.5164779536810307, 0.0, 0.0, 0.0, -0.005895531187359981
'2009-06-09', 27.0, 28.1, 26.83, 27.940001, 5266200.0, 23.502439, 0.19000099999999875, -0.5400010000000002, 1.5629535008013746, 0.0, 0.0, 0.0, -0.0033723196881091625
'2009-06-08', 26.809999, 27.1, 26.110001, 26.83, 4055900.0, 22.568734, -0.47000199999999737, -1.7000010000000003, 1.6333089900568738, 0.0, 0.0, 0.0, -0.0028720609053361056
'2009-06-05', 27.280001, 27.959999, 26.43, 26.92, 6677900.0, 22.64444, -0.41000000000000014, 0.47000199999999737, 1.6553371261201428, 0.0, 0.0, 0.0, -0.0035085898029598053
'2009-06-04', 27.690001, 27.690001, 26.309999, 26.940001, 10229800.0, 22.661264, 0.14999999999999858, 2.140001999999999, 1.644997202564486, 0.0, 0.0, 0.0, -0.00397255476641353
'2009-06-03', 27.540001, 27.99, 27.190001, 27.690001, 6610400.0, 23.229056, -0.9699990000000014, 1.5500010000000017, 1.7890062837416698, 0.0, 0.0, 0.0, -0.0035837215711130126
'2009-06-02', 28.51, 28.51, 27.370001, 27.9, 7982200.0, 23.405224, 1.7000010000000003, 2.9500010000000003, 1.865667124650178, 0.0, 0.0, 0.0, -0.004735180638372504
'2009-06-01', 26.809999, 28.74, 26.459999, 28.360001, 7969300.0, 23.791117, 1.2600000000000016, 2.5599990000000012, 1.936780570924756, 0.0, 0.0, 0.0, -0.0022976487242688842
'2009-05-29', 25.549999, 26.309999, 25.549999, 26.27, 4996600.0, 22.037823, -0.44000099999999875, 1.3299999999999983, 2.0664337386479916, 0.0, 0.0, 0.0, -0.0004214948230601618
'2009-05-28', 25.99, 26.09, 24.66, 25.41, 4596400.0, 21.316371, 0.4300009999999972, 1.8099999999999987, 2.2290692597485724, 0.0, 0.0, 0.0, -0.0010260356547390007
'2009-05-27', 25.559999, 26.41, 25.309999, 25.450001, 5680700.0, 21.349928, 1.3099990000000012, 0.26000000000000156, 2.3768350804660066, 0.0, 0.0, 0.0, -0.0004052076505502681
'2009-05-26', 24.25, 25.83, 24.17, 25.51, 6028800.0, 21.400261, 0.030000999999998612, -0.75, 2.501408039684957, 0.0, 0.0, -0.1, 0.0014504088162104508
'2009-05-22', 24.219999, 24.74, 23.559999, 24.35, 3894600.0, 20.427141, 0.03999900000000167, 0.5, 2.606528855479061, 0.0, 0.0, -0.5, 0.0014450881411404383
'2009-05-21', 24.18, 24.809999, 23.690001, 24.09, 5663500.0, 20.209027, -1.119999, 1.0400010000000002, 2.7136491427597154, 0.0, 0.0, -0.8, 0.0014541476560207046
'2009-05-20', 25.299999, 25.99, 24.48, 24.59, 6255700.0, 20.628476, 0.2999989999999997, 2.7999989999999997, 2.8728867500517286, -1.0, 0.0, -1.0, 0.0
'2009-05-19', 25.0, 25.65, 24.469999, 25.0, 6685200.0, 20.972423, 1.2800009999999986, 1.8799990000000015, 2.946163338287144, 0.0, 0.1, -0.8, 0.011999959999999987
'2009-05-18', 23.719999, 25.01, 23.41, 24.99, 7244400.0, 20.964034, 0.5800000000000018, -1.5600019999999972, 2.9695618850412115, 0.0, 0.5, -0.5, 0.033305229060085505
'2009-05-15', 23.139999, 24.110001, 23.01, 23.139999, 5974900.0, 19.412074, 0.6399989999999995, -2.230001999999999, 3.029648475604708, 0.0, 0.8, -0.1, 0.031114953807906392
'2009-05-14', 22.5, 23.709999, 22.35, 23.25, 4980900.0, 19.504354, -0.6200009999999985, -3.5300009999999986, 3.108203227393335, 1.0, 1.0, 0.0, 0.031111099999999996
'2009-05-13', 23.120001, 23.35, 22.01, 22.73, 9597200.0, 19.068127, -2.16, -3.0899980000000014, 3.232159866157701, 0.0, 0.8, 0.0, 0.018858113371188878
'2009-05-12', 25.280001, 25.559999, 23.610001, 23.950001, 8808900.0, 20.091582, -0.08999999999999986, -0.4499990000000018, 3.3240421430308325, 0.0, 0.5, 0.0, 0.00013184334921506445
'2009-05-11', 25.370001, 25.790001, 24.610001, 25.049999, 7269000.0, 21.014367, -0.6600000000000001, -0.01999800000000107, 3.3065610938960788, 0.0, 0.1, 0.0, -0.00039417758455293487
'2009-05-08', 26.030001, 26.26, 25.02, 26.030001, 7331200.0, 21.836488, -0.1799980000000012, 0.9000019999999971, 3.2486850050102287, 0.0, 0.0, 0.0, -0.0035055799652101384
'2009-05-07', 26.209999, 26.48, 25.58, 25.92, 9755300.0, 21.744208, 0.4799989999999994, 1.7399999999999984, 3.1346987368947237, 0.0, 0.0, 0.0, -0.0038577304452057067
'2009-05-06', 25.73, 25.950001, 24.83, 25.860001, 9172000.0, 21.693875, 0.3400010000000009, 1.0500000000000007, 2.9834236251737543, 0.0, 0.0, 0.0, -0.0016712048192771113
'2009-05-05', 25.389999, 25.75, 24.57, 25.42, 5514400.0, 21.32476, 0.259999999999998, 1.5599990000000012, 2.852667141209047, 0.0, 0.0, 0.0, -0.00032224570713130666
'2009-05-04', 25.129999, 25.83, 24.719999, 25.48, 6312500.0, 21.375093, 0.6600000000000001, 3.3099990000000012, 2.7350716347434503, 0.0, 0.0, 0.0, 0.0005637352658337357
'2009-05-01', 24.469999, 25.15, 23.950001, 24.85, 6561200.0, 20.846589, -0.21000099999999833, 2.449999000000002, 2.587827018948601, 0.0, 0.0, 0.0, 0.0026091604599637994
'2009-04-30', 24.68, 25.4, 24.33, 24.5, 8280600.0, 20.552975, 0.8500000000000014, 1.9499999999999993, 2.4350549521612055, 0.0, 0.0, 0.0, 0.0017943939569344755
'2009-04-29', 23.83, 24.75, 23.200001, 24.33, 11100800.0, 20.410362, 2.009999999999998, 1.0999999999999979, 2.24812017202035, 0.0, 0.0, 0.0, 0.004112460483983778
'2009-04-28', 21.82, 23.809999, 21.76, 23.48, 13185900.0, 19.6973, -0.1999999999999993, 2.0200010000000006, 2.1234522980855517, 0.0, 0.0, 0.0, 0.009967916475710355
'2009-04-27', 22.02, 22.709999, 21.889999, 22.139999, 5845600.0, 18.573178, -0.7100000000000009, 1.8399999999999999, 2.0789184981780866, 0.0, 0.0, 0.0, 0.008762085270075333
'2009-04-24', 22.73, 23.290001, 22.040001, 22.52, 9847100.0, 18.891959, 0.0, 3.7899990000000017, 2.009426071958616, 0.0, 0.0, 0.0, 0.0062814660018575535
'2009-04-23', 22.73, 23.27, 21.52, 22.24, 10639200.0, 18.657068, 2.9300010000000007, 3.8000000000000007, 1.876129805512854, 0.0, 0.0, 0.0, 0.005950862528075577
'2009-04-22', 19.799999, 23.52, 19.76, 22.799999, 15073100.0, 19.126849, -0.38000100000000003, 1.1600000000000001, 1.7459802601341583, 0.0, 0.0, 0.0, 0.01388888959034796
'2009-04-21', 20.18, 21.620001, 19.969999, 20.92, 25609600.0, 17.549724, 1.239999000000001, 2.040001, 1.8919547984147964, 0.0, 0.0, 0.0, 0.012081738166029544
'2009-04-20', 18.940001, 19.1, 18.0, 18.23, 5280200.0, 15.293091, 0.010000999999999038, 0.75, 1.9904774964817684, 0.0, 0.0, 0.0, 0.015263505961896108
'2009-04-17', 18.93, 19.49, 18.57, 19.299999, 5133400.0, 16.19071, 0.2900010000000002, 0.2699999999999996, 2.0559923420361783, 0.0, 0.0, 0.0, 0.014630558809343348
'2009-04-16', 18.639999, 19.09, 17.860001, 18.889999, 7332900.0, 15.846762, 0.5, 0.33999999999999986, 2.0681365931840587, 0.0, 0.0, -0.1, 0.014887339854471025
'2009-04-15', 18.139999, 18.74, 17.809999, 18.219999, 5938500.0, 15.284701, -0.050001999999999214, 1.0899999999999999, 2.0634207171696, 0.0, 0.0, -0.5, 0.015788313990535503
'2009-04-14', 18.190001, 18.559999, 17.879999, 18.25, 6791900.0, 15.309869, -0.4699990000000014, 0.6600000000000001, 2.068924014092618, 0.0, 0.1, -0.8, 0.01503361443127252
'2009-04-13', 18.66, 18.799999, 18.09, 18.469999, 5745500.0, 15.494426, 0.36000100000000046, 0.28999900000000167, 2.0478850297807725, -1.0, 0.5, -1.0, 0.0
'2009-04-09', 18.299999, 19.030001, 17.969999, 18.860001, 5377900.0, 15.821597, 1.25, 0.31999899999999926, 1.9960650754255305, 0.0, 0.8, -0.8, 0.01967218686733264
'2009-04-08', 17.049999, 17.68, 17.049999, 17.65, 4716600.0, 14.80653, -0.48000199999999893, -0.4500010000000003, 1.9296831374491803, 1.0, 1.0, -0.5, 0.04721410834100344
'2009-04-07', 17.530001, 17.68, 16.91, 16.93, 4759600.0, 14.202525, -0.8399999999999999, 1.100000999999999, 1.9062553880317599, 0.0, 0.8, -0.8, 0.02148695446927435
'2009-04-06', 18.370001, 18.450001, 17.4, 17.860001, 4718900.0, 14.9827, 0.39000099999999804, 1.8399999999999999, 1.872040604497931, -1.0, 0.3, -1.0, 0.0
'2009-04-03', 17.98, 18.65, 17.860001, 18.65, 5191700.0, 15.645427, 0.4800000000000004, 0.9399990000000003, 1.7708856027423292, 0.0, 0.3, -0.8, 0.02169082313681858
'2009-04-02', 17.5, 18.620001, 17.190001, 17.92, 6807200.0, 15.033033, 1.0700000000000003, 0.0799999999999983, 1.6853279121221012, 0.0, 0.8, -0.5, 0.024857171428571384
'2009-04-01', 16.43, 17.09, 16.25, 17.0, 4295100.0, 14.261248, -0.1000009999999989, -0.8300000000000018, 1.6067057979190618, 1.0, 1.0, -0.1, 0.03935891661594641
'2009-03-31', 16.530001, 16.98, 16.110001, 16.700001, 5238100.0, 14.009579, -0.5100000000000016, -0.47999900000000295, 1.56864268210877, 0.0, 0.8, -0.5, 0.027828189484078072
'2009-03-30', 17.040001, 17.299999, 16.1, 16.370001, 5676300.0, 13.732743, -0.37999900000000153, 0.7700010000000006, 1.5296754050015644, 0.0, 0.5, -0.8, 0.015610327722398587
'2009-03-27', 17.42, 17.76, 17.16, 17.48, 4144800.0, 14.663918, 0.16000000000000014, 1.870000000000001, 1.4471621271378765, -1.0, 0.1, -1.0, 0.0
'2009-03-26', 17.26, 18.0, 17.26, 17.76, 5677700.0, 14.89881, 0.25, 1.620000000000001, 1.3241283925662197, 0.0, 0.0, -0.8, 0.009269988412514491
'2009-03-25', 17.01, 17.719999, 16.49, 17.18, 10338400.0, 14.41225, 0.740000000000002, 1.1000000000000014, 1.195203422946162, 0.0, 0.0, -0.5, 0.0120517342739565
'2009-03-24', 16.27, 17.16, 16.16, 16.799999, 7341200.0, 14.093468, 0.7199999999999989, 1.0999999999999996, 1.0788893466070661, 0.0, 0.0, -0.1, 0.023560745748822005
'2009-03-23', 15.55, 16.540001, 15.13, 16.51, 5339700.0, 13.850189, -0.08999999999999986, 1.200000000000001, 1.0541903686399974, 0.0, 0.0, 0.0, 0.03006430868167204
'2009-03-20', 15.64, 15.88, 14.84, 15.03, 7612700.0, 12.608621, -0.2699999999999996, 0.7400000000000002, 1.0379533815264645, 0.0, 0.0, 0.0, 0.022762148337595923
'2009-03-19', 15.91, 15.94, 15.29, 15.61, 5550300.0, 13.095181, 0.7400000000000002, 1.3599999999999994, 0.999974499674867, 0.0, 0.0, 0.0, 0.015818143725120484
'2009-03-18', 15.17, 16.1, 14.97, 15.8, 7863100.0, 13.254572, 0.8200000000000003, 1.25, 0.9494408295880733, 0.0, 0.0, 0.0, 0.02118843582258218
'2009-03-17', 14.35, 15.27, 14.03, 15.27, 5329300.0, 12.809957, -0.5500000000000007, 1.3599999999999994, 0.9204943720028324, 0.0, 0.0, 0.0, 0.026742160278745663
'2009-03-16', 14.9, 14.9, 14.35, 14.35, 5256500.0, 12.038171, 0.34999999999999964, 3.030000000000001, 0.9210310647433247, 0.0, 0.0, 0.0, 0.018791946308724845
'2009-03-13', 14.55, 14.79, 14.06, 14.69, 7008900.0, 12.323396, 0.6300000000000008, 2.9400000000000013, 0.9217823315005916, 0.0, 0.0, 0.0, 0.019725085910652928
'2009-03-12', 13.92, 14.58, 13.73, 14.46, 8475600.0, 12.13045, 0.9299999999999997, 1.459999999999999, 0.9399397143788886, 0.0, 0.1, 0.0, 0.022857889237199593
'2009-03-11', 12.99, 14.35, 12.89, 13.99, 10618200.0, 11.736168, 1.120000000000001, -0.03999999999999915, 0.9546657355675161, 0.0, 0.5, 0.0, 0.028419296895047484
'2009-03-10', 11.87, 13.21, 11.87, 13.15, 8769500.0, 11.031494, 0.2599999999999998, -1.4400000000000013, 0.9440532588554291, 0.0, 0.8, 0.0, 0.035966560819130335
'2009-03-09', 11.61, 11.98, 11.46, 11.73, 11392800.0, 9.840261, -0.8500000000000014, -1.6100000000000012, 0.8605249689708151, 1.0, 1.0, 0.0, 0.035745047372954364
'2009-03-06', 12.46, 12.46, 11.41, 11.8, 12831500.0, 9.898984, -0.5699999999999985, -1.0899999999999999, 0.7316416852227294, 0.0, 0.8, 0.0, 0.0265382557517389
'2009-03-05', 13.03, 13.48, 12.16, 12.28, 8405300.0, 10.301654, -0.28000000000000114, -0.3500000000000014, 0.6643366783658886, 0.0, 0.5, -0.1, 0.02105717574827323
'2009-03-04', 13.31, 13.63, 13.03, 13.37, 7001300.0, 11.216052, 0.08999999999999986, -0.7799999999999994, 0.7223364097765589, 0.0, 0.1, -0.5, 0.018164140186502854
'2009-03-03', 13.22, 13.39, 12.71, 13.01, 9922400.0, 10.914049, -0.33000000000000007, -0.9699999999999989, 0.8458208373461183, 0.0, 0.0, -0.8, 0.017650025214321737
'2009-03-02', 13.55, 13.92, 12.96, 13.0, 6847400.0, 10.90566, 0.16999999999999993, 0.05000000000000071, 0.9439737247049651, -1.0, 0.0, -1.0, 0.0
'2009-02-27', 13.38, 14.37, 13.38, 13.98, 8038300.0, 11.727779, -0.7099999999999991, -0.48999999999999844, 0.9618702636011088, 0.0, 0.0, -0.8, 0.012705530642750368
'2009-02-26', 14.09, 14.49, 13.56, 13.59, 7364500.0, 11.400609, -0.09999999999999964, 0.6199999999999992, 0.9891939275098127, 0.0, 0.0, -0.5, -0.019162526614620267
'2009-02-25', 14.19, 14.54, 13.55, 13.86, 10091200.0, 11.627111, 0.6899999999999995, 0.3699999999999992, 1.077088495074703, 0.0, 0.1, -0.1, -0.015034061545689424
'2009-02-24', 13.5, 14.41, 13.22, 14.27, 8144300.0, 11.97106, -0.3699999999999992, -0.7400000000000002, 1.2106251124293361, 0.0, 0.5, 0.0, 0.0009259259259259391
'2009-02-23', 13.87, 14.03, 13.26, 13.36, 8261700.0, 11.207663, 0.3999999999999986, 0.35999999999999943, 1.417926747332209, 0.0, 0.8, 0.0, -0.004614275414563785
'2009-02-20', 13.47, 14.0, 13.36, 13.74, 7029600.0, 11.526444, -0.34999999999999964, -0.7299999999999986, 1.7592368042547717, 1.0, 1.0, 0.0, 0.0009898539965355118
'2009-02-19', 13.82, 14.16, 13.56, 13.75, 5518700.0, 11.534833, -0.41999999999999993, -0.379999999999999, 2.031708586945176, 0.0, 0.8, 0.0, -0.0027909861484391105
'2009-02-18', 14.24, 14.37, 13.44, 13.67, 6269500.0, 11.467721, 0.7300000000000004, -0.20999999999999908, 2.2703111490621035, 0.0, 0.5, 0.0, -0.006056882022471906
'2009-02-17', 13.51, 14.27, 13.33, 13.97, 8893900.0, 11.71939, -0.6899999999999995, -1.4700000000000006, 2.4802170026476227, 0.0, 0.1, 0.0, 0.00032897442223867854
'2009-02-13', 14.2, 14.49, 13.91, 13.97, 3864500.0, 11.71939, 0.0, -1.6900000000000013, 2.5622514930341422, 0.0, 0.0, 0.0, -0.004577464788732384
'2009-02-12', 14.2, 14.38, 13.72, 14.29, 6026600.0, 11.987837, -0.25, -0.9800000000000004, 2.618897614179617, 0.0, 0.0, -0.1, -0.00416133162612035
'2009-02-11', 14.45, 14.72, 13.88, 14.2, 6279000.0, 11.912336, -0.5300000000000011, -0.21000000000000085, 2.6405488154717043, 0.0, 0.0, -0.5, -0.005190311418685114
'2009-02-10', 14.98, 15.26, 14.14, 14.31, 7230900.0, 12.004615, -0.9100000000000001, 0.07000000000000028, 2.6772344649324897, 0.0, 0.0, -0.8, -0.00734312416555407
'2009-02-09', 15.89, 16.01, 14.98, 15.13, 7981500.0, 12.692511, 0.7100000000000009, 2.08, 2.7180058544209946, -1.0, 0.0, -1.0, 0.0
'2009-02-06', 15.18, 16.200001, 14.87, 15.87, 8041100.0, 13.313294, 0.5199999999999996, 0.7999999999999989, 2.754080287436191, 0.0, 0.1, -0.8, 0.046772068511199
'2009-02-05', 14.66, 15.29, 14.6, 14.91, 8780800.0, 12.507953, -0.25, -0.2599999999999998, 2.7747800564289338, 0.0, 0.5, -0.5, 0.04195088676671216
'2009-02-04', 14.91, 15.05, 14.43, 14.64, 5858900.0, 12.281451, 1.0999999999999996, -0.17999999999999972, 2.8011634909325744, 0.0, 0.8, -0.1, 0.021909233176838818
'2009-02-03', 13.81, 15.05, 13.65, 14.82, 9449400.0, 12.432452, -0.5700000000000003, -1.0099999999999998, 2.853337544194753, 1.0, 1.0, -0.1, 0.037653874004344674
'2009-02-02', 14.38, 14.57, 13.65, 13.97, 8859500.0, 11.71939, -0.5399999999999991, -0.11999999999999922, 2.8222253495267475, 0.0, 0.8, -0.5, 0.02100139082058414
'2009-01-30', 14.92, 15.14, 14.48, 14.6, 10817400.0, 12.247896, -0.16999999999999993, 0.6699999999999999, 2.7653674775536388, 0.0, 0.5, -0.8, 0.01083556747095622
'2009-01-29', 15.09, 15.24, 14.74, 14.85, 5593700.0, 12.45762, 0.2699999999999996, 0.9900000000000002, 2.7009154576921253, -1.0, 0.1, -1.0, 0.0
'2009-01-28', 14.82, 15.93, 14.52, 15.38, 8111500.0, 12.902235, 0.3200000000000003, 0.34999999999999964, 2.633973677393201, 0.0, 0.0, -0.8, 0.018218623481781347
'2009-01-27', 14.5, 14.83, 14.09, 14.32, 6394700.0, 12.013004, 0.25, -1.7300000000000004, 2.526717571606872, 0.0, 0.0, -0.5, 0.02034482758620689
'2009-01-26', 14.25, 15.13, 14.11, 14.48, 7207900.0, 12.147227, 0.15000000000000036, -2.75, 2.398587927714563, 0.0, 0.0, -0.1, 0.01964912280701754
'2009-01-23', 14.1, 14.61, 14.01, 14.4, 8617500.0, 12.080115, -0.370000000000001, -3.020000999999999, 2.22254810386643, 0.0, 0.0, 0.0, 0.017553191489361707
'2009-01-22', 14.47, 14.99, 13.98, 14.44, 10047400.0, 12.113671, -1.7599999999999998, -1.5899990000000006, 2.002303810014919, 0.0, 0.0, 0.0, 0.008569454042847258
'2009-01-21', 16.23, 16.49, 13.37, 14.72, 20653000.0, 12.348563, -0.7699999999999996, -0.28999999999999915, 1.7607556823516417, 0.0, 0.0, 0.0, -0.011706715958102286
'2009-01-20', 17.0, 17.15, 15.79, 15.87, 8489000.0, 13.313294, -0.12000099999999847, -0.23999999999999844, 1.6795189759571933, 0.0, 0.0, 0.0, -0.01605042016806723
'2009-01-16', 17.120001, 17.299999, 16.35, 17.0, 6366600.0, 14.261248, 1.0600019999999972, -0.9100000000000001, 1.631756243213724, 0.0, 0.0, 0.0, -0.014821852230031986
'2009-01-15', 16.059999, 17.27, 15.8, 16.809999, 11344400.0, 14.101857, -0.46000099999999833, -3.3600010000000005, 1.66353043508218, 0.0, 0.0, 0.0, -0.006710938566476051
'2009-01-14', 16.52, 16.700001, 16.0, 16.049999, 10419800.0, 13.464295, -0.7199999999999989, -4.66, 1.5913283052846958, 0.0, 0.0, 0.0, -0.008656174334140435
'2009-01-13', 17.24, 17.68, 16.940001, 17.18, 8726900.0, 14.41225, -0.7900010000000002, -4.260000000000002, 1.5241095989463158, 0.0, 0.0, 0.0, -0.011337270618013071
'2009-01-12', 18.030001, 18.41, 17.16, 17.26, 9099400.0, 14.479361, -1.389999000000003, -3.6899980000000028, 1.5025003246589763, 0.0, 0.0, 0.0, -0.013588467539925996
'2009-01-09', 19.42, 19.450001, 18.01, 18.110001, 15290100.0, 15.192424, -1.759999999999998, -2.4299999999999997, 1.5744743782045205, 0.0, 0.0, 0.0, -0.017151231878317363
'2009-01-08', 21.18, 21.18, 19.889999, 20.9, 10547100.0, 17.532946, -0.3200000000000003, 0.33999999999999986, 1.6502462643026223, 0.0, 0.0, 0.0, -0.020538243626062325
'2009-01-07', 21.5, 21.709999, 21.120001, 21.559999, 7888400.0, 18.086617, -0.2199990000000014, 1.1600000000000001, 1.8382935053649572, 0.0, 0.0, 0.0, -0.019875968992248062
'2009-01-06', 21.719999, 22.459999, 21.1, 21.91, 5864300.0, 18.380232, -0.13000100000000003, 1.8199990000000028, 2.0732887856415423, 0.0, 0.0, 0.0, -0.01907803667486357
'2009-01-05', 21.85, 22.120001, 21.200001, 21.9, 5743400.0, 18.371842, 1.0100000000000016, 1.4299999999999997, 2.27319313871241, 0.0, 0.1, 0.0, -0.01819895006057343
'2009-01-02', 20.84, 22.17, 20.48, 22.02, 4016700.0, 18.472511, 0.5, 0.3500000000000014, 2.3177530789586953, 0.0, 0.5, 0.0, -0.015328428236297717
'2008-12-31', 20.34, 20.99, 20.32, 20.77, 3055900.0, 17.42389, 0.4400000000000013, 0.2299989999999994, 2.3546105766677945, 0.0, 0.8, 0.0, -0.013584847073435803
'2008-12-30', 19.9, 20.360001, 19.790001, 20.360001, 3549200.0, 17.079942, -0.5200000000000031, -0.48999900000000096, 2.3934280026263264, 1.0, 1.0, 0.0, -0.012085427135678388
'2008-12-29', 20.42, 20.42, 19.5, 19.76, 3420700.0, 16.576604, -0.06999999999999673, -0.8899989999999995, 2.396710666170126, 0.0, 0.8, 0.0, -0.012429457581269534
'2008-12-26', 20.49, 20.93, 20.17, 20.360001, 1389800.0, 17.079942, 0.379998999999998, -1.6000000000000014, 2.4291129326293133, 0.0, 0.5, 0.0, -0.011979235990949019
'2008-12-24', 20.110001, 20.43, 19.9, 20.360001, 1157200.0, 17.079942, -0.2799979999999991, -1.6899979999999992, 2.4359798707251445, 0.0, 0.1, 0.0, -0.010853351675292222
'2008-12-23', 20.389999, 20.68, 19.889999, 20.030001, 3168000.0, 16.803106, -0.9200000000000017, -0.5300010000000022, 2.4270539256702524, 0.0, 0.0, 0.0, -0.010830470941497677
'2008-12-22', 21.309999, 21.32, 19.799999, 20.290001, 4014000.0, 17.021219, -0.7800009999999986, 1.0599990000000012, 2.38750034376268, 0.0, 0.0, 0.0, -0.01167526849719702
'2008-12-19', 22.09, 22.09, 20.290001, 21.0, 6969500.0, 17.616836, 0.2900010000000002, 1.6900000000000013, 2.3038316833532884, 0.0, 0.0, 0.0, -0.012187902636069227
'2008-12-18', 21.799999, 22.26, 21.42, 21.76, 7063500.0, 18.254397, 0.879998999999998, 2.4499989999999983, 2.1737726457168627, 0.0, 0.0, 0.0, -0.011399930866119833
'2008-12-17', 20.92, 22.360001, 20.42, 22.02, 6196500.0, 18.472511, 0.6700000000000017, 0.3500000000000014, 2.0748809422230066, 0.0, 0.0, 0.0, -0.009952881726304291
'2008-12-16', 20.25, 21.190001, 19.75, 21.08, 6502100.0, 17.683947, -0.14999999999999858, -0.0799999999999983, 2.0732997146256804, 0.0, 0.0, 0.0, -0.008786717752234994
'2008-12-15', 20.4, 20.48, 19.43, 19.870001, 4343600.0, 16.668883, 1.0499999999999972, -0.26000000000000156, 2.0866172417736215, 0.0, 0.0, 0.0, -0.008676470588235292
'2008-12-12', 19.35, 20.620001, 19.309999, 20.25, 5056600.0, 16.987663, -1.2199999999999989, -0.8200000000000003, 2.040789788859065, 0.0, 0.0, -0.1, -0.007101775443860967
'2008-12-11', 20.57, 21.049999, 19.690001, 20.17, 11845900.0, 16.920551, 0.240000000000002, 2.8799990000000015, 2.0379926576250584, 0.0, 0.0, -0.5, -0.008325230918813807
'2008-12-10', 20.33, 21.42, 19.9, 21.24, 7264000.0, 17.818171, -0.33000000000000185, 2.3299999999999983, 1.9870066137563374, 0.0, 0.0, -0.8, -0.007810520353560194
'2008-12-09', 20.66, 21.610001, 19.92, 20.040001, 6575400.0, 16.811495, 0.48999999999999844, 4.059999999999999, 1.9217430244211702, -1.0, 0.0, -1.0, 0.0
'2008-12-08', 20.17, 21.24, 20.09, 20.9, 7667800.0, 17.532946, 2.479999000000003, 3.040001, 1.8256171270742958, 0.0, 0.1, -0.8, 0.024293505205751038
'2008-12-05', 17.690001, 19.77, 17.42, 19.690001, 6769200.0, 16.517881, -0.30999900000000125, 0.07000000000000028, 1.747153168093203, 0.0, 0.5, -0.5, 0.08394569904207472
'2008-12-04', 18.0, 19.15, 17.74, 18.049999, 6845700.0, 15.142089, 1.3999999999999986, 0.37000099999999847, 1.770129235194194, 0.0, 0.8, -0.1, 0.04925925925925926
'2008-12-03', 16.6, 18.450001, 16.52, 18.33, 5651000.0, 15.376981, -0.5299990000000001, -0.129999999999999, 1.82214137741537, 1.0, 1.0, -0.1, 0.061144578313252984
'2008-12-02', 17.129999, 17.370001, 16.41, 17.219999, 6974900.0, 14.445805, -0.49000199999999694, 0.0, 1.8797385516077212, 0.0, 0.8, -0.5, 0.04121425809773834
'2008-12-01', 17.620001, 17.620001, 16.799999, 16.85, 7190200.0, 14.135414, -0.00999800000000306, 2.550000999999998, 1.8932939385104188, 0.0, 0.5, -0.8, 0.0287551913305794
'2008-11-28', 17.629999, 17.9, 17.219999, 17.9, 2351100.0, 15.016255, 0.8999990000000011, 3.739999000000001, 1.8945429383715733, -1.0, 0.1, -1.0, 0.0
'2008-11-26', 16.73, 18.26, 16.52, 17.9, 6051300.0, 15.016255, -0.3999990000000011, 3.16, 1.9063307519596153, 0.0, 0.0, -0.8, 0.053795517035266055
'2008-11-25', 17.129999, 17.84, 16.450001, 17.59, 9157500.0, 14.756197, 2.0599990000000012, 1.909999000000001, 1.9107151849155624, 0.0, 0.1, -0.5, 0.014594279894587267
'2008-11-24', 15.07, 17.110001, 14.67, 16.68, 9726000.0, 13.992801, 1.1799999999999997, -0.6799999999999997, 2.028372641881566, 0.0, 0.5, -0.1, 0.056624618447246214
'2008-11-21', 13.89, 14.95, 13.19, 14.74, 7506500.0, 12.365341, 0.3200000000000003, -1.8499999999999996, 2.0002318924732045, 0.0, 0.8, 0.0, 0.06731459683225344
'2008-11-20', 13.57, 15.27, 13.33, 13.45, 8697600.0, 11.283164, -1.6500000000000004, -3.399999000000001, 1.8975311686798146, 1.0, 1.0, 0.0, 0.059837862932940335
'2008-11-19', 15.22, 15.43, 13.87, 13.91, 7214000.0, 11.669056, -0.5299999999999994, -0.1899999999999995, 1.7314329435471283, 0.0, 0.8, 0.0, 0.026390703022339035
'2008-11-18', 15.75, 15.75, 14.68, 15.32, 10094900.0, 12.851901, 0.009999999999999787, 0.009999999999999787, 1.6578358235295947, 0.0, 0.5, 0.0, 0.017052145124716568
'2008-11-17', 15.74, 16.389999, 15.54, 15.77, 6406400.0, 13.229405, -1.2299990000000012, -0.6599999999999984, 1.6657625393795825, 0.0, 0.1, 0.0, 0.015009521918678536
'2008-11-14', 16.969999, 17.58, 16.18, 16.200001, 8450100.0, 13.590131, 1.5599990000000012, -0.630001, 1.6305025086356064, 0.0, 0.0, 0.0, 0.004321351659085739
'2008-11-13', 15.41, 17.549999, 14.52, 17.49, 10103400.0, 14.672307, -0.33000000000000007, -2.1099999999999994, 1.8082550679961191, 0.0, 0.0, 0.0, 0.014406223231667757
'2008-11-12', 15.74, 16.15, 15.27, 15.31, 7405700.0, 12.843512, -0.6599999999999984, -3.1899999999999995, 1.927962894439017, 0.0, 0.0, 0.0, 0.010916015940857117
'2008-11-11', 16.4, 16.780001, 15.7, 16.200001, 5534600.0, 13.590131, -1.2000000000000028, -3.3900010000000016, 2.132236117308755, 0.0, 0.0, 0.0, 0.006249994918699203
'2008-11-10', 17.6, 17.91, 16.4, 16.809999, 5239300.0, 14.101857, 0.08000000000000185, -3.289998999999998, 2.2463581510229114, 0.0, 0.0, 0.0, 0.00013111451048951095
'2008-11-07', 17.52, 17.83, 16.84, 17.18, 8987600.0, 14.41225, -1.4100000000000001, -3.029999, 2.4953219037498466, 0.0, 0.0, 0.0, 0.00044846298108285206
'2008-11-06', 18.93, 19.09, 17.18, 17.35, 8811700.0, 14.554862, -0.8600010000000005, -0.12999900000000153, 2.6356195671860077, 0.0, 0.0, 0.0, -0.004578274344074654
'2008-11-05', 19.790001, 20.620001, 19.299999, 19.48, 6066800.0, 16.341712, -1.0999979999999994, 0.5400010000000002, 2.8542795236861016, 0.0, 0.0, 0.0, -0.00682163305600641
'2008-11-04', 20.889999, 20.889999, 19.709999, 20.15, 6472600.0, 16.903773, 0.33999999999999986, 1.629998999999998, 3.1050428810029413, 0.0, 0.0, 0.0, -0.00917973743715128
'2008-11-03', 20.549999, 20.9, 19.74, 20.219999, 5156500.0, 16.962495, 1.4899999999999984, 3.7299989999999994, 3.372622829385054, 0.0, 0.0, 0.0, -0.00789402579641109
'2008-10-31', 19.059999, 21.48, 19.059999, 20.6, 8241500.0, 17.281277, -0.19000099999999875, 1.8500000000000014, 3.7405190756542965, 0.0, 0.0, 0.0, -0.0039487493097316965
'2008-10-30', 19.25, 19.73, 18.959999, 19.52, 7668100.0, 16.375268, -0.010000000000001563, 2.25, 4.041513554779568, 0.0, 0.0, 0.0, -0.004207794805194801
'2008-10-29', 19.26, 19.9, 18.08, 18.629999, 8345200.0, 15.628649, 2.4400000000000013, 0.41000000000000014, 4.203219229659345, 0.0, 0.0, 0.0, -0.004030067250160708
'2008-10-28', 16.82, 19.379999, 16.120001, 19.379999, 14696000.0, 16.257822, -0.38999899999999954, -2.9299999999999997, 4.381115380696803, 0.0, 0.0, 0.0, 0.002188949843260191
'2008-10-27', 17.209999, 18.200001, 16.040001, 16.09, 11446500.0, 13.497852, 0.20999899999999982, -2.790001, 4.402990507709288, 0.0, 0.0, 0.0, 0.0010610616284880358
'2008-10-24', 17.0, 18.5, 16.85, 17.629999, 6693000.0, 14.789752, -1.8500000000000014, -1.7199990000000014, 4.426429498250039, 0.0, 0.0, -0.1, 0.0015441151960784352
'2008-10-23', 18.85, 19.440001, 17.43, 19.09, 7825400.0, 16.014543, -0.8999999999999986, 1.8000010000000017, 4.4922019493068115, 0.0, 0.0, -0.5, -0.002588861538461538
'2008-10-22', 19.75, 20.01, 18.07, 18.77, 7209700.0, 15.746096, -0.25, 3.5, 4.533127416372394, 0.0, 0.0, -0.8, -0.004128531645569617
'2008-10-21', 20.0, 21.469999, 19.66, 20.370001, 13843100.0, 17.088331, 1.2800009999999986, 1.5700000000000003, 4.61643599131051, -1.0, 0.1, -1.0, 0.0
'2008-10-20', 18.719999, 19.469999, 18.15, 18.629999, 8630000.0, 15.628649, 1.6700000000000017, -2.5600019999999972, 4.7312207523147505, 0.0, 0.5, -0.8, 0.06837612544744252
'2008-10-17', 17.049999, 18.809999, 16.799999, 18.1, 5949700.0, 15.184035, 0.7999989999999997, -2.460001000000002, 4.727029444011956, 0.0, 0.8, -0.3, 0.08651029832904977
'2008-10-16', 16.25, 17.98, 15.82, 17.68, 9259700.0, 14.831698, -2.1799999999999997, 0.23999999999999844, 4.5634789635881425, 1.0, 1.0, -0.3, 0.07692307692307693
'2008-10-15', 18.43, 18.969999, 16.23, 16.23, 7620200.0, 13.615297, -2.850000999999999, -0.3099999999999987, 4.327265232987533, 0.0, 0.8, -0.8, 0.02129679869777537
'2008-10-14', 21.280001, 22.139999, 19.01, 19.25, 8926900.0, 16.148766, 1.770000999999997, 3.880001, 4.181536296668484, -1.0, 0.5, -1.0, 0.0
'2008-10-13', 19.51, 20.690001, 19.030001, 20.24, 9623700.0, 16.979274, 3.5, -1.1900009999999988, 4.149755581688635, 0.0, 0.1, -0.8, 0.09072275756022537
'2008-10-10', 16.01, 19.190001, 15.16, 18.35, 12301700.0, 15.393759, -2.729999999999997, -4.039998999999998, 4.013578617211054, 0.0, 0.0, -0.5, 0.16458466583385373
'2008-10-09', 18.74, 18.84, 16.92, 17.200001, 8619500.0, 14.429028, 1.3399999999999999, -4.270000000000003, 3.562398074468691, 0.0, 0.0, -0.1, 0.04517966915688368
'2008-10-08', 17.4, 20.09, 17.08, 18.379999, 11295600.0, 15.418925, -3.3000010000000017, -6.239999000000001, 3.2513205649808095, 0.0, 0.0, 0.0, 0.05574714080459771
'2008-10-07', 20.700001, 21.209999, 18.469999, 18.74, 11543900.0, 15.720928, 0.6500020000000006, -4.2599979999999995, 2.720862897023748, 0.0, 0.0, 0.0, 0.00560386446358141
'2008-10-06', 20.049999, 20.98, 19.09, 20.389999, 13783500.0, 17.105108, -2.960001000000002, -4.060002000000001, 2.429769862170399, 0.0, 0.0, 0.0, 0.010224456037794972
'2008-10-03', 23.01, 23.139999, 21.5, 21.549999, 7015700.0, 18.078228, -0.629998999999998, -2.7999989999999997, 1.9955347447907517, 0.0, 0.0, 0.0, -0.010740665549140143
'2008-10-02', 23.639999, 23.91, 22.42, 22.540001, 6898600.0, 18.908738, -1.3200000000000003, -1.350000999999999, 1.7821601916776306, 0.0, 0.0, 0.0, -0.012478839360357
'2008-10-01', 24.959999, 25.0, 23.709999, 23.959999, 5852400.0, 20.09997, 0.8499979999999994, -1.2000010000000003, 1.6036374800782003, 0.0, 0.0, 0.0, -0.01638175813495292
'2008-09-30', 24.110001, 25.27, 23.549999, 25.040001, 8320200.0, 21.00598, -1.6999980000000008, -2.899999000000001, 1.520692748322442, 0.0, 0.0, 0.0, -0.011737867617674515
'2008-09-29', 25.809999, 26.0, 22.65, 23.799999, 13376200.0, 19.965746, 0.8199990000000028, -1.9400009999999988, 1.3951132274241336, 0.0, 0.0, 0.0, -0.015955754202082697
'2008-09-26', 24.99, 26.07, 24.809999, 25.99, 9505900.0, 21.802931, -1.1700000000000017, -4.670000000000002, 1.3700236370306338, 0.0, 0.0, 0.0, -0.012371611978124582
'2008-09-25', 26.16, 26.68, 25.040001, 25.360001, 11373900.0, 21.274427, -0.8500000000000014, -3.6000000000000014, 1.1887458935741113, 0.0, 0.0, 0.0, -0.014349561867795818
'2008-09-24', 27.01, 27.1, 25.799999, 25.889999, 7518700.0, 21.719041, -0.7399999999999984, -1.139999999999997, 1.1062309617196087, 0.0, 0.0, 0.0, -0.015153115248320734
'2008-09-23', 27.75, 28.0, 26.700001, 26.92, 5585600.0, 22.583105, -1.9100000000000001, -1.2300000000000004, 1.0764399501444986, 0.0, 0.0, 0.0, -0.015543541141141145
'2008-09-22', 29.66, 29.66, 27.190001, 27.700001, 6274300.0, 23.237446, -0.10000000000000142, 1.7399999999999984, 1.0442253280251885, 0.0, 0.0, 0.0, -0.01765846046864464
'2008-09-19', 29.76, 31.93, 28.700001, 29.49, 9692900.0, 24.73907, 1.610000000000003, 1.4500010000000003, 1.0878471959590552, 0.0, 0.1, 0.0, -0.01676154135041114
'2008-09-18', 28.15, 28.58, 26.48, 28.52, 6917700.0, 23.925341, -0.8300000000000018, -1.9600010000000019, 1.1318538654596622, 0.0, 0.5, 0.0, -0.013558316558121177
'2008-09-17', 28.98, 28.98, 27.219999, 27.6, 10166400.0, 23.153556, 1.0599999999999987, 0.18000100000000074, 1.2085089970705483, 0.0, 0.8, 0.0, -0.013984234136064803
'2008-09-16', 27.92, 30.48, 27.5, 29.440001, 9196600.0, 24.697126, -0.38999899999999954, -1.8199999999999967, 1.3868798240817073, 1.0, 1.0, 0.0, -0.011891115687679086
'2008-09-15', 28.309999, 30.389999, 28.309999, 28.610001, 7453200.0, 24.000842, -1.8000019999999992, -2.550001999999999, 1.5635828612092058, 0.0, 0.8, 0.0, -0.011824861227434506
'2008-09-12', 30.110001, 30.110001, 29.42, 29.6, 7841600.0, 24.831349, 1.3100020000000008, 0.3100020000000008, 1.6643860037064122, 0.0, 0.5, 0.0, -0.013329911093780317
'2008-09-11', 28.799999, 30.26, 28.450001, 30.18, 7057700.0, 25.31791, -0.9400009999999988, 0.5499989999999997, 1.7645464650096951, 0.0, 0.1, 0.0, -0.011352654379696635
'2008-09-10', 29.74, 30.059999, 28.950001, 29.299999, 5473500.0, 24.579679, -1.120001000000002, 0.7800009999999986, 1.8263327291476643, 0.0, 0.0, 0.0, -0.011852722203541806
'2008-09-09', 30.860001, 31.0, 29.59, 29.59, 7582800.0, 24.82296, 1.0600020000000008, 1.870001000000002, 1.9061747074530535, 0.0, 0.0, 0.0, -0.012417368359774196
'2008-09-08', 29.799999, 30.68, 29.6, 30.68, 11670200.0, 25.737358, 1.5499989999999997, 0.5099979999999995, 1.8776348183819973, 0.0, 0.0, 0.0, -0.010996383951866267
'2008-09-05', 28.25, 28.65, 27.52, 28.6, 6247800.0, 23.992453, -0.7099989999999998, -0.9500010000000003, 1.8572891381976673, 0.0, 0.0, -0.1, -0.009137986234021634
'2008-09-04', 28.959999, 29.379999, 28.450001, 28.639999, 6021100.0, 24.026008, -0.030000999999998612, -0.05000100000000174, 1.8668384892826249, 0.0, 0.0, -0.5, -0.00947118965222143
'2008-09-03', 28.99, 29.299999, 28.68, 29.09, 5735300.0, 24.403512, -0.30000100000000174, 0.8099999999999987, 1.8619983003155895, 0.0, 0.0, -0.8, -0.009170818712754696
'2008-09-02', 29.290001, 30.0, 28.73, 29.059999, 5982700.0, 24.378344, 0.08999999999999986, 2.0600009999999997, 1.8641600264522955, -1.0, 0.0, -1.0, 0.0
'2008-08-29', 29.200001, 29.440001, 28.83, 28.99, 3693900.0, 24.319622, 0.19000099999999875, 1.140001999999999, 1.8518304993229329, 0.0, 0.1, -0.8, 0.0030821916752674034
'2008-08-28', 29.01, 29.66, 28.709999, 29.370001, 5892700.0, 24.638404, 0.8300000000000018, 0.360000000000003, 1.842401584345932, 0.0, 0.5, -0.5, 0.004825939331265057
'2008-08-27', 28.18, 29.26, 28.040001, 28.780001, 11484000.0, 24.143454, 0.9499999999999993, 0.13000100000000003, 1.838881689336813, 0.0, 0.8, -0.1, 0.013129891175774788
'2008-08-26', 27.23, 28.459999, 26.530001, 28.18, 14233100.0, 23.640116, -0.8299990000000008, -2.239999000000001, 1.8659365467240394, 1.0, 1.0, 0.0, 0.018912972824091073
'2008-08-25', 28.059999, 28.059999, 26.129999, 26.4, 9352100.0, 22.146879, -0.5900009999999973, -2.0600019999999972, 1.935840349340246, 0.0, 0.8, 0.0, 0.008766942579007212
'2008-08-22', 28.65, 28.82, 27.799999, 28.33, 5920100.0, 23.76595, 0.6000009999999989, -2.729999000000003, 1.9865831715565154, 0.0, 0.5, 0.0, 0.0037231006399069326
'2008-08-21', 28.049999, 28.52, 27.549999, 28.370001, 6626500.0, 23.799507, -1.4200000000000017, -3.1800010000000007, 2.049248729575573, 0.0, 0.1, -0.1, 0.006315263785112539
'2008-08-20', 29.469999, 29.5, 28.07, 28.309999, 5715800.0, 23.749172, -0.6500019999999971, -0.5400010000000002, 2.0543174977485723, 0.0, 0.0, -0.5, -0.0007634798358832707
'2008-08-19', 30.120001, 30.120001, 29.0, 29.4, 4968700.0, 24.663569, -1.259998000000003, -0.5499990000000032, 2.036114460982639, 0.0, 0.0, -0.8, -0.003061826665351772
'2008-08-18', 31.379999, 31.379999, 30.16, 30.299999, 4483600.0, 25.418576, 0.1499990000000011, 0.5299990000000001, 1.9822241526573487, -1.0, 0.0, -1.0, 0.0
'2008-08-15', 31.23, 31.799999, 30.799999, 31.190001, 4673000.0, 26.165196, 1.2199999999999989, 1.4000000000000021, 1.8699695671915506, 0.0, 0.0, -0.8, 0.004803041946846017
'2008-08-14', 30.01, 31.690001, 29.889999, 31.059999, 6233500.0, 26.056138, -0.6600000000000001, 2.4400000000000013, 1.7465955112352236, 0.0, 0.0, -0.5, 0.022825708097300897
'2008-08-13', 30.67, 30.879999, 29.6, 30.190001, 7937600.0, 25.326299, -0.17999999999999972, 3.2600000000000016, 1.7111367576362018, 0.0, 0.0, -0.1, 0.007716541680252144
'2008-08-12', 30.85, 31.9, 30.32, 30.690001, 8824100.0, 25.745747, 1.0200000000000031, 4.229999000000003, 1.6136591967741307, 0.0, 0.0, 0.0, 0.004294967585089141
'2008-08-11', 29.83, 32.959999, 29.110001, 30.790001, 16411600.0, 25.829637, 2.259999999999998, 4.5, 1.51879229353837, 0.0, 0.0, 0.0, 0.010392215890043603
'2008-08-08', 27.57, 30.209999, 27.290001, 29.889999, 11156700.0, 25.074629, 0.16000000000000014, 2.709999, 1.5193705304062926, 0.0, 0.0, 0.0, 0.023032275420142672
'2008-08-07', 27.41, 28.24, 26.799999, 27.4, 11232200.0, 22.985776, 0.7899990000000017, 1.7300000000000004, 1.6088888583327, 0.0, 0.1, 0.0, 0.020691087715640804
'2008-08-06', 26.620001, 27.99, 25.99, 27.66, 10435200.0, 23.203889, 1.2900010000000002, 1.390000999999998, 1.6769675401351984, 0.0, 0.5, 0.0, 0.022351605095732356
'2008-08-05', 25.33, 27.09, 25.33, 26.809999, 8794700.0, 22.490826, 0.46999899999999784, -0.6800000000000033, 1.7348385331847522, 0.0, 0.8, 0.0, 0.026538575251129553
'2008-08-04', 24.860001, 25.51, 24.559999, 25.1, 6161200.0, 21.056313, -0.8199989999999993, -0.36999899999999997, 1.81832418653378, 1.0, 1.0, 0.0, 0.02622686137462344
'2008-08-01', 25.68, 25.75, 24.690001, 24.85, 7340200.0, 20.846589, 0.4499999999999993, -0.869999, 1.8995867256562355, 0.0, 0.8, 0.0, 0.020178416171056365
'2008-07-31', 25.23, 25.879999, 25.0, 25.51, 9196100.0, 21.400261, -0.7800000000000011, -2.539999999999999, 2.0072484605328853, 0.0, 0.5, 0.0, 0.020313115999471533
'2008-07-30', 26.01, 26.879999, 25.299999, 25.76, 9709300.0, 21.609985, 0.7800000000000011, -3.229999999999997, 2.1289658125224666, 0.0, 0.1, 0.0, 0.015881462751012924
'2008-07-29', 25.23, 27.35, 25.049999, 26.0, 17345300.0, 21.81132, -1.3199989999999993, -2.8199989999999993, 2.2679130966939876, 0.0, 0.0, 0.0, 0.01741124228526131
'2008-07-28', 26.549999, 26.9, 26.0, 26.379999, 6571200.0, 22.1301, -1.220001, -0.6500020000000006, 2.3382288184579476, 0.0, 0.0, 0.0, 0.01212806072045427
'2008-07-25', 27.77, 29.200001, 26.52, 26.59, 7035200.0, 22.30627, -1.4699999999999989, -0.43000100000000074, 2.403752437410332, 0.0, 0.0, 0.0, 0.008124772686352182
'2008-07-24', 29.24, 29.309999, 27.469999, 27.58, 4905500.0, 23.136777, 1.1900009999999988, 0.7099989999999998, 2.491291111371891, 0.0, 0.0, 0.0, 0.004305140017703394
'2008-07-23', 28.049999, 29.719999, 27.799999, 29.52, 8482900.0, 24.764238, 0.8499979999999994, 0.7399999999999984, 2.642658352492946, 0.0, 0.0, -0.1, 0.006595365654023734
'2008-07-22', 27.200001, 28.370001, 26.389999, 28.27, 6379800.0, 23.715617, -1.0, 0.9600010000000019, 2.751318212283917, 0.0, 0.0, -0.5, 0.00808823112678717
'2008-07-21', 28.200001, 28.370001, 27.299999, 27.48, 3897400.0, 23.052887, -0.3299999999999983, 3.1900009999999988, 2.9129857135707673, 0.0, 0.0, -0.8, 0.005638294126301629
'2008-07-18', 28.530001, 28.58, 27.23, 28.030001, 6366900.0, 23.514282, 1.2200019999999974, 3.150001999999997, 3.1167967318137926, -1.0, 0.0, -1.0, 0.0
'2008-07-17', 27.309999, 28.51, 26.5, 28.450001, 6496500.0, 23.866618, 1.0699990000000028, 2.489999000000001, 3.291578908740813, 0.0, 0.0, -0.8, 0.04467235608467057
'2008-07-16', 26.24, 27.379999, 25.52, 27.24, 6704400.0, 22.851552, 1.2299999999999969, -0.5100000000000016, 3.3758632648916844, 0.0, 0.1, -0.5, 0.04363568978658537
'2008-07-15', 25.01, 26.559999, 24.41, 26.15, 12537200.0, 21.937154, -0.36999899999999997, -3.709999, 3.3694598564558373, 0.0, 0.5, -0.1, 0.04691458083433289
'2008-07-14', 25.379999, 26.709999, 25.16, 25.4, 11572100.0, 21.307982, 0.5599990000000012, -2.4600009999999983, 3.2789398198809208, 0.0, 0.8, 0.0, 0.03102838971743061
'2008-07-11', 24.82, 25.23, 23.74, 24.76, 12691200.0, 20.771088, -1.9299999999999997, -4.16, 3.221990612307992, 1.0, 1.0, 0.0, 0.029895253827558407
'2008-07-10', 26.75, 26.75, 25.059999, 25.26, 12566900.0, 21.190537, -1.9699990000000014, -1.7999989999999997, 3.0113999029245844, 0.0, 0.8, 0.0, 0.011090348909657313
'2008-07-09', 28.719999, 28.969999, 26.700001, 26.799999, 10900600.0, 22.482437, 0.8799990000000015, -0.48000199999999893, 2.8666121636874595, 0.0, 0.5, 0.0, -0.0009450756397509563
'2008-07-08', 27.84, 28.82, 27.84, 28.799999, 8198200.0, 24.160231, -1.1400000000000006, -0.7600000000000016, 2.7909955089897402, 0.0, 0.1, 0.0, 0.0030980648347701096
'2008-07-07', 28.98, 29.690001, 27.83, 27.940001, 7948000.0, 23.438781, 0.43000100000000074, -0.3000009999999982, 2.65146759290457, 0.0, 0.0, 0.0, -0.001725323978222536
'2008-07-03', 28.549999, 29.67, 28.35, 28.809999, 4156800.0, 24.16862, -0.6500020000000006, -1.2900010000000002, 2.5594730769179095, 0.0, 0.0, 0.0, -7.004553660405057e-05
'2008-07-02', 29.200001, 30.27, 28.299999, 28.360001, 5901400.0, 23.791117, 0.6000009999999989, -0.9599989999999998, 2.471957430076836, 0.0, 0.0, 0.0, -0.002085927699423403
'2008-07-01', 28.6, 29.290001, 28.059999, 29.139999, 6406800.0, 24.445456, -0.6800009999999972, -1.3200000000000003, 2.4061942897587536, 0.0, 0.0, 0.0, -0.00020395979020979837
'2008-06-30', 29.280001, 30.23, 28.719999, 28.879999, 6344600.0, 24.227343, -0.5599990000000012, -0.7099989999999998, 2.292410560281445, 0.0, 0.0, 0.0, -0.001970365632579989
'2008-06-27', 29.84, 29.84, 28.879999, 29.290001, 6276500.0, 24.571292, -0.3200000000000003, -1.4800000000000004, 2.229416552389354, 0.0, 0.0, 0.0, -0.003135769341248567
'2008-06-26', 30.16, 30.219999, 28.5, 29.639999, 7113800.0, 24.864904, 0.23999999999999844, -1.849998000000003, 2.1494702690355276, 0.0, 0.0, 0.0, -0.0036030039787798445
'2008-06-25', 29.92, 31.25, 29.59, 30.540001, 5188300.0, 25.619913, -0.06999999999999673, -2.370000999999995, 2.0130150335258388, 0.0, 0.0, 0.0, -0.002903574114304819
'2008-06-24', 29.99, 30.58, 28.65, 29.809999, 10488200.0, 25.007517, -1.3300000000000018, -3.219999000000005, 1.823935237581082, 0.0, 0.0, 0.0, -0.0028636977031559537
'2008-06-23', 31.32, 31.450001, 29.99, 30.049999, 6211700.0, 25.208852, -0.6899980000000028, -2.1799999999999997, 1.6065749042817343, 0.0, 0.0, 0.0, -0.0049489126578686
'2008-06-20', 32.009998, 32.139999, 30.77, 31.129999, 7602400.0, 26.114861, -0.28000299999999356, -1.5200009999999935, 1.4757117308385697, 0.0, 0.0, 0.0, -0.005721891542826885
'2008-06-19', 32.290001, 32.5, 31.370001, 32.380001, 7206000.0, 27.163483, -0.9199980000000068, -0.6899990000000003, 1.375499241609303, 0.0, 0.0, 0.0, -0.005822235806062686
'2008-06-18', 33.209999, 33.209999, 32.080002, 32.349998, 4604200.0, 27.138314, -0.2900009999999966, 0.09999800000000647, 1.2883443987196173, 0.0, 0.0, 0.0, -0.006710540630219466
'2008-06-17', 33.5, 34.700001, 33.220001, 33.369999, 4015600.0, 27.99399, -0.029998999999996556, -0.7400019999999969, 1.2376340964926529, 0.0, 0.0, 0.0, -0.006743553595658075
'2008-06-16', 33.529999, 33.529999, 32.93, 33.349998, 5040900.0, 27.977211, 0.5499989999999997, -0.5300020000000032, 1.1984382748121112, 0.0, 0.0, 0.0, -0.006483484159701416
'2008-06-13', 32.98, 33.779999, 32.869999, 33.66, 5125500.0, 28.237271, -0.13000100000000003, -2.7200010000000034, 1.171166634752225, 0.0, 0.0, 0.0, -0.005622092935112187
'2008-06-12', 33.110001, 33.84, 32.419998, 32.700001, 8096700.0, 27.43193, -1.130001, -3.369999, 1.0837251734442874, 0.0, 0.0, 0.0, -0.005533071412471414
'2008-06-11', 34.240002, 34.560001, 32.759998, 32.970001, 9448200.0, 27.658433, 0.1800009999999972, -2.2299990000000065, 0.99523656517832, 0.0, 0.0, 0.0, -0.006414001467550237
'2008-06-10', 34.060001, 34.900002, 33.810001, 34.549999, 7935300.0, 28.983888, -1.6400000000000006, -1.8999980000000036, 0.9647987026900006, 0.0, 0.0, 0.0, -0.006013353165045852
'2008-06-09', 35.700001, 35.939999, 34.23, 34.57, 7218900.0, 29.000667, -0.7799989999999966, 0.1600000000000037, 0.9214217059649852, 0.0, 0.0, 0.0, -0.007172868946738366
'2008-06-06', 36.48, 36.650002, 35.209999, 35.439999, 7928800.0, 29.730506, 0.00999899999999343, 0.5499999999999972, 0.9413180238610176, 0.0, 0.0, 0.0, -0.007514744971264367
'2008-06-05', 36.470001, 37.099998, 36.200001, 36.860001, 7306500.0, 30.921741, 0.5100020000000001, -0.5399969999999996, 0.9967563805893652, 0.0, 0.0, 0.0, -0.007257106098425026
'2008-06-04', 35.959999, 36.799999, 35.799999, 36.150002, 5577800.0, 30.326125, 0.41999800000000675, 0.32999800000000334, 1.1602332523826797, 0.0, 0.0, -0.1, -0.006665110164177418
'2008-06-03', 35.540001, 36.25, 35.130001, 36.009998, 6429600.0, 30.208677, -0.3899990000000031, 0.7400019999999969, 1.3428195949324284, 0.0, 0.0, -0.5, -0.006163829314467379
'2008-06-02', 35.93, 36.27, 34.950001, 35.34, 6108600.0, 29.646618, -1.0799980000000033, 1.9000010000000032, 1.4019131810973435, 0.0, 0.0, -0.8, -0.0062410908416196485
'2008-05-30', 37.009998, 37.389999, 35.91, 36.299999, 4908300.0, 30.451958, 1.379997000000003, 2.9799990000000065, 1.4729173530789639, -1.0, 0.1, -1.0, 0.0
'2008-05-29', 35.630001, 37.450001, 35.490002, 37.200001, 7752600.0, 31.206966, 0.8300020000000004, 1.4400019999999998, 1.5943772999167773, 0.0, 0.5, -0.8, 0.038731320832688244
'2008-05-28', 34.799999, 35.880001, 34.799999, 35.630001, 4752100.0, 29.889899, 0.7700000000000031, -1.240001999999997, 1.696788597321719, 0.0, 0.8, -0.5, 0.031752860107840855
'2008-05-27', 34.029999, 35.0, 33.669998, 34.360001, 3956100.0, 28.824499, 0.0, -2.25, 1.8202438071132991, 1.0, 1.0, -0.1, 0.029189921516013042
'2008-05-23', 34.029999, 34.150002, 33.57, 33.700001, 4678200.0, 28.270827, -0.1600000000000037, -2.760002, 1.9282625498448833, 0.0, 0.8, 0.0, 0.02189244113700978
'2008-05-22', 34.189999, 34.709999, 33.560001, 34.25, 6653800.0, 28.73222, -1.8500019999999964, -3.400001000000003, 2.058773108150923, 0.0, 0.5, 0.0, 0.016496046109858047
'2008-05-21', 36.040001, 36.049999, 33.950001, 34.09, 8495400.0, 28.597996, -0.23999799999999993, -1.0999980000000065, 2.152552704271745, 0.0, 0.1, -0.1, 0.004485742568838102
'2008-05-20', 36.279999, 36.299999, 35.240002, 35.91, 4737900.0, 30.124789, -0.5100020000000001, 0.8099979999999931, 2.1727005902028016, 0.0, 0.0, -0.5, 0.0028744645618257146
'2008-05-19', 36.790001, 37.25, 36.200001, 36.439999, 4035600.0, 30.569403, -0.7999990000000068, 2.229999999999997, 2.1521795691347183, 0.0, 0.0, -0.8, 0.0007474755165133267
'2008-05-16', 37.59, 37.59, 35.939999, 36.650002, 6493700.0, 30.745574, 0.4500010000000003, 3.240002000000004, 2.0877336334676446, -1.0, 0.0, -1.0, 0.0
'2008-05-15', 37.139999, 37.639999, 36.369999, 37.450001, 5219100.0, 31.416691, 1.6699979999999996, 2.9199979999999996, 1.9882047048086269, 0.0, 0.0, -0.8, 0.012116343891123968
'2008-05-14', 35.470001, 37.459999, 35.240002, 37.049999, 8677200.0, 31.081131, 0.9100000000000037, 0.15000100000000316, 1.9216832894339861, 0.0, 0.1, -0.5, 0.02988439442107712
'2008-05-13', 34.560001, 35.32, 34.27, 35.240002, 6055500.0, 29.562729, 0.21000300000000038, -1.4100000000000037, 1.9022257000100458, 0.0, 0.5, -0.1, 0.029224526546358258
'2008-05-12', 34.349998, 35.279999, 34.029999, 34.860001, 3362300.0, 29.243947, 0.12999699999999592, -0.8900039999999976, 1.9495886341028752, 0.0, 0.8, 0.0, 0.023580801955214118
'2008-05-09', 34.220001, 34.990002, 34.029999, 34.189999, 4628600.0, 28.681885, -1.0999989999999968, -1.4300009999999972, 2.0655306770848374, 1.0, 1.0, 0.0, 0.0196960777412017
'2008-05-08', 35.32, 35.5, 33.869999, 34.279999, 6556100.0, 28.757386, -0.6500010000000032, -1.139999000000003, 2.1064060351542153, 0.0, 0.8, 0.0, 0.010711589278973211
'2008-05-07', 35.970001, 35.970001, 35.0, 35.110001, 5594200.0, 29.453672, 0.7299990000000065, 0.38000100000000003, 2.0821350522322275, 0.0, 0.5, 0.0, 0.006433928889004716
'2008-05-06', 35.240002, 35.98, 34.700001, 35.700001, 4377500.0, 29.948621, -0.4100000000000037, -0.7599980000000031, 2.0036161706443263, 0.0, 0.1, 0.0, 0.008335690503082287
'2008-05-05', 35.650002, 35.68, 35.110001, 35.279999, 3258400.0, 29.596283, -0.8099970000000027, -0.039996999999999616, 1.9462351013289982, 0.0, 0.0, -0.1, 0.006046432573365176
'2008-05-02', 36.459999, 36.860001, 35.68, 35.84, 5003300.0, 30.066066, 0.869999, 0.6600000000000037, 1.9136579362050303, 0.0, 0.0, -0.5, 0.003099289717479147
'2008-05-01', 35.59, 36.299999, 35.25, 36.040001, 7030500.0, 30.233846, -0.4099999999999966, 1.0, 1.92911095951259, 0.0, 0.0, -0.8, 0.005108687322792408
'2008-04-30', 36.0, 36.529999, 35.509998, 35.57, 6932600.0, 29.839564, 0.31000099999999975, 2.4299999999999997, 1.9111494577872545, -1.0, 0.0, -1.0, 0.0
'2008-04-29', 35.689999, 36.549999, 35.68, 36.07, 6233100.0, 30.259012, -0.10999999999999943, 3.6400000000000006, 1.9009396270501195, 0.0, 0.0, -0.8, 0.008685934678787739
'2008-04-28', 35.799999, 36.060001, 34.779999, 35.799999, 7434100.0, 30.032509, 1.2099989999999963, 4.25, 1.919255593435607, 0.0, 0.0, -0.5, 0.0027933101338913488
'2008-04-25', 34.59, 35.98, 34.560001, 35.799999, 7050900.0, 30.032509, 1.0200000000000031, 1.630001, 1.7913401354542982, 0.0, 0.0, -0.1, 0.013587742122000543
'2008-04-24', 33.57, 35.07, 32.919998, 34.48, 8741900.0, 28.925166, 1.5200010000000006, 1.0900000000000034, 1.7630934407709147, 0.0, 0.0, 0.0, 0.01809651474530831
'2008-04-23', 32.049999, 33.59, 32.009998, 33.5, 10779700.0, 28.103047, 0.5, 1.0499989999999997, 1.7527783610157361, 0.0, 0.0, 0.0, 0.024648992968767332
'2008-04-22', 31.549999, 31.780001, 29.950001, 31.700001, 11523400.0, 26.593033, -1.4100000000000037, 0.0799999999999983, 1.817042214393882, 0.0, 0.0, 0.0, 0.023507665826973032
'2008-04-21', 32.959999, 32.959999, 31.950001, 32.5, 5209200.0, 27.26415, 0.4799990000000065, 1.9399990000000038, 1.8425884731963589, 0.0, 0.0, 0.0, 0.01317614897812517
'2008-04-18', 32.48, 33.240002, 32.360001, 32.849998, 4838400.0, 27.557763, 1.4799999999999969, 1.4799999999999969, 1.8129194428509958, 0.0, 0.0, 0.0, 0.013546798029556663
'2008-04-17', 31.0, 32.16, 30.76, 32.0, 4004500.0, 26.844702, -0.4699990000000014, 0.5599990000000012, 1.766497646757712, 0.0, 0.0, 0.0, 0.017921146953405017
'2008-04-16', 31.469999, 31.6, 30.620001, 30.98, 5274600.0, 25.989027, 0.4499990000000018, 0.619999, 1.7607193047667602, 0.0, 0.1, 0.0, 0.014394665217498095
'2008-04-15', 31.02, 31.35, 30.530001, 31.26, 4661000.0, 26.223918, 0.019999999999999574, -0.6700009999999992, 1.7439493145159253, 0.0, 0.5, 0.0, 0.014594689643045545
'2008-04-14', 31.0, 31.17, 30.549999, 30.790001, 3408600.0, 25.829637, 0.5599990000000012, -1.4799999999999969, 1.7362927585457306, 0.0, 0.8, 0.0, 0.013440860215053764
'2008-04-11', 30.440001, 31.469999, 30.440001, 31.030001, 4053800.0, 26.030972, -0.40999900000000267, -3.1999980000000043, 1.736468891189022, 1.0, 1.0, 0.0, 0.014050335634654902
'2008-04-10', 30.85, 31.35, 30.030001, 30.969999, 7858900.0, 25.980637, -0.8400009999999973, -1.370001000000002, 1.7774215717720334, 0.0, 0.8, 0.0, 0.011924056494558922
'2008-04-09', 31.690001, 32.110001, 30.58, 30.780001, 5495100.0, 25.821248, -0.7899989999999981, 0.3000019999999992, 1.818340615139877, 0.0, 0.5, 0.0, 0.009067000870926661
'2008-04-08', 32.48, 32.619999, 31.52, 31.620001, 6322200.0, 26.525922, -1.1599990000000062, 0.4300009999999972, 1.8005904716819083, 0.0, 0.1, 0.0, 0.006773399014778332
'2008-04-07', 33.639999, 33.77, 32.5, 32.66, 4808200.0, 27.398374, 1.4199979999999996, 2.979999000000003, 1.748631953715863, 0.0, 0.0, 0.0, 0.004126741746790597
'2008-04-04', 32.220001, 33.990002, 31.719999, 32.919998, 8761400.0, 27.616485, 0.8300020000000039, 2.980001000000005, 1.619950088216201, 0.0, 0.0, 0.0, 0.006517688948688866
'2008-04-03', 31.389999, 32.380001, 31.129999, 32.23, 4161500.0, 27.037648, -0.6600000000000001, 0.9399979999999992, 1.5646456213896804, 0.0, 0.0, 0.0, 0.007729583921902877
'2008-04-02', 32.049999, 32.439999, 31.57, 31.629999, 5296900.0, 26.534309, 1.3899989999999995, 0.869999, 1.5403587313784626, 0.0, 0.0, 0.0, 0.006162248242191833
'2008-04-01', 30.66, 32.41, 30.66, 32.09, 7290000.0, 26.920203, 1.4200000000000017, -1.2000010000000003, 1.511012373918173, 0.0, 0.0, 0.0, 0.008293728450284223
'2008-03-31', 29.24, 30.389999, 29.1, 30.15, 5936400.0, 25.292742, -1.2100010000000019, -3.289998999999998, 1.523210262614401, 0.0, 0.0, 0.0, 0.010508643203581646
'2008-03-28', 30.450001, 30.450001, 29.120001, 29.200001, 4805700.0, 24.495791, -0.7299989999999994, 0.4500010000000003, 1.5855788830373483, 0.0, 0.0, -0.1, 0.00792460743590209
'2008-03-27', 31.18, 31.93, 30.620001, 30.879999, 3369600.0, 25.905137, -0.6800010000000007, 3.34, 1.6164130136820216, 0.0, 0.0, -0.5, 0.006441094718836862
'2008-03-26', 31.860001, 31.9, 30.91, 31.040001, 4622900.0, 26.039361, -0.6699979999999961, 3.16, 1.60840575801028, 0.0, 0.0, -0.8, 0.005197738694358483
'2008-03-25', 32.529999, 33.150002, 31.129999, 31.959999, 6842300.0, 26.811145, 2.5299989999999966, 4.909997999999998, 1.572601011869799, -1.0, 0.0, -1.0, 0.0
'2008-03-24', 30.0, 32.900002, 30.0, 32.619999, 9326600.0, 27.364817, 2.16, 3.0199999999999996, 1.4967839198986688, 0.0, 0.0, -0.8, 0.08433329999999989
'2008-03-20', 27.84, 30.120001, 27.84, 29.889999, 9501400.0, 25.074629, -0.8600010000000005, -0.7000010000000003, 1.4964471595306075, 0.0, 0.1, -0.5, 0.08423130387931028
'2008-03-19', 28.700001, 29.17, 27.809999, 27.809999, 3860400.0, 23.329723, 1.0800000000000018, 0.9400009999999988, 1.4510357235974973, 0.0, 0.5, -0.1, 0.0444831343385667
'2008-03-18', 27.620001, 28.65, 27.26, 28.620001, 6592000.0, 24.009231, 0.640000999999998, -0.5099980000000031, 1.4415146321993964, 0.0, 0.8, 0.0, 0.04444241330766062
'2008-03-17', 26.98, 27.629999, 26.139999, 26.93, 7756100.0, 22.591495, -1.5600009999999997, -0.5999999999999979, 1.4706222476974553, 1.0, 1.0, 0.0, 0.04114157894736839
'2008-03-14', 28.540001, 28.58, 27.27, 28.030001, 7715000.0, 23.514282, 0.7800009999999986, 0.08000200000000035, 1.3909501023163433, 0.0, 0.8, 0.0, 0.02330061819782929
'2008-03-13', 27.76, 28.66, 27.0, 28.379999, 10333000.0, 23.807894, -0.36999899999999997, -0.6600000000000001, 1.3524021427570263, 0.0, 0.5, 0.0, 0.024547133594071607
'2008-03-12', 28.129999, 28.52, 28.049999, 28.1, 10912800.0, 23.573004, 0.5499990000000032, -1.6799999999999997, 1.2720597715518176, 0.0, 0.1, 0.0, 0.019552080325349438
'2008-03-11', 27.58, 28.34, 26.950001, 28.32, 13285900.0, 23.757561, -0.8799990000000015, -2.889999000000003, 1.1981003741202623, 0.0, 0.0, 0.0, 0.019941982918378853
'2008-03-10', 28.459999, 28.459999, 26.93, 26.950001, 6651400.0, 22.608273, 0.03999899999999812, -1.8500000000000014, 1.0629374369800788, 0.0, 0.0, 0.0, 0.014300773517244314
'2008-03-07', 28.42, 29.459999, 28.200001, 28.459999, 5296600.0, 23.875006, -1.3899989999999995, -1.8999999999999986, 0.984200745015627, 0.0, 0.0, 0.0, 0.013146948371825203
'2008-03-06', 29.809999, 30.1, 28.65, 28.719999, 6004000.0, 24.093119, -0.6600000000000001, -1.2000010000000003, 0.9072769054217039, 0.0, 0.0, 0.0, 0.0076037126558329065
'2008-03-05', 30.469999, 31.27, 29.58, 29.9, 8635800.0, 25.083018, 0.16000000000000014, -1.750002000000002, 1.0840487717607759, 0.0, 0.0, 0.0, 0.00520057576836606
'2008-03-04', 30.309999, 30.5, 29.43, 30.040001, 8863800.0, 25.200465, -0.010000999999999038, -2.070001999999999, 1.664598191036042, 0.0, 0.0, 0.0, 0.005231654035073648
'2008-03-03', 30.32, 30.84, 29.719999, 30.76, 6580500.0, 25.80447, -0.6900000000000013, -0.4499999999999993, 1.9235565414098095, 0.0, 0.0, -0.1, 0.004859276605101135
'2008-02-29', 31.01, 31.43, 30.16, 30.32, 4295800.0, 25.435355, -1.2100010000000019, 0.8999990000000011, 2.09003870012028, 0.0, 0.0, -0.5, 0.0030635258787487804
'2008-02-28', 32.220001, 32.310001, 31.32, 31.41, 4024800.0, 26.349752, -0.1599999999999966, 2.4700010000000034, 2.3195651939822333, 0.0, 0.0, -0.8, 0.0005659582838184215
'2008-02-27', 32.380001, 32.700001, 31.950001, 32.509998, 7609100.0, 27.272538, 1.6100010000000005, 2.5800020000000004, 2.4486885955911672, -1.0, 0.0, -1.0, 0.0
'2008-02-26', 30.77, 32.610001, 30.77, 32.5, 7934600.0, 27.26415, 0.6599989999999991, 1.2699999999999996, 2.4820720170321, 0.0, 0.0, -0.8, 0.05232372440688984
'2008-02-25', 30.110001, 31.110001, 29.65, 30.969999, 5756800.0, 25.980637, 0.36000100000000046, -1.2299989999999994, 2.4733304306857278, 0.0, 0.1, -0.5, 0.03769511664911601
'2008-02-22', 29.75, 30.08, 29.110001, 30.030001, 6082000.0, 25.192075, -0.04999899999999968, -1.4100000000000001, 2.507278141571144, 0.0, 0.5, -0.1, 0.02946779831932773
'2008-02-21', 29.799999, 30.549999, 29.559999, 29.73, 7175400.0, 24.940405, 0.2999989999999997, -2.5499989999999997, 2.534026355295818, 0.0, 0.8, 0.0, 0.021644312806856136
'2008-02-20', 29.5, 30.27, 28.530001, 29.98, 9158200.0, 25.15013, -1.8399999999999999, -2.2300000000000004, 2.5351835208346483, 1.0, 1.0, -0.1, 0.019525430508474575
'2008-02-19', 31.34, 31.5, 30.09, 30.25, 5124800.0, 25.376632, 0.17999999999999972, 0.5300009999999986, 2.5405009746112035, 0.0, 0.8, -0.5, 0.0055307434588385464
'2008-02-15', 31.16, 31.43, 30.549999, 31.059999, 4230600.0, 26.056138, -1.1899979999999992, 0.6499999999999986, 2.5083524168488736, 0.0, 0.5, -0.8, 0.005593256005868329
'2008-02-14', 32.349998, 32.560001, 31.1, 31.34, 6766200.0, 26.29103, 0.6199979999999989, 2.0999979999999994, 2.4944634374284065, -1.0, 0.1, -1.0, 0.0
'2008-02-13', 31.73, 32.52, 31.43, 32.279999, 4040900.0, 27.079592, 0.9200009999999992, 1.9699999999999989, 2.437154907190932, 0.0, 0.0, -0.8, 0.019539804601323634
'2008-02-12', 30.809999, 31.959999, 30.809999, 31.440001, 4747300.0, 26.37492, 0.2999989999999997, 0.8199990000000028, 2.397435651283438, 0.0, 0.1, -0.5, 0.024991870334043147
'2008-02-11', 30.51, 30.85, 29.9, 30.68, 4940800.0, 25.737358, 0.26000000000000156, -0.21999999999999886, 2.405748248582124, 0.0, 0.5, -0.1, 0.020102676718015928
'2008-02-08', 30.25, 31.219999, 30.059999, 30.459999, 4914700.0, 25.5528, 0.48999999999999844, -2.6899990000000003, 2.4077237456892675, 0.0, 0.8, 0.0, 0.017355355371900822
'2008-02-07', 29.76, 30.959999, 29.610001, 30.35, 6521500.0, 25.460522, -0.22999999999999687, -2.3599989999999984, 2.443192508902227, 1.0, 1.0, -0.1, 0.017405900537634394
'2008-02-06', 29.99, 31.0, 29.700001, 29.870001, 5765300.0, 25.057852, -0.740000000000002, -0.18000000000000327, 2.478912287148985, 0.0, 0.8, -0.5, 0.01311547182394132
'2008-02-05', 30.73, 30.76, 29.85, 29.85, 7887000.0, 25.041074, -2.209999, -0.5300000000000011, 2.522153984857745, 0.0, 0.5, -0.8, 0.007531021337920128
'2008-02-04', 32.939999, 32.990002, 31.0, 31.23, 4287100.0, 26.198751, 0.8200000000000003, 1.9399990000000003, 2.51893845608741, -1.0, 0.1, -1.0, 0.0
'2008-02-01', 32.119999, 32.950001, 31.76, 32.639999, 5754900.0, 27.381595, 1.9499989999999983, 1.7099989999999998, 2.4495666308418302, 0.0, 0.0, -0.8, 0.025529266050101692
'2008-01-31', 30.17, 32.389999, 29.9, 32.060001, 9334100.0, 26.895037, -1.0899999999999999, -1.0, 2.500427694015651, 0.0, 0.0, -0.5, 0.04590651309247594
'2008-01-30', 31.26, 31.719999, 30.620001, 30.700001, 5452800.0, 25.754136, 0.26000000000000156, 1.5699990000000028, 2.6451338686392885, 0.0, 0.0, -0.1, 0.017914256771166547
'2008-01-29', 31.0, 31.219999, 30.08, 31.01, 4823700.0, 26.014194, 0.5899999999999999, 3.6299990000000015, 2.8069519879756517, 0.0, 0.0, 0.0, 0.015645153225806455
'2008-01-28', 30.41, 30.82, 29.67, 30.700001, 6619200.0, 25.754136, -0.7600000000000016, 6.73, 3.0338454506891304, 0.0, 0.0, 0.0, 0.01663925682341335
'2008-01-25', 31.17, 31.5, 29.98, 30.43, 10410800.0, 25.527634, 1.479999000000003, 6.049999000000003, 3.2875802392574625, 0.0, 0.0, 0.0, 0.009464223077745687
'2008-01-24', 29.690001, 31.129999, 29.299999, 30.940001, 13720000.0, 25.955471, 2.3200000000000003, 3.930000999999997, 3.565197072097065, 0.0, 0.0, 0.0, 0.015637770728651332
'2008-01-23', 27.370001, 30.0, 25.75, 29.190001, 20884000.0, 24.487402, 3.6900009999999988, 2.9100019999999986, 3.761708294408648, 0.0, 0.0, 0.0, 0.025438426180547098
'2008-01-22', 23.68, 27.49, 23.219999, 27.49, 12259600.0, 23.061276, -1.4400009999999988, -1.2199999999999989, 3.8910160660881683, 0.0, 0.0, 0.0, 0.04344969500750751
'2008-01-18', 25.120001, 26.0, 24.879999, 25.190001, 6020700.0, 21.131814, -0.6399990000000031, -0.9100000000000001, 3.8172581277666877, 0.0, 0.0, 0.0, 0.031130564047350165
'2008-01-17', 25.76, 25.950001, 24.790001, 24.93, 5802200.0, 20.913701, 1.3000010000000017, -3.039998999999998, 3.7813250677625843, 0.0, 0.0, 0.0, 0.025338788114059846
'2008-01-16', 24.459999, 26.33, 24.459999, 25.73, 8053800.0, 21.584818, -0.44000099999999875, -2.540001, 3.7407044433904377, 0.0, 0.0, 0.0, 0.028890707095559024
'2008-01-15', 24.9, 25.299999, 24.09, 24.620001, 7912800.0, 20.653643, -1.130001, -2.3099990000000012, 3.640675140440734, 0.0, 0.0, 0.0, 0.024837809700339827
'2008-01-14', 26.030001, 26.42, 25.15, 25.719999, 9743900.0, 21.576428, -2.769998000000001, -2.459999, 3.476815086381475, 0.0, 0.0, 0.0, 0.018961631454193408
'2008-01-11', 28.799999, 28.799999, 26.440001, 26.85, 8946500.0, 22.524383, 1.7999989999999997, 0.5899999999999999, 3.364601359415215, 0.0, 0.0, 0.0, 0.009583333666087976
'2008-01-10', 27.0, 29.360001, 26.9, 28.870001, 6965600.0, 24.218955, -0.20999899999999982, -2.3999999999999986, 3.3059647472679905, 0.0, 0.0, 0.0, 0.013749997685185186
'2008-01-09', 27.209999, 27.700001, 26.209999, 27.32, 9526900.0, 22.918664, -1.2800009999999986, -3.3700009999999985, 3.125362547243452, 0.0, 0.0, 0.0, 0.012387314807670953
'2008-01-08', 28.49, 29.129999, 28.139999, 28.23, 6142500.0, 23.68206, 0.2800009999999986, -2.130001, 2.9621933281871544, 0.0, 0.0, 0.0, 0.008677506727506732
'2008-01-07', 28.209999, 28.6, 27.85, 28.290001, 4898300.0, 23.732395, -1.1900009999999988, -2.1100010000000005, 2.8153370676905056, 0.0, 0.0, 0.0, 0.008824791820129192
'2008-01-04', 29.4, 29.4, 27.58, 28.09, 7573900.0, 23.564615, -1.1799999999999997, -1.7100010000000019, 2.616656341869445, 0.0, 0.1, 0.0, 0.006020406462585037
'2008-01-03', 30.58, 31.07, 29.6, 29.709999, 4992600.0, 24.923627, -0.040001000000000175, -0.020000000000003126, 2.47352589183966, 0.0, 0.5, 0.0, 0.0036749805350524806
'2008-01-02', 30.620001, 31.209999, 30.49, 30.549999, 4939700.0, 25.628301, 0.3000009999999982, -0.9699990000000014, 2.3844233333126112, 0.0, 0.8, 0.0, 0.003443972929506261
'2007-12-31', 30.32, 31.01, 30.049999, 30.58, 3791400.0, 25.653468, -0.7900010000000002, -1.130001, 2.2835692759073125, 1.0, 1.0, 0.0, 0.0037570250659630607
'2007-12-28', 31.110001, 31.389999, 29.98, 30.469999, 4903200.0, 25.561189, 0.510000999999999, -0.6899979999999992, 2.1514619675624873, 0.0, 0.8, 0.0, 0.0024509776347055295
'2007-12-27', 30.6, 31.08, 30.15, 30.93, 4798500.0, 25.947082, -0.9899999999999984, 0.030000000000001137, 2.0764289898822397, 0.0, 0.5, 0.0, 0.0030588222222222208
'2007-12-26', 31.59, 31.59, 30.76, 30.879999, 2957300.0, 25.905137, 0.13999899999999954, 0.38999899999999954, 1.9262044084679062, 0.0, 0.1, 0.0, 0.0016436542722867513
'2007-12-24', 31.450001, 31.629999, 30.959999, 31.58, 1731100.0, 26.492365, -0.34999799999999937, -1.7299989999999994, 1.8761891271881344, 0.0, 0.0, 0.0, 0.0017546934612533433
'2007-12-21', 31.799999, 32.220001, 31.24, 31.469999, 5242500.0, 26.400086, 1.2299989999999994, -2.2000010000000003, 1.8216345324646932, 0.0, 0.0, 0.0, 0.0012803234903965167
'2007-12-20', 30.57, 32.0, 30.26, 31.59, 7343200.0, 26.500754, -0.630001, -4.229998999999999, 1.7457336347033272, 0.0, 0.0, 0.0, 0.0026733432596753636
'2007-12-19', 31.200001, 31.57, 29.219999, 30.41, 14077000.0, 25.510856, -1.9799989999999994, -4.729998999999999, 1.6059705680854526, 0.0, 0.0, 0.0, 0.001858972162639781
'2007-12-18', 33.18, 33.389999, 31.02, 31.129999, 14260300.0, 26.114861, -0.8200000000000003, -3.4199979999999996, 1.457327755585973, 0.0, 0.0, 0.0, -0.00023333236111921238
'2007-12-17', 34.0, 34.0, 32.939999, 32.970001, 4570700.0, 27.658433, -0.7999989999999997, -3.5, 1.4097342979288385, 0.0, 0.0, 0.0, -0.0009742656249999998
'2007-12-14', 34.799999, 34.959999, 34.099998, 34.200001, 4207500.0, 28.690276, -1.130001, -1.8300020000000004, 1.3942801557718532, 0.0, 0.0, 0.0, -0.0016196447696345147
'2007-12-13', 35.93, 36.0, 34.57, 35.23, 4707100.0, 29.554338, -0.6699979999999996, -0.5799980000000033, 1.398996044741149, 0.0, 0.0, 0.0, -0.002447570439252795
'2007-12-12', 36.599998, 37.0, 34.75, 35.049999, 7378200.0, 29.403337, -0.9000020000000006, 0.269995999999999, 1.4039197838279966, 0.0, 0.0, 0.0, -0.0028571422326307224
'2007-12-11', 37.5, 37.990002, 35.779999, 35.810001, 3946400.0, 30.0409, 0.869999, 1.2000010000000003, 1.406712421333744, 0.0, 0.0, 0.0, -0.003377778518518518
'2007-12-10', 36.630001, 37.5, 36.310001, 37.369999, 2631000.0, 31.349577, 0.12000299999999697, 0.3899990000000031, 1.36075054010694, 0.0, 0.0, 0.0, -0.00272262574559536
'2007-12-07', 36.509998, 37.580002, 36.459999, 36.599998, 3159900.0, 30.703626, 0.1799960000000027, -0.9900019999999969, 1.3392226111862209, 0.0, 0.0, 0.0, -0.0025731949397878144
'2007-12-06', 36.330002, 36.869999, 35.599998, 36.669998, 3264600.0, 30.762349, 0.030003000000000668, -0.25999800000000306, 1.3340125620935743, 0.0, 0.0, -0.1, -0.002392599753948647
'2007-12-05', 36.299999, 36.75, 35.790001, 36.34, 3687500.0, 30.485515, 0.05999700000000274, -0.8400000000000034, 1.3543027822467009, 0.0, 0.0, -0.5, -0.0023140496505247832
'2007-12-04', 36.240002, 36.490002, 35.560001, 35.740002, 4238300.0, 29.982178, -1.259998000000003, 1.0500029999999967, 1.4294312961691322, 0.0, 0.0, -0.8, -0.00222096781475841
'2007-12-03', 37.5, 37.630001, 36.259998, 36.380001, 3369600.0, 30.519071, 0.9099999999999966, 2.619999, 1.7548830345958026, -1.0, 0.0, -1.0, 0.0
'2007-11-30', 36.59, 38.169998, 36.59, 37.139999, 5567400.0, 31.156631, -0.5499989999999997, 0.1600000000000037, 2.1393781610814444, 0.0, 0.0, -0.8, 0.024870183110139287
'2007-11-29', 37.139999, 37.139999, 35.380001, 35.790001, 4640400.0, 30.024122, 1.9500000000000028, 2.149997000000006, 2.438589398247596, 0.0, 0.0, -0.5, 0.004846540248964424
'2007-11-28', 35.189999, 37.279999, 35.130001, 37.18, 7237900.0, 31.190188, 0.3099980000000002, 1.0399969999999996, 2.7250094606565676, 0.0, 0.0, -0.1, 0.021881226348808173
'2007-11-27', 34.880001, 35.189999, 34.509998, 35.0, 5136200.0, 29.361393, -1.5499989999999997, 0.4400019999999998, 2.9126387749486584, 0.0, 0.1, 0.0, 0.018778662018960376
'2007-11-26', 36.43, 36.43, 34.669998, 34.77, 5316800.0, 29.168447, 1.4399980000000028, 1.5200000000000031, 3.2095786903858374, 0.0, 0.5, 0.0, 0.005874279440021961
'2007-11-23', 34.990002, 36.0, 34.950001, 35.91, 2075200.0, 30.124789, 0.8399999999999963, 0.4300009999999972, 3.5027414068794407, 0.0, 0.8, 0.0, 0.01195578668443633
'2007-11-21', 34.150002, 35.549999, 33.75, 34.830002, 6207300.0, 29.218782, -0.2899969999999996, -0.6699979999999996, 3.817904407743558, 1.0, 1.0, 0.0, 0.014013795456209425
'2007-11-20', 34.439999, 36.27, 34.389999, 35.209999, 8259800.0, 29.53756, -0.47000099999999634, -2.0600009999999997, 4.006618804345424, 0.0, 0.8, 0.0, 0.011106275728985938
'2007-11-19', 34.91, 34.91, 33.610001, 34.419998, 6765300.0, 28.874831, 0.34999899999999684, -0.1399990000000031, 4.282704274240873, 0.0, 0.5, -0.1, 0.008243419586874197
'2007-11-16', 34.560001, 34.73, 33.540001, 34.32, 5728700.0, 28.790942, -0.25999900000000054, 1.9700009999999963, 4.571901753525551, 0.0, 0.1, -0.5, 0.008506941304776005
'2007-11-15', 34.82, 34.849998, 33.720001, 34.259998, 7411400.0, 28.740607, -1.6799999999999997, 2.369999, 4.7472675296077265, 0.0, 0.0, -0.8, 0.006997023654117278
'2007-11-14', 36.5, 36.830002, 34.77, 34.889999, 8351400.0, 29.269113, 1.4500010000000003, 2.979999999999997, 4.906860599915323, -1.0, 0.1, -1.0, 0.0
'2007-11-13', 35.049999, 36.080002, 33.860001, 35.939999, 8553600.0, 30.149955, 2.4599989999999963, 2.4799989999999994, 5.091098129524303, 0.0, 0.5, -0.8, 0.0413695018935664
'2007-11-12', 32.59, 34.799999, 32.25, 33.689999, 8342600.0, 28.262436, 0.1399990000000031, -1.1500019999999935, 5.19213498335075, 0.0, 0.8, -0.5, 0.05998772629640988
'2007-11-09', 32.450001, 33.200001, 32.0, 32.580002, 10539000.0, 27.331264, -1.0699990000000028, -2.4500010000000003, 5.195181408632557, 1.0, 1.0, -0.1, 0.041602453777017344
'2007-11-08', 33.52, 33.52, 30.52, 32.299999, 13212000.0, 27.09637, 0.9500000000000028, -1.1899990000000003, 5.127226136525303, 0.0, 0.8, 0.0, 0.02222553699284007
'2007-11-07', 32.57, 33.720001, 32.400002, 33.07, 8949100.0, 27.742321, -1.1700019999999967, -3.5400009999999966, 5.04750020133194, 0.0, 0.5, 0.0, 0.024132637396377034
'2007-11-06', 33.740002, 34.27, 33.23, 33.400002, 8606500.0, 28.019159, -1.1600000000000037, -2.4699970000000064, 4.879343332298515, 0.0, 0.1, -0.1, 0.013633658547698583
'2007-11-05', 34.900002, 35.25, 33.849998, 33.93, 7666300.0, 28.463773, 0.19000299999999726, -1.7899969999999996, 4.719380281157603, 0.0, 0.0, -0.5, 0.006549316038925807
'2007-11-02', 34.709999, 35.369999, 34.169998, 35.18, 6298100.0, 29.512394, -1.4000019999999935, -1.5800019999999932, 4.643441589424958, 0.0, 0.0, -0.8, 0.00644627287370419
'2007-11-01', 36.110001, 36.380001, 35.119999, 35.139999, 6730400.0, 29.478838, -0.09999800000000647, 0.5499999999999972, 4.517320677164139, -1.0, 0.0, -1.0, 0.0
'2007-10-31', 36.209999, 36.799999, 35.650002, 36.560001, 6796400.0, 30.670073, -0.4799999999999969, -0.12000299999999697, 4.458725543495994, 0.0, 0.0, -0.8, -0.0027616128904064995
'2007-10-30', 36.689999, 37.099998, 35.68, 35.900002, 10623800.0, 30.116401, 0.39999800000000363, -0.24000099999999946, 4.322030088480959, 0.0, 0.0, -0.5, -0.007904034012102363
'2007-10-29', 36.290001, 37.740002, 36.25, 37.099998, 9737800.0, 31.123075, 0.7299999999999969, -1.7099990000000034, 4.119058391242845, 0.0, 0.0, -0.1, -0.0016533479842009348
'2007-10-26', 35.560001, 36.349998, 35.099998, 36.16, 8459700.0, 30.334513, -0.7700010000000006, -5.489998, 3.86172518925606, 0.0, 0.0, 0.0, 0.0038667040532422733
'2007-10-25', 36.330002, 36.57, 35.07, 35.18, 13755400.0, 29.512394, -0.5999979999999994, -6.219996999999999, 3.4746696339654366, 0.0, 0.0, 0.0, -0.0012111257246834363
'2007-10-24', 36.93, 37.169998, 36.189999, 36.400002, 12567000.0, 30.53585, -1.0700000000000003, -5.290001000000004, 3.0634866660285622, 0.0, 0.0, 0.0, -0.0037006904955321006
'2007-10-23', 38.0, 38.939999, 36.150002, 36.599998, 34057900.0, 30.703626, -3.0499989999999997, -4.709999000000003, 2.6179575003810656, 0.0, 0.0, 0.0, -0.0071052593984962525
'2007-10-22', 41.049999, 42.110001, 40.57, 41.470001, 7805100.0, 34.789057, -1.5, -0.8100019999999972, 2.213964417209128, 0.0, 0.0, 0.0, -0.015042625214193072
'2007-10-19', 42.549999, 42.669998, 41.110001, 41.279999, 4942800.0, 34.629664, 0.32999799999999624, -1.4000020000000006, 2.0253676519424233, 0.0, 0.0, 0.0, -0.016816811989427628
'2007-10-18', 42.220001, 43.02, 42.220001, 42.700001, 5491000.0, 35.8209, -0.48999799999999993, -2.1599999999999966, 1.9334832863804359, 0.0, 0.0, 0.0, -0.014471813963244592
'2007-10-17', 42.709999, 44.240002, 42.459999, 43.099998, 7854100.0, 36.156456, 0.8499980000000065, -2.8500019999999964, 1.787177792088623, 0.0, 0.0, 0.0, -0.01404822833598799
'2007-10-16', 41.860001, 42.220001, 41.48, 41.799999, 6410200.0, 35.065891, -2.0900000000000034, -2.880001, 1.7182994088475656, 0.0, 0.0, 0.0, -0.011446886173430017
'2007-10-15', 43.950001, 43.950001, 41.419998, 41.740002, 9506800.0, 35.015559, -0.4299999999999997, -2.7000010000000003, 1.5618668120060348, 0.0, 0.0, 0.0, -0.013721886447213581
'2007-10-12', 44.380001, 44.93, 43.66, 43.970001, 3982800.0, 36.886299, -1.1799999999999997, -3.110000999999997, 1.5828269582200654, 0.0, 0.0, 0.0, -0.013310371167280639
'2007-10-11', 45.560001, 45.75, 43.82, 44.27, 5931600.0, 37.137967, 0.8199990000000028, -1.0599980000000002, 1.759841843241528, 0.0, 0.0, 0.0, -0.013827918923882382
'2007-10-10', 44.740002, 45.73, 44.720001, 45.310001, 3265300.0, 38.010421, -1.9100000000000037, -2.1799960000000027, 1.961982659115055, 0.0, 0.1, 0.0, -0.01205576750980029
'2007-10-09', 46.650002, 46.75, 44.599998, 45.099998, 7504500.0, 37.83425, -0.8399999999999963, -0.649996999999999, 2.0440833812416055, 0.0, 0.5, 0.0, -0.013290461570045155
'2007-10-08', 47.490002, 47.619999, 46.150002, 46.650002, 1942200.0, 39.134543, 0.870002999999997, 0.49000199999999694, 2.052853117736734, 0.0, 0.8, 0.0, -0.013312744812640307
'2007-10-05', 46.619999, 47.889999, 46.360001, 47.419998, 4000800.0, 39.780491, -0.2999989999999997, -1.2000010000000003, 2.0776738139299518, 1.0, 1.0, 0.0, -0.011865246703966775
'2007-10-04', 46.919998, 47.110001, 45.59, 45.959999, 3882700.0, 38.555702, -0.38000100000000003, -0.5900000000000034, 2.113438349325918, 0.0, 0.8, 0.0, -0.011519605137238074
'2007-10-03', 47.299999, 47.299999, 46.599998, 46.919998, 3984700.0, 39.361042, 0.2999989999999997, 0.3199990000000028, 2.129191183556515, 0.0, 0.5, 0.0, -0.01126547693201955
'2007-10-02', 47.0, 47.470001, 46.740002, 47.200001, 3136100.0, 39.595936, -0.8200000000000003, -0.2700000000000031, 2.1254371095641886, 0.0, 0.1, 0.0, -0.010531913926499036
'2007-10-01', 47.82, 47.82, 46.130001, 47.07, 4449700.0, 39.486878, 0.3100019999999972, 0.869999, 2.1233772914867375, 0.0, 0.0, 0.0, -0.010646808684741698
'2007-09-28', 47.509998, 48.220001, 46.98, 47.27, 1939500.0, 39.654658, 0.5299980000000062, -1.110000999999997, 2.0867852006166507, 0.0, 0.0, 0.0, -0.00999789296981238
'2007-09-27', 46.98, 48.029999, 46.509998, 47.599998, 2332800.0, 39.931493, -0.29000000000000625, -1.8600000000000065, 2.124122957756458, 0.0, 0.0, 0.0, -0.009255001277139208
'2007-09-26', 47.27, 47.610001, 46.119999, 46.990002, 2861900.0, 39.419768, 0.3199990000000028, -2.3800019999999975, 2.1213984861829567, 0.0, 0.0, 0.0, -0.009080404712697927
'2007-09-25', 46.950001, 47.130001, 46.110001, 46.959999, 4242700.0, 39.394599, -1.6699979999999996, -1.75, 2.0864163556580206, 0.0, 0.0, 0.0, -0.008551256079451024
'2007-09-24', 48.619999, 49.02, 47.34, 47.669998, 3257700.0, 39.990215, -0.22000100000000344, 1.879997000000003, 2.0773524480190235, 0.0, 0.0, 0.0, -0.009189338791577165
'2007-09-21', 48.84, 49.540001, 47.98, 48.279999, 3320600.0, 40.501943, -0.8100019999999972, 1.4100000000000037, 2.022351493518132, 0.0, 0.0, 0.0, -0.00898782724731001
'2007-09-20', 49.650002, 50.0, 48.349998, 48.73, 3924100.0, 40.879447, 0.9500010000000003, 2.6600000000000037, 1.892818201695121, 0.0, 0.0, 0.0, -0.009090299063163517
'2007-09-19', 48.700001, 50.950001, 48.419998, 50.07, 7539600.0, 42.003569, 1.9599990000000034, 2.4200020000000038, 1.8051421016029099, 0.0, 0.0, 0.0, -0.008339405008596706
'2007-09-18', 46.740002, 47.98, 45.959999, 47.830002, 4468300.0, 40.124442, -0.6899980000000028, 1.610000999999997, 1.6930570304765342, 0.0, 0.0, 0.0, -0.007107135580567583
'2007-09-17', 47.43, 47.599998, 45.93, 46.52, 4157900.0, 39.025486, 0.4399980000000028, 3.4799989999999994, 1.6710648261384644, 0.0, 0.0, 0.0, -0.0072323481494259495
'2007-09-14', 46.990002, 48.259998, 46.540001, 47.939999, 3867600.0, 40.216718, 0.7100030000000004, 1.990001999999997, 1.7019594198587962, 0.0, 0.0, 0.0, -0.006809959901933282
'2007-09-13', 46.279999, 47.759998, 45.860001, 47.48, 6349800.0, 39.830826, 1.1499979999999965, 1.5799979999999962, 1.7411706794380784, 0.0, 0.0, 0.0, -0.0062785518087105285
'2007-09-12', 45.130001, 46.400002, 45.0, 46.0, 4137300.0, 38.589259, 1.1799999999999997, -0.9899979999999999, 1.7295492454205914, 0.0, 0.0, 0.0, -0.005551862397600116
'2007-09-11', 43.950001, 45.970001, 43.810001, 45.880001, 5696500.0, 38.488592, -1.0499989999999997, 0.04999899999999968, 1.8397528452912304, 0.0, 0.0, -0.1, -0.004821203346318285
'2007-09-10', 45.0, 45.150002, 43.240002, 43.93, 4415700.0, 36.852742, 0.2999989999999997, 0.8899990000000031, 1.842818235939949, 0.0, 0.0, -0.5, -0.0051988298245614056
'2007-09-07', 44.700001, 45.75, 43.599998, 44.669998, 6140800.0, 37.473524, -1.4199979999999996, 1.119999, 1.8838971140170462, 0.0, 0.0, -0.8, -0.004927436360827158
'2007-09-06', 46.119999, 46.360001, 45.23, 45.950001, 4722800.0, 38.547315, 2.2199969999999993, 4.3999979999999965, 1.9471180026392225, -1.0, 0.0, -1.0, 0.0
'2007-09-05', 43.900002, 46.639999, 43.740002, 45.810001, 7430300.0, 38.42987, -0.20999899999999627, 2.430000999999997, 2.0654502082278285, 0.0, 0.0, -0.8, 0.05056940544102935
'2007-09-04', 44.110001, 44.700001, 44.009998, 44.439999, 4089400.0, 37.280578, 0.5299989999999966, 1.3899999999999935, 2.215388060042613, 0.0, 0.1, -0.5, 0.022783926030743043
'2007-08-31', 43.580002, 45.0, 43.580002, 44.529999, 5510000.0, 37.356079, 1.860000999999997, -1.359997, 2.3019259144757505, 0.0, 0.5, -0.1, 0.019427848274689536
'2007-08-30', 41.720001, 43.490002, 41.009998, 43.029999, 6289100.0, 36.097734, 0.25, -2.0099989999999934, 2.4247729197187855, 0.0, 0.8, 0.0, 0.026366238581825515
'2007-08-29', 41.470001, 42.0, 40.290001, 41.880001, 8114200.0, 35.133004, -1.25, -2.199996999999996, 2.3984788471680902, 1.0, 1.0, 0.0, 0.022425839825757403
'2007-08-28', 42.720001, 42.790001, 41.400002, 41.459999, 6418200.0, 34.780666, -2.219997999999997, -1.2899969999999996, 2.3052552736450735, 0.0, 0.8, 0.0, 0.01326466105029662
'2007-08-27', 44.939999, 44.970001, 42.75, 42.790001, 5269700.0, 35.8964, 1.2099990000000034, 0.6600000000000037, 2.2580359633396414, 0.0, 0.5, 0.0, 0.0037510332069973684
'2007-08-24', 43.73, 45.07, 43.599998, 45.0, 3042300.0, 37.750362, 0.060001999999997224, -0.6000020000000035, 2.2931677739468808, 0.0, 0.1, 0.0, 0.006831691630459648
'2007-08-23', 43.669998, 44.650002, 43.509998, 44.139999, 3936000.0, 37.02891, -0.3400000000000034, -1.0300030000000007, 2.3355941937382974, 0.0, 0.0, 0.0, 0.0062336236730153585
'2007-08-22', 44.009998, 44.619999, 42.98, 43.669998, 5325100.0, 36.634627, -0.2700009999999935, 1.6699979999999996, 2.3005024930898843, 0.0, 0.0, -0.1, 0.004794367407151431
'2007-08-21', 44.279999, 44.630001, 42.25, 43.790001, 7542700.0, 36.735297, -0.050003000000003794, 0.6800009999999972, 2.2746965122703724, 0.0, 0.1, -0.5, 0.003777613619023063
'2007-08-20', 44.330002, 45.950001, 43.970001, 44.529999, 3526500.0, 37.356079, -0.36999899999999997, -1.0899959999999993, 2.2400542203560603, 0.0, 0.5, -0.8, 0.0033649088639036524
'2007-08-17', 44.700001, 46.0, 42.970001, 44.32, 9090800.0, 37.179912, 2.360000999999997, -1.9099999999999966, 2.196507027153553, -1.0, 0.8, -1.0, 0.0024436378733999438
'2007-08-16', 42.34, 44.490002, 41.0, 43.419998, 8616400.0, 36.424903, -1.259997999999996, -0.1599999999999966, 2.133956924687995, 1.0, 1.0, -0.8, 0.006376946825021925
'2007-08-15', 43.599998, 44.720001, 43.060001, 43.400002, 3843000.0, 36.408128, -1.8200000000000003, -2.0800020000000004, 1.8964712573096447, 0.0, 0.8, -0.5, 0.003853212714979178
'2007-08-14', 45.419998, 45.880001, 43.599998, 43.93, 4193800.0, 36.852742, -1.1900029999999973, -3.1000020000000035, 1.73012855648274, 0.0, 0.5, -0.8, 0.0009632334748231389
'2007-08-13', 46.610001, 47.0, 45.220001, 45.889999, 4376800.0, 38.49698, 4.110000999999997, -0.11999899999999997, 1.6673578099633768, -1.0, 0.1, -1.0, 0.0
'2007-08-10', 42.5, 46.16, 40.77, 44.990002, 7964300.0, 37.741974, -3.1799999999999997, -3.5999979999999994, 1.6489976415997154, 0.0, 0.0, -0.8, 0.09670590588235287
'2007-08-09', 45.68, 46.880001, 43.380001, 44.150002, 6407800.0, 37.037301, -2.8400000000000034, -2.2700010000000006, 1.2993060755569532, 0.0, 0.0, -0.5, 0.010179520577933419
'2007-08-08', 48.52, 48.52, 45.619999, 46.279999, 7187700.0, 38.824149, 1.7900000000000063, 0.7700000000000031, 1.2660539472626002, 0.0, 0.0, -0.1, -0.01312172987084368
'2007-08-07', 46.73, 48.91, 46.529999, 48.549999, 5232300.0, 40.728445, 0.6300019999999975, 0.8999979999999965, 1.289861429767357, 0.0, 0.0, 0.0, -0.0006419805264284184
'2007-08-06', 46.099998, 46.889999, 43.709999, 46.73, 6003100.0, 39.201653, -1.850003000000001, -2.110001000000004, 1.273896667186219, 0.0, 0.1, 0.0, 0.00221259445607784
'2007-08-03', 47.950001, 48.299999, 45.959999, 45.959999, 4078000.0, 38.555702, 0.20000100000000032, 2.0499989999999997, 1.2148733915018308, 0.0, 0.5, 0.0, -0.004657629378012607
'2007-08-02', 47.75, 48.0, 46.68, 47.959999, 3739900.0, 40.233496, 1.9199979999999996, 0.7000010000000003, 1.2143768119955565, 0.0, 0.8, 0.0, -0.0034106178010471296
'2007-08-01', 45.830002, 47.509998, 45.709999, 47.41, 7680000.0, 39.772103, -2.379997000000003, -1.869999, 1.2359141952782684, 1.0, 1.0, 0.0, 0.0021274246289581127
'2007-07-31', 48.209999, 48.5, 44.580002, 45.459999, 9234800.0, 38.136254, 2.3099970000000027, -0.7900009999999966, 1.1474745510037976, 0.0, 0.8, 0.0, -0.003687566049432116
'2007-07-30', 45.900002, 48.040001, 45.599998, 47.869999, 7988000.0, 40.157995, -1.149996999999999, -3.9199979999999996, 1.1488077084627912, 0.0, 0.5, 0.0, 0.0015468387125560392
'2007-07-27', 47.049999, 47.32, 45.470001, 45.560001, 4876400.0, 38.220145, -0.6500020000000006, -2.0300030000000007, 1.0557861988538193, 0.0, 0.1, 0.0, -0.0008501555585966842
'2007-07-26', 47.700001, 47.700001, 45.68, 46.830002, 6262200.0, 39.285545, -1.2999989999999997, -2.5499989999999997, 1.0211565846633452, 0.0, 0.0, 0.0, -0.0019042627133977127
'2007-07-25', 49.0, 49.23, 47.310001, 48.099998, 3791700.0, 40.350941, -0.8200000000000003, -0.49000199999999694, 1.014884888032561, 0.0, 0.0, 0.0, -0.003751960753532187
'2007-07-24', 49.82, 49.830002, 48.41, 49.0, 3406800.0, 41.10595, 0.7399979999999999, 0.8299980000000033, 1.016253426770867, 0.0, 0.0, 0.0, -0.00460228106899123
'2007-07-23', 49.080002, 49.540001, 48.830002, 49.049999, 1929600.0, 41.147894, -1.1699979999999996, 0.17999999999999972, 0.9933524685635844, 0.0, 0.0, 0.0, -0.0033550677796087614
'2007-07-20', 50.25, 50.25, 48.57, 48.869999, 2832800.0, 40.996892, 0.7599980000000031, 1.0499989999999997, 0.9950901179296927, 0.0, 0.0, 0.0, -0.0045273619402985115
'2007-07-19', 49.490002, 50.279999, 49.240002, 49.880001, 2638900.0, 41.84418, 0.5, -1.0299980000000062, 0.9561308219423168, 0.0, 0.0, 0.0, -0.0034231524890504504
'2007-07-18', 48.990002, 49.540001, 48.509998, 48.970001, 2817800.0, 41.080784, 0.0899999999999963, -0.25999800000000306, 0.9916373154206919, 0.0, 0.0, 0.0, -0.002698964531125714
'2007-07-17', 48.900002, 49.439999, 48.689999, 49.119999, 2309800.0, 41.206616, -0.2999989999999997, -0.6099960000000024, 1.1240437828667285, 0.0, 0.0, 0.0, -0.002464751809643133
'2007-07-16', 49.200001, 49.5, 48.310001, 48.84, 2900200.0, 40.971726, -1.3199990000000028, -0.09999799999999937, 1.2323542231667406, 0.0, 0.0, -0.1, -0.002632113767639968
'2007-07-13', 50.52, 50.560001, 49.110001, 49.84, 2389400.0, 41.810623, 1.2700000000000031, 1.1500010000000032, 1.3283767062016554, 0.0, 0.0, -0.5, -0.003685479583757499
'2007-07-12', 49.25, 50.790001, 48.720001, 50.700001, 3818600.0, 42.532075, -0.25999800000000306, 1.4500010000000003, 1.3681835873080628, 0.0, 0.0, -0.8, -0.0024365473004153235
'2007-07-11', 49.509998, 49.900002, 48.299999, 48.720001, 3053600.0, 40.871059, 0.20999900000000338, 1.509998000000003, 1.365878035844152, -1.0, 0.0, -1.0, 0.0
'2007-07-10', 49.299999, 49.400002, 48.84, 49.139999, 3578900.0, 41.223395, -0.07000000000000028, 1.759998000000003, 1.3594969372288541, 0.0, 0.0, -0.8, 0.004259614690864464
'2007-07-09', 49.369999, 49.900002, 48.880001, 49.43, 4665500.0, 41.466676, 1.5700000000000003, 1.7199969999999993, 1.3615141877912245, 0.0, 0.0, -0.5, 0.001417855001374449
'2007-07-06', 47.799999, 49.459999, 47.68, 49.369999, 3900700.0, 41.416341, -0.20000100000000032, 0.18999800000000278, 1.3613493209480179, 0.0, 0.0, -0.1, 0.011924679468438228
'2007-07-05', 48.0, 48.130001, 47.34, 47.900002, 3842200.0, 40.183164, 0.4599990000000034, 0.6899990000000003, 1.357553033758823, 0.0, 0.0, 0.0, 0.007864572916666682
'2007-07-03', 47.540001, 47.91, 47.299999, 47.580002, 1307500.0, 39.914717, -0.11000100000000401, 1.2900009999999966, 1.350975937017798, 0.0, 0.0, 0.0, 0.008287744882462273
'2007-07-02', 47.650002, 47.830002, 46.779999, 47.25, 2082600.0, 39.63788, 0.04000100000000373, 0.850003000000001, 1.3393872747976994, 0.0, 0.1, 0.0, 0.006505756984718148
'2007-06-29', 47.610001, 48.380001, 47.080002, 47.389999, 2873200.0, 39.755325, 0.29999999999999716, 0.3600009999999969, 1.3316927092326258, 0.0, 0.5, 0.0, 0.005701074084353491
'2007-06-28', 47.310001, 47.860001, 47.110001, 47.34, 1959100.0, 39.713381, 1.0600009999999997, -0.6800009999999972, 1.33644203432557, 0.0, 0.8, 0.0, 0.005812716533233648
'2007-06-27', 46.25, 47.380001, 46.110001, 47.240002, 2999300.0, 39.629492, -0.5499989999999997, -1.7700000000000031, 1.3859648621492062, 1.0, 1.0, 0.0, 0.007831827027027035
'2007-06-26', 46.799999, 47.389999, 46.580002, 46.619999, 2575100.0, 39.109374, -0.4500010000000003, -2.8400000000000034, 1.3461240399017211, 0.0, 0.8, 0.0, 0.005790596277576851
'2007-06-25', 47.25, 47.459999, 46.220001, 46.509998, 2646800.0, 39.017095, -0.7400019999999969, -1.3100009999999997, 1.3171656462356964, 0.0, 0.5, -0.1, 0.004348240500240506
'2007-06-22', 47.990002, 48.099998, 46.27, 47.119999, 4830800.0, 39.528822, -0.029998000000006186, -0.7799980000000062, 1.2864336072003915, 0.0, 0.1, -0.5, 0.0026394317160756495
'2007-06-21', 48.02, 48.080002, 47.25, 48.029999, 2378700.0, 40.292219, -1.619999, -1.1300019999999975, 1.2765699148112415, 0.0, 0.0, -0.8, 0.0023868227981930605
'2007-06-20', 49.639999, 49.700001, 47.959999, 48.02, 2590700.0, 40.283831, 1.0799980000000033, 0.75, 1.2680418792247732, -1.0, 0.0, -1.0, 0.0
'2007-06-19', 48.560001, 49.700001, 48.18, 49.57, 2832200.0, 41.584121, -0.20999900000000338, 0.6099999999999994, 1.268741175050233, 0.0, 0.0, -0.8, 0.02224048553870506
'2007-06-18', 48.77, 49.110001, 48.0, 48.630001, 2049300.0, 40.795559, -0.3800019999999975, 0.7000000000000028, 1.2714345771612932, 0.0, 0.0, -0.5, 0.008919407422595857
'2007-06-15', 49.150002, 49.299999, 48.34, 48.689999, 2787300.0, 40.84589, 0.26000299999999754, 0.12000300000000408, 1.2861961430345348, 0.0, 0.0, -0.1, 0.0033231399122493253
'2007-06-14', 48.889999, 49.5, 48.5, 48.869999, 3517700.0, 40.996892, 0.9399980000000028, 1.0200000000000031, 1.28574706345344, 0.0, 0.0, 0.0, 0.0038351401888963013
'2007-06-13', 47.950001, 48.939999, 47.779999, 48.889999, 3224700.0, 41.01367, -0.11999899999999997, -1.4500010000000003, 1.2865681151381856, 0.0, 0.1, 0.0, 0.007049000895745562
'2007-06-12', 48.07, 48.09, 47.310001, 47.48, 2765200.0, 39.830826, -0.9599989999999963, -2.1700019999999967, 1.277063162781997, 0.0, 0.5, 0.0, 0.005443447056376127
'2007-06-11', 49.029999, 49.029999, 48.009998, 48.07, 2816500.0, 40.325775, 1.1599999999999966, -2.440002000000007, 1.3302621623329678, 0.0, 0.8, 0.0, 0.00177733752641639
'2007-06-08', 47.869999, 49.200001, 47.099998, 49.02, 3411500.0, 41.122728, -1.5300030000000007, -3.5300030000000007, 1.3937977939912167, 1.0, 1.0, 0.0, 0.004621892722412641
'2007-06-07', 49.400002, 49.509998, 47.82, 47.860001, 3611900.0, 40.149608, -0.8399999999999963, -2.0599970000000027, 1.421981881976043, 0.0, 0.8, 0.0, 0.0005398042966341096
'2007-06-06', 50.240002, 50.27, 48.799999, 49.119999, 5150100.0, 41.206616, -1.2299990000000065, -1.0299980000000062, 1.4655648984004694, 0.0, 0.5, 0.0, -0.001194273439718402
'2007-06-05', 51.470001, 51.5, 50.080002, 50.34, 3701600.0, 42.230072, 0.06999900000000281, 2.4799990000000065, 1.5712256795257662, 0.0, 0.1, 0.0, -0.00323224820185681
'2007-06-04', 51.400002, 51.959999, 51.150002, 51.549999, 2638500.0, 43.245136, -0.05999700000000274, 2.4000020000000006, 1.733513692206625, 0.0, 0.0, 0.0, -0.002853441847466591
'2007-06-01', 51.459999, 51.810001, 51.0, 51.34, 2978600.0, 43.068969, 0.18999900000000025, 3.4599990000000034, 1.8147975841340653, 0.0, 0.0, 0.0, -0.0027205597108542505
'2007-05-31', 51.27, 51.970001, 51.189999, 51.360001, 2999200.0, 43.085747, 2.279998000000006, 1.9099990000000062, 1.8523079919329937, 0.0, 0.0, 0.0, -0.0022708921953802
'2007-05-30', 48.990002, 52.0, 48.740002, 51.150002, 6077200.0, 42.909579, -0.00999800000000306, -0.4599990000000034, 1.8915629112928913, 0.0, 0.0, 0.0, 0.0008845301401158086
'2007-05-29', 49.0, 49.66, 48.610001, 49.110001, 2552700.0, 41.198229, 1.0, 0.020000000000003126, 1.99026429341009, 0.0, 0.0, -0.1, 0.0008163252551020448
'2007-05-25', 48.0, 49.029999, 48.0, 48.66, 1978200.0, 40.820724, -1.360000999999997, 0.0, 2.048249377829451, 0.0, 0.0, -0.5, 0.002009802696078435
'2007-05-24', 49.360001, 49.700001, 48.439999, 48.610001, 3430400.0, 40.77878, -0.09000000000000341, 1.4000019999999935, 2.1309838813720816, 0.0, 0.0, -0.8, 0.0003151427092646288
'2007-05-23', 49.450001, 49.810001, 49.169998, 49.259998, 3881500.0, 41.324061, 0.47000100000000344, 1.990001999999997, 2.1452109250351037, -1.0, 0.0, -1.0, 0.0
'2007-05-22', 48.98, 49.470001, 48.75, 49.23, 4417800.0, 41.298895, 0.9799999999999969, 2.6899990000000003, 2.1674330706367764, 0.0, 0.0, -0.8, 0.009595773785218528
'2007-05-21', 48.0, 49.099998, 48.0, 48.580002, 3205600.0, 40.753614, 0.04000099999999662, 0.9900019999999969, 2.170377309650469, 0.0, 0.1, -0.5, 0.015104177083333337
'2007-05-18', 47.959999, 48.119999, 47.150002, 47.959999, 2686900.0, 40.233496, 0.5, 0.4599990000000034, 2.1492708740410595, 0.0, 0.5, -0.1, 0.010355866215371112
'2007-05-17', 47.459999, 48.299999, 47.189999, 47.900002, 2559200.0, 40.183164, 1.1699980000000068, -1.0400009999999966, 2.1225262705300247, 0.0, 0.8, 0.0, 0.010482522344764466
'2007-05-16', 46.290001, 47.490002, 46.220001, 47.459999, 4472900.0, 39.814048, -0.7199970000000064, -2.7299990000000065, 2.0551133809925375, 1.0, 1.0, 0.0, 0.013653056520780823
'2007-05-15', 47.009998, 47.619999, 46.060001, 46.099998, 6197600.0, 38.673147, -0.49000199999999694, -1.5400009999999966, 1.9022893241043128, 0.0, 0.8, 0.0, 0.008650652711507585
'2007-05-14', 47.5, 47.779999, 47.009998, 47.360001, 2912300.0, 39.730159, -1.0, -0.5900000000000034, 1.7840398677910636, 0.0, 0.5, 0.0, 0.005864664661654136
'2007-05-11', 48.5, 48.799999, 47.380001, 47.84, 3439100.0, 40.132829, -0.5200000000000031, -0.9199979999999996, 1.6873242596691658, 0.0, 0.1, 0.0, 0.0024484561855670113
'2007-05-10', 49.02, 49.34, 48.0, 48.119999, 3332300.0, 40.367719, 0.47000100000000344, 1.2200010000000034, 1.6359585518524635, 0.0, 0.0, 0.0, 0.0009746611360442386
'2007-05-09', 48.549999, 49.389999, 48.310001, 49.330002, 2739900.0, 41.382787, 0.45999899999999627, -0.04999899999999968, 1.6042531136884886, 0.0, 0.0, 0.0, 0.0018537631689755556
'2007-05-08', 48.09, 48.650002, 47.849998, 48.549999, 3347300.0, 40.728445, -1.3299979999999962, -0.4799999999999969, 1.543447871790546, 0.0, 0.0, 0.0, 0.00257093895914856
'2007-05-07', 49.419998, 49.459999, 47.919998, 48.200001, 3581900.0, 40.434833, 1.619999, 0.3200000000000003, 1.4528845937503476, 0.0, 0.0, 0.0, 5.059186768886667e-05
'2007-05-04', 47.799999, 49.200001, 47.77, 49.139999, 3944900.0, 41.223395, -0.7999989999999997, -3.3200000000000003, 1.4201890875362277, 0.0, 0.0, 0.0, 0.0026552977703876274
'2007-05-03', 48.599998, 48.619999, 47.52, 47.75, 4442800.0, 40.057328, 0.02999799999999908, -2.680000999999997, 1.2838214267314636, 0.0, 0.0, 0.0, 0.0012492695987353758
'2007-05-02', 48.57, 49.279999, 48.139999, 48.599998, 5080900.0, 40.77039, -0.5299979999999991, -2.4900009999999995, 1.2101209130776835, 0.0, 0.0, 0.0, 0.0012078800356873243
'2007-05-01', 49.099998, 49.099998, 46.810001, 48.099998, 8523500.0, 40.350941, -2.0200010000000006, -2.0300030000000007, 1.1509452741122752, 0.0, 0.0, 0.0, 0.00044552318515369513
'2007-04-30', 51.119999, 51.119999, 48.709999, 48.830002, 5514900.0, 40.963339, -0.1599999999999966, -1.380001, 1.1490243311615222, 0.0, 0.0, 0.0, -0.0019216584192536508
'2007-04-27', 51.279999, 51.490002, 51.02, 51.25, 4069300.0, 42.993468, 0.2199979999999968, -2.5900000000000034, 1.210452602055665, 0.0, 0.0, 0.0, -0.0019825771750805877
'2007-04-26', 51.060001, 51.48, 50.439999, 51.279999, 4043800.0, 43.018634, -0.07000000000000028, -1.8900000000000006, 1.2884579024386722, 0.0, 0.0, 0.0, -0.001659554258631196
'2007-04-25', 51.130001, 51.200001, 50.369999, 50.75, 5344200.0, 42.574019, -1.369999, -1.1699979999999996, 1.3902628814728215, 0.0, 0.0, 0.0, -0.0016428710807183436
'2007-04-24', 52.5, 53.0, 49.599998, 50.259998, 10214900.0, 42.162958, -1.369999, 0.2700000000000031, 1.4055618992342152, 0.0, 0.0, 0.0, -0.0027664390022675736
'2007-04-23', 53.869999, 54.0, 52.900002, 53.349998, 3427400.0, 44.75515, 0.9199979999999996, 0.8999979999999965, 1.4051824410299516, 0.0, 0.0, 0.0, -0.0037295155695102203
'2007-04-20', 52.950001, 53.810001, 52.68, 53.790001, 4107100.0, 45.124267, 0.6500020000000006, 0.5600019999999972, 1.30840222148192, 0.0, 0.0, 0.0, -0.0028739170947981335
'2007-04-19', 52.299999, 52.5, 51.68, 51.830002, 2030000.0, 43.480029, 0.06999900000000281, -1.2000010000000003, 1.2966147127042207, 0.0, 0.0, 0.0, -0.002270552943350279
'2007-04-18', 52.23, 52.84, 51.950001, 52.740002, 2818100.0, 44.243426, -0.7400010000000066, 0.8299979999999962, 1.3562440654989176, 0.0, 0.0, 0.0, -0.0021290438445337903
'2007-04-17', 52.970001, 53.07, 51.93, 52.23, 2689700.0, 43.815586, 0.5800020000000004, 1.1800000000000068, 1.4539389271297913, 0.0, 0.0, 0.0, -0.0025558733779260357
'2007-04-16', 52.389999, 53.299999, 52.27, 52.970001, 2995100.0, 44.436371, -1.110000999999997, 1.0400010000000037, 1.4726154361999757, 0.0, 0.0, -0.1, -0.0020784275032113457
'2007-04-13', 53.5, 53.5, 51.630001, 51.990002, 2969100.0, 43.614253, 2.0999979999999994, 1.889999000000003, 1.4537050694770453, 0.0, 0.0, -0.5, -0.002703604138851802
'2007-04-12', 51.400002, 52.939999, 50.650002, 52.860001, 4395400.0, 44.344092, -0.389998999999996, -0.34999799999999937, 1.4020115786972083, 0.0, 0.0, -0.8, -0.0013081986610254113
'2007-04-11', 51.790001, 52.0, 51.110001, 51.25, 3171100.0, 42.993468, 0.44000299999999726, 0.75, 1.516935290314339, -1.0, 0.0, -1.0, 0.0
'2007-04-10', 51.349998, 51.700001, 51.09, 51.439999, 2860900.0, 43.152857, -0.26000299999999754, 1.0399969999999996, 1.5174450141387148, 0.0, 0.0, -0.8, 0.008568705299657408
'2007-04-09', 51.610001, 51.610001, 50.889999, 51.299999, 2158100.0, 43.035412, -0.1399990000000031, 1.5299989999999966, 1.4855766327968718, 0.0, 0.0, -0.5, 0.0017438480576661849
'2007-04-05', 51.75, 51.759998, 51.27, 51.400002, 1855600.0, 43.119303, 0.7099990000000034, 1.759998000000003, 1.4337432303825004, 0.0, 0.0, -0.1, 0.00025765539452493797
'2007-04-04', 51.040001, 51.689999, 50.740002, 51.639999, 2441500.0, 43.320637, 0.7299999999999969, 0.7900009999999966, 1.3683476147858267, 0.0, 0.1, 0.0, 0.0036735892697180787
'2007-04-03', 50.310001, 51.34, 50.310001, 50.970001, 3331300.0, 42.758578, 0.2299989999999994, 0.06000099999999975, 1.3600513302245947, 0.0, 0.5, 0.0, 0.005883522045646538
'2007-04-02', 50.080002, 50.490002, 49.639999, 50.189999, 2758500.0, 42.104236, 0.09000000000000341, -0.7999989999999997, 1.3536121660542684, 0.0, 0.8, 0.0, 0.005690891013409559
'2007-03-30', 49.990002, 50.700001, 49.779999, 50.049999, 2890800.0, 41.986791, -0.25999800000000306, -1.8400000000000034, 1.3459286467471068, 1.0, 1.0, 0.0, 0.005143882856530277
'2007-03-29', 50.25, 50.799999, 49.200001, 49.799999, 2808700.0, 41.777066, 0.0, -0.5400009999999966, 1.339419052259834, 0.0, 0.8, 0.0, 0.0038308482587064594
'2007-03-28', 50.25, 50.259998, 49.650002, 49.860001, 2833700.0, 41.827401, -0.630001, -0.24000199999999694, 1.3379250493045682, 0.0, 0.5, 0.0, 0.0034051984521835193
'2007-03-27', 50.880001, 50.900002, 50.25, 50.650002, 3037200.0, 42.490131, -0.9500010000000003, 0.880001, 1.3647455762892544, 0.0, 0.1, 0.0, 0.0017885219774268412
'2007-03-26', 51.830002, 51.830002, 50.330002, 50.889999, 2302700.0, 42.691464, 1.0400010000000037, 2.3400000000000034, 1.379492047579261, 0.0, 0.0, 0.0, -7.016118859989401e-05
'2007-03-23', 50.790001, 51.080002, 50.490002, 50.959999, 2044300.0, 42.750187, 0.2999989999999997, 1.6599999999999966, 1.2920243380580447, 0.0, 0.0, 0.0, 0.001640742896093531
'2007-03-22', 50.490002, 50.93, 50.080002, 50.790001, 2257700.0, 42.607576, 0.49000199999999694, 1.2900009999999966, 1.2652309617882667, 0.0, 0.0, 0.0, 0.0019805886138987094
'2007-03-21', 50.0, 50.380001, 49.5, 50.23, 3134100.0, 42.137792, 0.5099980000000031, 1.2000010000000003, 1.252926477678391, 0.0, 0.0, 0.0, 0.0025571442857142807
'2007-03-20', 49.490002, 50.099998, 49.209999, 50.0, 2609100.0, 41.944847, 0.3600009999999969, 1.2200019999999938, 1.2621124825998058, 0.0, 0.0, 0.0, 0.0030982675382932225
'2007-03-19', 49.130001, 49.5, 48.959999, 49.349998, 2198400.0, 41.399562, -0.07000000000000028, -0.7999989999999997, 1.270715525398866, 0.0, 0.0, 0.0, 0.003383879434482401
'2007-03-16', 49.200001, 49.25, 48.380001, 48.77, 3858500.0, 40.913004, 0.40000200000000063, -0.2999989999999997, 1.2904017161337034, 0.0, 0.0, -0.1, 0.0030966044325176
'2007-03-15', 48.799999, 49.25, 48.630001, 49.169998, 2081000.0, 41.248561, 0.5299989999999966, -1.0400010000000037, 1.3221784602191464, 0.0, 0.0, -0.5, 0.0034039185579127175
'2007-03-14', 48.27, 49.169998, 47.529999, 48.799999, 4520100.0, 40.93817, -1.6599999999999966, -0.4799999999999969, 1.442944583058748, 0.0, 0.0, -0.8, 0.0038380611254674834
'2007-03-13', 49.93, 49.93, 48.43, 48.740002, 4714000.0, 40.887838, 0.4299999999999997, 2.0999979999999994, 1.5697513600287223, -1.0, 0.0, -1.0, 0.0
'2007-03-12', 49.5, 50.049999, 49.5, 50.0, 3006800.0, 41.944847, -0.3400000000000034, 2.4500010000000003, 1.690594159105292, 0.0, 0.0, -0.8, 0.00868686868686868
'2007-03-09', 49.84, 49.84, 48.41, 49.32, 2548500.0, 41.374396, 1.0900000000000034, 2.5900000000000034, 1.7822844038171441, 0.0, 0.1, -0.5, 0.0009028892455858376
'2007-03-08', 48.75, 49.799999, 48.52, 49.16, 2729100.0, 41.240173, 0.9199979999999996, 0.5700000000000003, 1.7945930256253548, 0.0, 0.5, -0.1, 0.008068376068376066
'2007-03-07', 47.830002, 49.0, 47.369999, 48.220001, 3652600.0, 40.451611, 0.7800030000000007, 0.8300020000000004, 1.9090229347905954, 0.0, 0.8, -0.1, 0.010976363747590891
'2007-03-06', 47.049999, 48.150002, 47.029999, 47.830002, 3629600.0, 40.124442, -0.20000100000000032, 0.9299999999999997, 1.9925504788254853, 1.0, 1.0, -0.5, 0.012242299941387884
'2007-03-05', 47.25, 47.619999, 46.610001, 46.669998, 4664100.0, 39.151318, -0.9299999999999997, -0.04999899999999968, 2.029143823017444, 0.0, 0.8, -0.8, 0.009453262786596119
'2007-03-02', 48.18, 48.18, 47.540001, 47.66, 4690400.0, 39.981828, 1.1799999999999997, -2.119999, 2.0576680416111164, -1.0, 0.5, -1.0, 0.0
'2007-03-01', 47.0, 48.540001, 45.77, 48.18, 6478600.0, 40.418054, 0.880001, -2.9500010000000003, 2.0692718901211378, 0.0, 0.8, -0.8, 0.025106382978723397
'2007-02-28', 46.119999, 47.639999, 46.099998, 47.189999, 5658700.0, 39.587545, -1.1799999999999997, -3.7299989999999994, 2.07142203406285, 1.0, 1.0, -0.5, 0.022333055557958705
'2007-02-27', 47.299999, 47.5, 42.470001, 46.009998, 6987100.0, 38.597646, -3.0, -3.5300030000000007, 2.0704957621467615, 0.0, 0.8, -0.1, 0.006201557565924404
'2007-02-26', 50.299999, 50.380001, 48.740002, 48.93, 2551000.0, 41.047227, 0.34999799999999937, 0.2999989999999997, 2.083514525272909, 0.0, 0.5, 0.0, -0.01053677456335536
'2007-02-23', 49.950001, 50.279999, 49.540001, 49.970001, 2618100.0, 41.919681, 0.10000300000000095, 0.6600000000000037, 2.019813483930528, 0.0, 0.1, 0.0, -0.007087090949207391
'2007-02-22', 49.849998, 50.080002, 49.119999, 49.73, 2902700.0, 41.718344, -0.980004000000001, 0.5999979999999994, 1.9428469027580277, 0.0, 0.0, 0.0, -0.005583410454700519
'2007-02-21', 50.830002, 51.029999, 49.73, 49.950001, 4204500.0, 41.902902, 0.8300020000000004, 2.5800020000000004, 1.8845226282125729, 0.0, 0.0, 0.0, -0.007447800499510394
'2007-02-20', 50.0, 51.0, 49.689999, 50.830002, 3924600.0, 42.641132, 0.7099990000000034, 2.7099990000000034, 1.7161549334034911, 0.0, 0.0, 0.0, -0.004550000000000001
'2007-02-16', 49.290001, 50.0, 49.009998, 49.98, 3353200.0, 41.928068, 0.04000099999999662, 2.4299999999999997, 1.5630300759176383, 0.0, 0.0, 0.0, -0.002502200079980605
'2007-02-15', 49.25, 49.459999, 49.009998, 49.290001, 2888800.0, 41.34923, 1.0, 1.6599999999999966, 1.4525485557234379, 0.0, 0.0, 0.0, -0.00217258883248731
'2007-02-14', 48.25, 49.580002, 47.810001, 49.380001, 4818700.0, 41.424731, 0.9599990000000034, 0.9399990000000003, 1.3445490456245537, 0.0, 0.0, 0.0, -0.0001318888365520495
'2007-02-13', 47.290001, 48.299999, 47.290001, 48.25, 4563200.0, 40.476777, 0.4299999999999997, 0.22999999999999687, 1.294025972176636, 0.0, 0.0, 0.0, 0.0015683354147810991
'2007-02-12', 46.860001, 47.32, 46.52, 47.209999, 2689200.0, 39.604323, -0.7299990000000065, 0.020000999999993496, 1.303391081653697, 0.0, 0.0, 0.0, 0.0021668455494780045
'2007-02-09', 47.59, 47.75, 46.310001, 46.860001, 2605800.0, 39.310711, 0.27999900000000366, 0.4799990000000065, 1.2990497570750315, 0.0, 0.0, 0.0, 0.0008855401795094952
'2007-02-08', 47.310001, 47.630001, 46.919998, 47.509998, 3248400.0, 39.855992, 0.25, 0.40000100000000316, 1.2969365768100647, 0.0, 0.0, 0.0, 0.0012259550223499961
'2007-02-07', 47.060001, 47.5, 46.830002, 47.439999, 1874400.0, 39.797269, 0.22000099999999634, 0.6099999999999994, 1.2300312764049786, 0.0, 0.0, 0.0, 0.0014874614537301008
'2007-02-06', 46.84, 47.119999, 46.43, 47.049999, 2093900.0, 39.4701, -0.2700009999999935, 1.9000010000000032, 1.1646423651543087, 0.0, 0.0, 0.0, 0.0016828251368865175
'2007-02-05', 47.110001, 47.25, 46.400002, 46.560001, 2290300.0, 39.059042, 0.20000100000000032, 2.4599989999999963, 1.1180830678149505, 0.0, 0.0, 0.0, 0.0012618210067303767
'2007-02-02', 46.91, 47.279999, 46.470001, 47.110001, 3639000.0, 39.520435, 0.45999899999999627, 3.0299989999999966, 1.1258039201097552, 0.0, 0.0, 0.0, 0.001424900986211001
'2007-02-01', 46.450001, 46.799999, 46.049999, 46.759998, 4121400.0, 39.226819, 1.510002, 2.3400000000000034, 1.044631131070348, 0.0, 0.0, 0.0, 0.0018622163215884532
'2007-01-31', 44.939999, 46.02, 44.790001, 45.860001, 3416500.0, 38.471814, 0.2899969999999996, 0.009999000000000535, 0.9831953735319658, 0.0, 0.0, 0.0, 0.0034331500965267465
'2007-01-30', 44.650002, 45.0, 44.34, 44.82, 3921400.0, 37.59936, 0.7700010000000006, 1.1300019999999975, 1.0250782586283562, 0.0, 0.0, -0.1, 0.0035936046440816394
'2007-01-29', 43.880001, 44.900002, 43.830002, 44.52, 3931400.0, 37.347692, -0.22999999999999687, -0.12999700000000303, 1.0443182248088916, 0.0, 0.1, -0.5, 0.004260630674572445
'2007-01-26', 44.110001, 44.389999, 43.52, 43.84, 3147600.0, 36.777242, -0.8199990000000028, -0.8899990000000031, 1.061737625007631, 0.0, 0.5, -0.8, 0.00384455424670398
'2007-01-25', 44.93, 45.470001, 43.48, 43.82, 4654100.0, 36.760463, 1.4099999999999966, -0.22000200000000092, 1.0773109283979792, -1.0, 0.8, -1.0, 0.0028933897173380814
'2007-01-24', 43.52, 44.810001, 43.48, 44.799999, 4051200.0, 37.582582, -0.48999799999999993, -1.7099999999999937, 1.0646402318786403, 1.0, 1.0, -0.8, 0.004118354072398187
'2007-01-23', 44.009998, 44.450001, 42.509998, 43.91, 10137000.0, 36.835964, -0.9900019999999969, -2.350002999999994, 1.061290067167284, 0.0, 0.8, -0.5, 0.0035093052837339
'2007-01-22', 45.0, 45.139999, 43.790001, 43.98, 4806500.0, 36.894687, -0.15000200000000063, -1.2000010000000003, 1.0620972300653, 0.0, 0.5, -0.1, 0.0025238095238095237
'2007-01-19', 45.150002, 45.32, 44.43, 45.0, 3779600.0, 37.750362, -0.07999799999999624, -0.34999799999999937, 1.0484319006133138, 0.0, 0.1, 0.0, 0.0023141236993781834
'2007-01-18', 45.23, 45.959999, 44.630001, 45.049999, 3375400.0, 37.792306, -1.130001, 0.7299999999999969, 1.0379452416947863, 0.0, 0.0, 0.0, 0.0021740732552140932
'2007-01-17', 46.360001, 46.669998, 45.759998, 45.860001, 2818700.0, 38.471814, 0.1599999999999966, 1.380001, 1.0103027269647697, 0.0, 0.0, 0.0, 0.001266385761322361
'2007-01-16', 46.200001, 47.029999, 46.099998, 46.34, 3196400.0, 38.874484, 0.7000010000000003, 2.1700020000000038, 0.9013523798537428, 0.0, 0.0, 0.0, 0.0013392850088899345
'2007-01-12', 45.5, 45.93, 45.279999, 45.82, 2062200.0, 38.438257, 1.0, 1.25, 0.7930972107581917, 0.0, 0.0, 0.0, 0.0017848817848817847
'2007-01-11', 44.5, 45.869999, 44.259998, 45.619999, 3015800.0, 38.270477, -0.4799999999999969, -0.34999799999999937, 0.7636423849487723, 0.0, 0.0, 0.0, 0.002432253800396563
'2007-01-10', 44.98, 44.98, 44.080002, 44.450001, 2248900.0, 37.288969, 0.9500010000000003, 0.6800009999999972, 0.7616534056039721, 0.0, 0.0, 0.0, 0.002032649431493364
'2007-01-09', 44.029999, 44.560001, 43.860001, 44.450001, 2850000.0, 37.288969, -0.22000100000000344, 0.4499969999999962, 0.7100887911000338, 0.0, 0.0, 0.0, 0.00261816507321646
'2007-01-08', 44.25, 44.389999, 43.57, 44.009998, 3851800.0, 36.919852, -0.5999979999999994, 0.7799989999999966, 0.7274085926701948, 0.0, 0.0, 0.0, 0.0024003664681630783
'2007-01-05', 44.849998, 44.849998, 43.849998, 44.0, 2650100.0, 36.911465, 0.5499989999999997, 1.7299989999999994, 0.7393888185984284, 0.0, 0.0, 0.0, 0.0019538826195476615
'2007-01-04', 44.299999, 45.029999, 43.91, 45.0, 3727100.0, 37.750362, 0.7199969999999993, 0.7199969999999993, 0.6944670681268919, 0.0, 0.0, 0.0, 0.0022457608888028445
'2007-01-03', 43.580002, 44.580002, 43.360001, 43.82, 4480800.0, 36.760463, 0.1100009999999969, 1.0800020000000004, 0.6809714941019492, 0.0, 0.0, 0.0, 0.0026388238807331854
'2006-12-29', 43.470001, 43.77, 42.880001, 42.959999, 1301800.0, 36.039011, 0.3500020000000035, -0.5299989999999966, 0.6739320299402908, 0.0, 0.0, 0.0, 0.00264269661254997
'2006-12-28', 43.119999, 43.73, 43.119999, 43.639999, 1257700.0, 36.609462, -0.4600030000000004, -0.9700010000000034, 0.7729800163447247, 0.0, 0.0, 0.0, 0.002793975349714509
'2006-12-27', 43.580002, 43.66, 43.290001, 43.310001, 1772000.0, 36.332627, 1.0800020000000004, 0.12000299999999697, 1.0058414915556675, 0.0, 0.0, -0.1, 0.002454719889054126
'2006-12-26', 42.5, 43.549999, 42.5, 43.43, 2038500.0, 36.433294, -1.5, 0.6399990000000031, 1.2045797862055172, 0.0, 0.0, -0.5, 0.003037433155080214
'2006-12-22', 44.0, 44.049999, 43.529999, 43.580002, 1913500.0, 36.55913, -0.09000000000000341, 0.6500020000000006, 1.3844578964271081, 0.0, 0.1, -0.8, 0.002111111111111111
'2006-12-21', 44.09, 44.290001, 43.599998, 43.860001, 3244200.0, 36.79402, 0.630001, 0.8100010000000069, 1.4723918389709931, -1.0, 0.5, -1.0, 0.0
'2006-12-20', 43.459999, 44.990002, 43.459999, 44.279999, 5040000.0, 37.146355, 1.5999980000000065, 1.0400010000000037, 1.5152966709752016, 0.0, 0.8, -0.8, 0.014496111700324705
'2006-12-19', 41.860001, 43.139999, 41.849998, 43.049999, 3583500.0, 36.114512, -1.4899970000000025, -1.0299980000000062, 1.5537160376985986, 1.0, 1.0, -0.5, 0.02663639449029166
'2006-12-18', 43.349998, 43.450001, 41.939999, 42.029999, 3653000.0, 35.258837, 0.06999900000000281, 0.34999799999999937, 1.6448788441035935, 0.0, 0.8, -0.1, 0.005690134826150043
'2006-12-15', 43.279999, 43.990002, 42.959999, 43.029999, 2999000.0, 36.097734, 0.8600009999999969, 0.25, 1.6655246634024063, 0.0, 0.5, 0.0, 0.004678841374280109
'2006-12-14', 42.419998, 43.400002, 42.419998, 43.259998, 2593700.0, 36.29068, -0.47000100000000344, -1.3300020000000004, 1.698088485196582, 0.0, 0.1, 0.0, 0.007873654308045954
'2006-12-13', 42.889999, 43.23, 42.110001, 42.419998, 3517200.0, 35.586006, -0.1100009999999969, -1.130001, 1.729718111614147, 0.0, 0.0, 0.0, 0.004663095624382428
'2006-12-12', 43.0, 43.099998, 42.150002, 42.450001, 3193200.0, 35.611175, -0.029998999999996556, -0.7599980000000031, 1.7339178700021058, 0.0, 0.0, -0.1, 0.003621262458471772
'2006-12-11', 43.029999, 43.360001, 42.68, 43.0, 5508300.0, 36.072568, -0.7200010000000034, -0.4600030000000004, 1.7643959801843108, 0.0, 0.0, -0.5, 0.003079250013461559
'2006-12-08', 43.75, 43.91, 43.02, 43.130001, 2661700.0, 36.181625, -0.2700000000000031, 0.8100009999999997, 1.7744748924874714, 0.0, 0.0, -0.8, 0.0008634920634920722
'2006-12-07', 44.02, 44.349998, 43.450001, 43.560001, 1562900.0, 36.542351, 0.26000200000000007, 0.7099990000000034, 1.7242016679487677, -1.0, 0.0, -1.0, 0.0
'2006-12-06', 43.759998, 44.290001, 43.52, 43.759998, 2400000.0, 36.710128, 0.2699960000000061, 0.8099970000000027, 1.6652034180715918, 0.0, 0.0, -0.8, 0.005941545061313761
'2006-12-05', 43.490002, 43.689999, 42.900002, 43.650002, 3431100.0, 36.617852, 0.5500029999999967, 0.9400029999999973, 1.6606077130581656, 0.0, 0.0, -0.5, 0.006093331520196368
'2006-12-04', 42.939999, 43.470001, 42.700001, 43.330002, 2212100.0, 36.349406, -0.3700019999999995, 1.0599980000000002, 1.8421873746178796, 0.0, 0.0, -0.1, 0.00838379929476324
'2006-12-01', 43.310001, 43.5, 41.900002, 42.630001, 3334700.0, 35.762177, 0.35999999999999943, 0.9600030000000004, 1.9926966136372772, 0.0, 0.1, 0.0, 0.004098354788770401
'2006-11-30', 42.950001, 43.34, 42.540001, 43.209999, 3669400.0, 36.248736, 0.40000200000000063, 0.29000100000000373, 2.0505146978371163, 0.0, 0.5, 0.0, 0.004982533062106345
'2006-11-29', 42.549999, 42.98, 42.16, 42.91, 3088100.0, 35.997067, 0.6699979999999996, 0.4500010000000003, 2.0532977877230234, 0.0, 0.8, 0.0, 0.005757935897170462
'2006-11-28', 41.880001, 41.959999, 41.279999, 41.84, 2543000.0, 35.099448, -0.46999699999999933, -0.0200010000000006, 2.056729646610372, 1.0, 1.0, 0.0, 0.007299764459345244
'2006-11-27', 42.349998, 42.470001, 41.52, 42.110001, 5896400.0, 35.32595, -0.3100019999999972, 0.30999700000000274, 2.081345251039284, 0.0, 0.8, 0.0, 0.004929167883313725
'2006-11-24', 42.66, 42.939999, 42.200001, 42.779999, 1316500.0, 35.88801, 0.5600019999999972, 0.6899989999999931, 2.1076448054223103, 0.0, 0.5, 0.0, 0.003542220138563335
'2006-11-22', 42.099998, 42.75, 41.919998, 42.66, 2233600.0, 35.787343, 0.19999599999999873, -0.5500040000000013, 2.0908696923214025, 0.0, 0.1, 0.0, 0.004560575038507137
'2006-11-21', 41.900002, 42.34, 41.779999, 42.200001, 2600000.0, 35.401451, -0.139998999999996, 1.1500020000000006, 2.0881393491286224, 0.0, 0.0, -0.1, 0.004599691687582523
'2006-11-20', 42.040001, 42.23, 41.619999, 41.799999, 4063000.0, 35.065891, 0.06999999999999318, 2.7900009999999966, 2.071270206086992, 0.0, 0.0, -0.5, 0.003924831416313886
'2006-11-17', 41.970001, 42.07, 41.16, 42.040001, 3805300.0, 35.267228, -0.6800009999999972, 3.069999000000003, 2.0564889438072376, 0.0, 0.0, -0.8, 0.0037572605911834673
'2006-11-16', 42.650002, 42.669998, 41.689999, 42.34, 4302800.0, 35.518896, 1.9000020000000006, 3.8800019999999975, 1.9729508246283107, -1.0, 0.0, -1.0, 0.0
'2006-11-15', 40.75, 42.57, 40.610001, 42.200001, 10471400.0, 35.401451, 1.5, 1.5800020000000004, 1.8268432544697233, 0.0, 0.1, -0.8, 0.04662581595092026
'2006-11-14', 39.25, 40.619999, 39.169998, 40.400002, 6221600.0, 33.891437, 0.34999799999999937, -0.24000199999999694, 1.8348061579122303, 0.0, 0.5, -0.5, 0.04331212738853504
'2006-11-13', 38.900002, 39.450001, 38.650002, 39.25, 3389700.0, 32.926705, 0.1300019999999975, -0.8299979999999962, 1.8982504879790651, 0.0, 0.8, -0.1, 0.03213367444042805
'2006-11-10', 38.77, 39.080002, 38.400002, 38.740002, 2290700.0, 32.498868, -0.3999979999999965, -0.22999999999999687, 1.953293287126869, 1.0, 1.0, 0.0, 0.02501935775083826
'2006-11-09', 39.169998, 39.23, 38.439999, 38.619999, 2011800.0, 32.398199, -0.3200039999999973, -0.6100009999999969, 2.0127781258862187, 0.0, 0.8, 0.0, 0.017768721867180086
'2006-11-08', 39.490002, 39.540001, 38.720001, 38.98, 3322600.0, 32.700202, -0.23999799999999993, 0.15000199999999353, 2.028997418628618, 0.0, 0.5, 0.0, 0.01333670904009241
'2006-11-07', 39.73, 39.959999, 39.369999, 39.490002, 3025800.0, 33.128041, 0.7299999999999969, 0.09000099999999378, 2.018172946999735, 0.0, 0.1, 0.0, 0.010499449857969884
'2006-11-06', 39.0, 39.580002, 38.77, 39.349998, 2769300.0, 33.010593, -0.7799989999999966, -1.0, 1.9963361053082167, 0.0, 0.0, 0.0, 0.011698724358974361
'2006-11-03', 39.779999, 39.98, 38.34, 38.610001, 2948700.0, 32.389811, 0.43999899999999315, 0.7700009999999935, 2.0037506029503382, 0.0, 0.0, -0.1, 0.008016320518817075
'2006-11-02', 39.34, 39.799999, 38.849998, 39.619999, 3383600.0, 33.237095, -0.2999989999999997, 0.09999800000000647, 1.958037283620013, 0.0, 0.0, -0.5, 0.008413833248601925
'2006-11-01', 39.639999, 39.990002, 39.560001, 39.650002, 3126100.0, 33.262265, -0.3600009999999969, -0.2900009999999966, 1.8991589935201316, 0.0, 0.0, -0.8, 0.0069030434729233
'2006-10-31', 40.0, 40.07, 39.549999, 39.639999, 3349700.0, 33.253874, 0.9900019999999969, 0.75, 1.8150055138212935, -1.0, 0.0, -1.0, 0.0
'2006-10-30', 39.009998, 40.16, 38.700001, 40.0, 4695200.0, 33.555877, -0.23000399999999388, 1.0299980000000062, 1.6894998983136185, 0.0, 0.0, -0.8, 0.025378160747406266
'2006-10-27', 39.240002, 39.540001, 38.860001, 39.009998, 2415300.0, 32.725368, -0.6899980000000028, 3.880001, 1.6128596890828015, 0.0, 0.0, -0.5, 0.009683969944751826
'2006-10-26', 39.93, 39.93, 39.290001, 39.650002, 3111400.0, 33.262265, 0.6799999999999997, 4.5, 1.4949367641926605, 0.0, 0.1, -0.1, 0.0005843559562567851
'2006-10-25', 39.25, 40.150002, 39.209999, 39.950001, 6753000.0, 33.513933, 1.2700000000000031, 3.3300020000000004, 1.2871751150145585, 0.0, 0.5, 0.0, 0.004777070063694267
'2006-10-24', 37.98, 39.400002, 37.57, 39.209999, 14215300.0, 32.893148, 2.619999, 1.2599989999999934, 1.1006787966228377, 0.0, 0.8, 0.0, 0.01063717746182203
'2006-10-23', 35.360001, 36.5, 35.139999, 36.330002, 6028100.0, 30.477127, -0.06999900000000281, -1.3400000000000034, 1.1320237625311134, 1.0, 1.0, 0.0, 0.021870281244241684
'2006-10-20', 35.43, 35.75, 35.27, 35.27, 3565500.0, 29.587895, -0.48999799999999993, -1.0700000000000003, 1.2597674176880522, 0.0, 0.8, 0.0, 0.01842667634369582
'2006-10-19', 35.919998, 36.110001, 35.310001, 35.360001, 2352100.0, 29.663396, -0.8000030000000038, 0.21999699999999933, 1.4276660924357085, 0.0, 0.5, 0.0, 0.014198226013264256
'2006-10-18', 36.720001, 36.91, 35.93, 36.119999, 2342500.0, 30.300956, 0.020000000000003126, 0.9799990000000065, 1.5781247834064538, 0.0, 0.1, 0.0, 0.00992495434118678
'2006-10-17', 36.700001, 36.700001, 35.57, 36.310001, 2350700.0, 30.460349, 0.20000100000000032, 1.100003000000001, 1.6324352963871356, 0.0, 0.0, 0.0, 0.008991822643274586
'2006-10-16', 36.5, 36.91, 36.099998, 36.779999, 2675800.0, 30.854628, 0.7999989999999997, 0.8400000000000034, 1.6602382800675424, 0.0, 0.0, 0.0, 0.008717310087173101
'2006-10-13', 35.700001, 36.650002, 35.549999, 36.490002, 3967800.0, 30.61135, -0.04000099999999662, 0.7000010000000003, 1.698839024354083, 0.0, 0.0, 0.0, 0.010037345657217207
'2006-10-12', 35.740002, 35.77, 35.299999, 35.650002, 2883700.0, 29.906677, 0.14000399999999757, -0.3599960000000024, 1.7752274343686123, 0.0, 0.0, 0.0, 0.009168778273883536
'2006-10-11', 35.599998, 35.639999, 35.189999, 35.389999, 1810600.0, 29.688562, -0.060001999999997224, -0.05000400000000127, 1.835409249949862, 0.0, 0.0, -0.1, 0.008828254910094578
'2006-10-10', 35.66, 36.099998, 35.57, 35.790001, 2580600.0, 30.024122, 0.6599999999999966, 1.0699999999999932, 1.9234061642944371, 0.0, 0.0, -0.5, 0.008113666105814177
'2006-10-09', 35.0, 35.68, 34.880001, 35.439999, 2401200.0, 29.730506, -1.0999979999999994, 0.5999979999999994, 2.003885037454676, 0.0, 0.0, -0.8, 0.008928571428571428
'2006-10-06', 36.099998, 36.119999, 35.310001, 35.349998, 1974300.0, 29.655005, 0.44999599999999873, 1.629996999999996, 2.0758161168083737, -1.0, 0.0, -1.0, 0.0
'2006-10-05', 35.650002, 36.25, 35.25, 36.099998, 3794700.0, 30.284178, 1.0600019999999972, 1.4600030000000004, 2.064200783176861, 0.0, 0.0, -0.8, 0.012622607987511438
'2006-10-04', 34.59, 35.720001, 34.59, 35.5, 3118200.0, 29.780841, 0.18999800000000278, -0.009997999999995955, 1.9893995424418454, 0.0, 0.1, -0.5, 0.021827088753975078
'2006-10-03', 34.400002, 34.849998, 34.150002, 34.580002, 1619300.0, 29.009057, -0.06999900000000281, -0.269995999999999, 1.953135446904979, 0.0, 0.5, -0.1, 0.01647282849964174
'2006-10-02', 34.470001, 34.939999, 34.150002, 34.200001, 2028300.0, 28.690276, 0.2800020000000032, 0.17000200000000376, 1.9284111123757661, 0.0, 0.8, -0.1, 0.01182185199240345
'2006-09-29', 34.189999, 34.459999, 33.799999, 34.400002, 2637700.0, 28.858056, -0.4099989999999991, 0.16999899999999712, 1.8870503138911043, 1.0, 1.0, -0.5, 0.011172852037813742
'2006-09-28', 34.599998, 34.77, 33.939999, 34.080002, 2505800.0, 28.589609, -0.07000000000000028, 0.5999979999999994, 1.849889468614233, 0.0, 0.8, -0.8, 0.007225433943666702
'2006-09-27', 34.669998, 34.990002, 34.349998, 34.400002, 2636000.0, 28.858056, 0.36999899999999997, 0.0899959999999993, 1.7904477347861547, -1.0, 0.3, -1.0, 0.0
'2006-09-26', 34.299999, 34.740002, 34.099998, 34.650002, 2281500.0, 29.06778, 0.27999899999999656, 0.04999899999999968, 1.7327225796418717, 0.0, 0.3, -0.8, 0.010787143171636827
'2006-09-25', 34.02, 34.43, 33.59, 34.400002, 3039300.0, 28.858056, 0.020000000000003126, 0.06999900000000281, 1.684516058463967, 0.0, 0.8, -0.5, 0.009553174603174551
'2006-09-22', 34.0, 34.369999, 33.369999, 33.639999, 3161000.0, 28.220492, -0.5800020000000004, 0.1399990000000031, 1.641378990693388, 1.0, 1.0, -0.8, 0.006568607843137252
'2006-09-21', 34.580002, 34.709999, 33.919998, 34.0, 2523400.0, 28.522496, 0.33000200000000035, 0.7400019999999969, 1.602059391706909, -1.0, 0.8, -1.0, 0.0
'2006-09-20', 34.25, 34.84, 34.220001, 34.619999, 2497800.0, 29.042611, 0.2999989999999997, 0.9000020000000006, 1.497816038311397, 0.0, 0.5, -0.8, 0.009635094890510959
'2006-09-19', 33.950001, 34.18, 33.700001, 34.080002, 2803000.0, 28.589609, 0.09000000000000341, 0.7800030000000007, 1.3934210014686894, 0.0, 0.1, -0.5, 0.009278364969709426
'2006-09-18', 33.860001, 34.009998, 33.639999, 33.709999, 3013500.0, 28.279215, 0.020000999999993496, 2.360000999999997, 1.29003430169751, 0.0, 0.5, -0.1, 0.0070880190858037635
'2006-09-15', 33.84, 34.09, 33.5, 33.860001, 4813400.0, 28.405051, 0.49000200000000405, 2.200001000000004, 1.159901825865027, 0.0, 0.8, 0.0, 0.005466917848699741
'2006-09-14', 33.349998, 34.119999, 33.080002, 33.84, 3139600.0, 28.388272, 0.17999999999999972, 2.529997999999999, 1.0200249242273558, 1.0, 1.0, 0.0, 0.007376336274442961
'2006-09-13', 33.169998, 33.880001, 32.990002, 33.689999, 4293700.0, 28.262436, 1.6699979999999996, 2.7199969999999993, 0.8876533486298853, 0.0, 0.8, 0.0, 0.007084735629669521
'2006-09-12', 31.5, 33.57, 31.43, 33.43, 5257900.0, 28.044325, -0.13999899999999954, 0.6399989999999995, 0.7861852512115992, 0.0, 0.5, 0.0, 0.013968263038548754
'2006-09-11', 31.639999, 31.84, 31.25, 31.42, 3429000.0, 26.358142, 0.8199989999999993, 0.7299989999999994, 0.777359097057621, 0.0, 0.1, 0.0, 0.011615056466973975
'2006-09-08', 30.82, 31.99, 30.780001, 31.879999, 4757700.0, 26.744033, 0.36999899999999997, 0.2799990000000001, 0.8374730024307843, 0.0, 0.0, -0.1, 0.013555418559377029
'2006-09-07', 30.450001, 31.129999, 29.9, 30.809999, 5066200.0, 25.846414, -0.41000000000000014, 0.2800009999999986, 0.9306840270589634, 0.0, 0.0, -0.5, 0.013563221229450863
'2006-09-06', 30.860001, 31.1, 30.6, 30.629999, 1588200.0, 25.695412, -0.04999899999999968, 0.8100020000000008, 1.0086232363311383, 0.0, 0.0, -0.8, 0.010958583866893233
'2006-09-05', 30.91, 31.08, 30.709999, 31.0, 2302400.0, 26.005805, 0.36999899999999997, 1.5599999999999987, 1.0970697221843875, -1.0, 0.0, -1.0, 0.0
'2006-09-01', 30.540001, 31.16, 30.5, 30.91, 2419600.0, 25.930304, 0.37000099999999847, 1.5200010000000006, 1.2243295944041086, 0.0, 0.0, -0.8, 0.01211522553650211
'2006-08-31', 30.17, 30.469999, 29.780001, 30.190001, 3147500.0, 25.326299, 0.12000100000000202, 0.990000000000002, 1.3166243382226979, 0.0, 0.1, -0.5, 0.01226383824991711
'2006-08-30', 30.049999, 30.59, 29.879999, 30.309999, 2194900.0, 25.426966, 0.6999989999999983, 0.6600000000000001, 1.3791703483456683, 0.0, 0.5, -0.1, 0.00953966753875766
'2006-08-29', 29.35, 30.0, 29.35, 29.940001, 2498400.0, 25.116575, 0.33000000000000185, -2.049999999999997, 1.526539327236717, 0.0, 0.8, 0.0, 0.013287904599659273
'2006-08-28', 29.02, 29.74, 28.91, 29.51, 2722100.0, 24.755849, -0.16000000000000014, -2.41, 1.6347118578718989, 1.0, 1.0, 0.0, 0.013025499655410066
'2006-08-25', 29.18, 29.18, 28.290001, 29.01, 4590000.0, 24.3364, -0.20999899999999982, -1.6700000000000017, 1.7113793207950054, 0.0, 0.8, 0.0, 0.009881197167009371
'2006-08-24', 29.389999, 30.200001, 28.9, 29.280001, 6842100.0, 24.562903, -2.010000999999999, -1.7900010000000002, 1.738438812511034, 0.0, 0.5, 0.0, 0.007388329615118397
'2006-08-23', 31.4, 31.450001, 30.42, 30.559999, 1938100.0, 25.63669, -0.030000000000001137, 0.19000099999999875, 1.7631032526014074, 0.0, 0.1, 0.0, -0.0019506369426751532
'2006-08-22', 31.43, 31.809999, 31.16, 31.43, 2972900.0, 26.366531, 0.5799999999999983, 0.46000099999999833, 1.7051023723128835, 0.0, 0.0, 0.0, -0.0018383002792802332
'2006-08-21', 30.85, 30.969999, 30.18, 30.75, 3022700.0, 25.796081, -0.3299999999999983, 0.6400010000000016, 1.6369526892370416, 0.0, 0.0, 0.0, 0.00019448946515396667
'2006-08-18', 31.18, 31.35, 30.799999, 31.299999, 1871500.0, 26.257473, -0.02999900000000011, 1.0799999999999983, 1.5887092494224435, 0.0, 0.0, 0.0, -0.0007872179135809655
'2006-08-17', 31.209999, 31.48, 30.870001, 31.18, 2101100.0, 26.156807, 0.23999999999999844, 1.2099989999999998, 1.5205334439671643, 0.0, 0.0, 0.0, -0.0008010226679810736
'2006-08-16', 30.969999, 31.49, 30.77, 31.360001, 4061300.0, 26.307808, 0.7600000000000016, 1.4499990000000018, 1.4406612320737988, 0.0, 0.0, 0.0, -0.00014902511596166947
'2006-08-15', 30.209999, 30.83, 30.0, 30.790001, 1824000.0, 25.829637, 0.1099989999999984, 0.3999999999999986, 1.3676884193900665, 0.0, 0.0, 0.0, 0.0016550835181613694
'2006-08-14', 30.1, 30.450001, 29.84, 29.969999, 1480700.0, 25.14174, 0.10000000000000142, 0.22999900000000295, 1.357888911018509, 0.0, 0.0, 0.0, 0.0017940199335548144
'2006-08-11', 30.0, 30.129999, 29.68, 29.99, 1637600.0, 25.158519, 0.4800000000000004, 0.14999999999999858, 1.3479105083549496, 0.0, 0.0, 0.0, 0.0018958333333333336
'2006-08-10', 29.52, 30.379999, 29.5, 30.139999, 3010100.0, 25.284353, -0.28999900000000167, -1.0599999999999987, 1.316100150410867, 0.0, 0.0, 0.0, 0.0027698071098358054
'2006-08-09', 29.809999, 30.219999, 29.469999, 29.700001, 4190200.0, 24.915239, -0.060001999999997224, 0.22999900000000295, 1.2986216765480363, 0.0, 0.0, -0.1, 0.002050022432629622
'2006-08-08', 29.870001, 30.309999, 29.68, 29.809999, 2656300.0, 25.007517, 0.02000099999999705, 0.0799999999999983, 1.2694979420579182, 0.0, 0.0, -0.5, 0.0018325004232066918
'2006-08-07', 29.85, 29.98, 29.43, 29.84, 2433400.0, 25.032685, -0.7299999999999969, 1.130001, 1.2369983940977312, 0.0, 0.0, -0.8, 0.0017755443886097132
'2006-08-04', 30.58, 31.0, 29.65, 30.02, 3413500.0, 25.183686, 1.0, 1.379998999999998, 1.2014741045900097, -1.0, 0.0, -1.0, 0.0
'2006-08-03', 29.58, 30.49, 29.299999, 30.16, 4200900.0, 25.301131, -0.21000100000000188, 1.6799999999999997, 1.1250757867807821, 0.0, 0.0, -0.8, 0.03380662609871535
'2006-08-02', 29.790001, 29.940001, 28.950001, 29.33, 2780300.0, 24.604847, 1.0700019999999988, 2.1000000000000014, 1.1025616993168212, 0.0, 0.0, -0.5, 0.013259465818749018
'2006-08-01', 28.719999, 29.5, 27.4, 29.5, 10007300.0, 24.747459, -0.48000199999999893, 0.9599989999999998, 1.084446551134287, 0.0, 0.0, -0.1, 0.021587756090567144
'2006-07-31', 29.200001, 29.25, 28.35, 28.709999, 7596700.0, 24.08473, 1.3000010000000017, 1.9300010000000007, 1.1198322957877427, 0.0, 0.0, 0.0, 0.011815059526881506
'2006-07-28', 27.9, 28.309999, 27.74, 28.139999, 3562100.0, 23.606559, 0.20999899999999982, 1.3999999999999986, 1.1400655826653647, 0.0, 0.0, 0.0, 0.019211469534050177
'2006-07-27', 27.690001, 28.110001, 27.1, 27.559999, 2722200.0, 23.119999, -0.06999900000000281, 0.9400009999999988, 1.1391272404590789, 0.0, 0.0, 0.0, 0.017394961451969608
'2006-07-26', 27.76, 27.940001, 27.18, 27.309999, 1946100.0, 22.910275, 0.490000000000002, 0.6600000000000001, 1.1396971383565417, 0.0, 0.0, 0.0, 0.01451214491560311
'2006-07-25', 27.27, 28.18, 26.969999, 27.93, 3204400.0, 23.430392, 0.7699999999999996, 1.5899999999999999, 1.139470924069746, 0.0, 0.0, 0.0, 0.015172350568390166
'2006-07-24', 26.5, 27.35, 26.5, 27.23, 3639200.0, 22.843163, -0.25, 0.5, 1.13169970773578, 0.0, 0.1, 0.0, 0.017106918238993702
'2006-07-21', 26.75, 26.83, 26.02, 26.309999, 2202300.0, 22.071378, -0.3500000000000014, 0.4200000000000017, 1.08814104010276, 0.0, 0.5, 0.0, 0.014317757009345788
'2006-07-20', 27.1, 27.24, 26.549999, 26.57, 3241800.0, 22.289491, 1.4200000000000017, -0.25, 1.0577154931267487, 0.0, 0.8, 0.0, 0.011673934921167382
'2006-07-19', 25.68, 26.82, 25.639999, 26.790001, 5810100.0, 22.47405, -0.3200000000000003, -1.619999, 1.047567492156273, 1.0, 1.0, 0.0, 0.015900830737279333
'2006-07-18', 26.0, 26.35, 25.18, 25.58, 4988400.0, 21.458983, -0.3299999999999983, -2.3099990000000012, 0.9390139048197587, 0.0, 0.8, 0.0, 0.01355029585798816
'2006-07-17', 26.33, 26.6, 26.0, 26.209999, 3104100.0, 21.987488, -1.0200000000000031, -1.979999000000003, 0.9112616723229671, 0.0, 0.5, 0.0, 0.011529488361998807
'2006-07-14', 27.35, 27.610001, 26.139999, 26.43, 6644800.0, 22.172046, 0.05000100000000174, -1.1900009999999988, 0.8281035828931101, 0.0, 0.1, 0.0, 0.007873248019500297
'2006-07-13', 27.299999, 27.65, 27.0, 27.379999, 5077500.0, 22.968997, -1.0100000000000016, -1.8000010000000017, 0.779643512126155, 0.0, 0.0, 0.0, 0.007509160073595604
'2006-07-12', 28.309999, 28.469999, 27.5, 27.610001, 4123700.0, 23.161945, 0.0, -0.46000099999999833, 0.7205679221592163, 0.0, 0.0, 0.0, 0.004716689343162291
'2006-07-11', 28.309999, 28.35, 27.5, 28.26, 3356600.0, 23.707227, -0.23000199999999893, -0.5400010000000002, 0.7277010541579872, 0.0, 0.0, 0.0, 0.004454651046319941
'2006-07-10', 28.540001, 28.99, 28.16, 28.32, 1700400.0, 23.757561, -0.5599990000000012, -1.4299980000000012, 0.7361799343460328, 0.0, 0.0, 0.0, 0.0037620309971626324
'2006-07-07', 29.1, 29.15, 28.34, 28.48, 2119900.0, 23.891784, 0.33000000000000185, -0.7399999999999984, 0.7313689269675845, 0.0, 0.0, -0.1, 0.002542955326460476
'2006-07-06', 28.77, 29.32, 28.5, 29.26, 2818900.0, 24.546124, -0.08000000000000185, 0.13000100000000003, 0.7326178770230194, 0.0, 0.0, -0.5, 0.002995845540162535
'2006-07-05', 28.85, 29.030001, 28.559999, 28.790001, 3022200.0, 24.151843, -1.119999, 0.6499990000000011, 0.7381192320127491, 0.0, 0.0, -0.8, 0.002725697179769965
'2006-07-03', 29.969999, 30.1, 29.35, 29.49, 1107600.0, 24.73907, 0.12999900000000153, 1.4599989999999998, 0.7456199090692673, -1.0, 0.1, -1.0, 0.0
'2006-06-30', 29.84, 30.129999, 29.76, 29.9, 2399400.0, 25.083018, 1.2000010000000003, 1.1799999999999997, 0.7797285812813962, 0.0, 0.5, -0.8, 0.004356534852546968
'2006-06-29', 28.639999, 29.77, 28.639999, 29.59, 3316100.0, 24.82296, 0.4399979999999992, 0.13999899999999954, 0.7904708126176654, 0.0, 0.8, -0.5, 0.02321927455374565
'2006-06-28', 28.200001, 29.02, 28.02, 28.639999, 3602100.0, 24.026008, -0.30999900000000125, -0.6799980000000012, 0.7996474656582945, 1.0, 1.0, -0.1, 0.020921961433027384
'2006-06-27', 28.51, 28.67, 27.76, 27.82, 2560900.0, 23.338112, -0.14999999999999858, -0.3999999999999986, 0.8363123618470213, 0.0, 0.8, 0.0, 0.012802516660820763
'2006-06-26', 28.66, 28.870001, 28.17, 28.51, 1810200.0, 23.916952, 0.16000000000000014, -0.7299989999999994, 0.8421052269958508, 0.0, 0.5, 0.0, 0.009141653872993727
'2006-06-23', 28.5, 28.629999, 28.4, 28.5, 3259400.0, 23.908563, -0.37999900000000153, -1.2600000000000016, 0.8962950905070822, 0.0, 0.1, 0.0, 0.008596485380116967
'2006-06-22', 28.879999, 28.950001, 28.5, 28.66, 2965600.0, 24.042786, -0.030000999999998612, -0.8399999999999999, 0.9725489954298154, 0.0, 0.0, -0.1, 0.005391769082619625
'2006-06-21', 28.91, 29.23, 28.84, 28.950001, 3975000.0, 24.286067, -0.4799989999999994, 0.7700010000000006, 1.04489492821069, 0.0, 0.0, -0.5, 0.004583184884123146
'2006-06-20', 29.389999, 29.49, 28.799999, 28.91, 3044500.0, 24.25251, -0.370001000000002, 1.739999000000001, 1.1307948285561409, 0.0, 0.0, -0.8, 0.0021927338086824926
'2006-06-19', 29.76, 30.049999, 29.450001, 29.49, 4091900.0, 24.73907, 0.040001000000000175, 1.979999000000003, 1.1867485105673143, -1.0, 0.1, -1.0, 0.0
'2006-06-16', 29.719999, 30.139999, 29.719999, 29.809999, 8132800.0, 25.007517, 1.5800000000000018, 0.989999000000001, 1.3357254337792979, 0.0, 0.5, -0.8, 0.0013459287128509047
'2006-06-15', 28.139999, 29.77, 28.139999, 29.67, 7074400.0, 24.890072, 0.48999900000000096, -0.4600010000000019, 1.4533619468438628, 0.0, 0.8, -0.5, 0.028784666978843923
'2006-06-14', 27.65, 28.35, 27.629999, 28.02, 2566200.0, 23.505892, -0.13000100000000003, -1.360000000000003, 1.4892937131406974, 1.0, 1.0, -0.1, 0.02543701024713687
'2006-06-13', 27.780001, 28.190001, 27.620001, 27.75, 3424800.0, 23.27939, -0.9499990000000018, -1.619999, 1.4493637887785966, 0.0, 0.8, 0.0, 0.017818564873341824
'2006-06-12', 28.73, 28.870001, 27.82, 27.91, 2866400.0, 23.413613, 0.129999999999999, -0.9700009999999999, 1.4355596506048958, 0.0, 0.5, 0.0, 0.0071702053602506165
'2006-06-09', 28.6, 29.07, 28.49, 28.67, 2925400.0, 24.051175, -0.41000000000000014, -2.379999999999999, 1.4390254495087078, 0.0, 0.1, 0.0, 0.0067599067599067595
'2006-06-08', 29.01, 29.01, 27.620001, 28.6, 5096300.0, 23.992453, -0.389999999999997, -1.0899999999999999, 1.4068394378892017, 0.0, 0.0, 0.0, 0.003693307726399763
'2006-06-07', 29.4, 29.4, 28.92, 29.01, 4740900.0, 24.3364, -0.30000100000000174, 0.46999999999999886, 1.3902353604338051, 0.0, 0.0, 0.0, 0.001530612244897972
'2006-06-06', 29.700001, 30.200001, 29.200001, 29.370001, 4568100.0, 24.638404, -1.279999, 0.6400019999999991, 1.496019477836829, 0.0, 0.0, 0.0, 0.00022446314246102867
'2006-06-05', 30.98, 30.98, 29.620001, 29.67, 4343700.0, 24.890072, 0.879999999999999, 1.109999000000002, 1.6181506500805323, 0.0, 0.0, 0.0, -0.003938024531956097
'2006-06-02', 30.1, 30.5, 29.41, 29.9, 3549700.0, 25.083018, 1.1700000000000017, 0.10000000000000142, 1.7756451161199112, 0.0, 0.0, 0.0, -0.001026880096647538
'2006-06-01', 28.93, 30.0, 28.65, 30.0, 4200600.0, 25.166908, -0.12999900000000153, 0.13000100000000003, 1.8406047588890404, 0.0, 0.0, -0.1, 0.0023908284364558183
'2006-05-31', 29.059999, 29.219999, 28.629999, 29.08, 3695700.0, 24.395123, -0.8100019999999972, -0.26000099999999904, 1.8674533253427974, 0.0, 0.1, -0.5, 0.0018529329876862967
'2006-05-30', 29.870001, 29.879999, 28.85, 29.0, 4941000.0, 24.328011, -0.12999900000000153, 0.16999999999999815, 1.8342189152274846, 0.0, 0.5, -0.8, -0.0002630470044414818
'2006-05-26', 30.0, 30.190001, 29.299999, 29.9, 5641400.0, 25.083018, 1.2000010000000003, 0.2199990000000014, 1.8169238685207862, -1.0, 0.8, -1.0, -0.0005333333333333299
'2006-05-25', 28.799999, 29.73, 28.799999, 29.540001, 7291800.0, 24.781016, -0.5200010000000006, -1.850000999999999, 1.7950529155928292, 1.0, 1.0, -0.8, 0.002083335575810267
'2006-05-24', 29.32, 29.469999, 27.91, 28.43, 7245400.0, 23.84984, -0.38000100000000003, -0.8299999999999983, 1.7105116488740972, 0.0, 0.8, -0.5, 0.0008827541930824198
'2006-05-23', 29.700001, 30.17, 29.459999, 29.469999, 3203800.0, 24.722292, -0.0799999999999983, -0.379998999999998, 1.6648953307242553, 0.0, 0.5, -0.1, 0.00011223157123051434
'2006-05-22', 29.780001, 30.1, 29.18, 29.42, 4319000.0, 24.680348, -0.869999, -1.2199990000000014, 1.6472492638809848, 0.0, 0.1, 0.0, -3.5348696278625394e-05
'2006-05-19', 30.65, 30.99, 29.809999, 30.030001, 5048300.0, 25.192075, 0.5, 0.2899989999999981, 1.6204477023344084, 0.0, 0.0, 0.0, -0.0014518760195758515
'2006-05-18', 30.15, 30.959999, 30.15, 30.51, 6588900.0, 25.594746, 0.07000000000000028, -1.130001, 1.5865024224377922, 0.0, 0.0, 0.0, -0.00061596778014688
'2006-05-17', 30.08, 30.15, 29.200001, 29.950001, 7542600.0, 25.124964, -0.9200000000000017, -1.7600000000000016, 1.5042496385244721, 0.0, 0.0, 0.0, -0.00048355899419728714
'2006-05-16', 31.0, 31.09, 30.25, 30.33, 4690000.0, 25.443744, 0.6399989999999995, -0.8600010000000005, 1.3989145530259064, 0.0, 0.0, 0.0, -0.0017391304347826066
'2006-05-15', 30.360001, 30.790001, 30.34, 30.639999, 3602800.0, 25.703801, -0.9199999999999982, -1.8899989999999995, 1.3502576028879498, 0.0, 0.0, 0.0, -0.000823453255705315
'2006-05-12', 31.280001, 31.280001, 30.15, 30.65, 5208400.0, 25.712191, -0.5599990000000012, -0.5800000000000018, 1.2384856138764901, 0.0, 0.0, 0.0, -0.0019437352319777704
'2006-05-11', 31.84, 32.09, 31.200001, 31.27, 5441400.0, 26.232307, -0.0200010000000006, -1.4599989999999998, 1.19092516457729, 0.0, 0.0, 0.0, -0.0025125628140703496
'2006-05-10', 31.860001, 32.16, 31.58, 31.65, 4176800.0, 26.551088, -0.38999899999999954, -1.349998000000003, 1.1390354551115818, 0.0, 0.0, 0.0, -0.0024412370487626404
'2006-05-09', 32.25, 32.360001, 31.85, 31.92, 4436400.0, 26.77759, 0.38999899999999954, -0.6599999999999966, 1.0906667954977125, 0.0, 0.0, 0.0, -0.0027574750830564767
'2006-05-08', 31.860001, 32.060001, 31.799999, 31.92, 4852000.0, 26.77759, -1.4399979999999992, -0.42999999999999616, 1.0658851594598948, 0.0, 0.0, 0.0, -0.002272875872985907
'2006-05-05', 33.299999, 33.450001, 31.620001, 31.860001, 9090400.0, 26.727257, 0.0899999999999963, 0.27999899999999656, 0.9999947864203923, 0.0, 0.0, 0.0, -0.003543542648955233
'2006-05-04', 33.209999, 33.599998, 32.900002, 33.029999, 2958600.0, 27.708765, 0.2999990000000068, 0.5299990000000037, 1.0156353525427304, 0.0, 0.0, 0.0, -0.003351107909475718
'2006-05-03', 32.91, 33.91, 32.849998, 33.209999, 5322000.0, 27.859766, 0.619999, 0.6799999999999997, 1.0140271277113826, 0.0, 0.0, 0.0, -0.0029911121239744715
'2006-05-02', 32.290001, 32.860001, 31.860001, 32.82, 2813400.0, 27.532597, -0.7299990000000065, -0.11000100000000401, 1.0065638355763533, 0.0, 0.0, 0.0, -0.0023743169586676947
'2006-05-01', 33.02, 33.25, 32.299999, 32.419998, 3619400.0, 27.197037, 0.3400000000000034, -1.4799999999999969, 0.9405278044688739, 0.0, 0.0, 0.0, -0.0029037659885274535
'2006-04-28', 32.68, 33.220001, 32.380001, 33.02, 4095200.0, 27.700377, 0.45000000000000284, -2.25, 0.9392285743104617, 0.0, 0.0, 0.0, -0.0025528938625633837
'2006-04-27', 32.23, 32.73, 31.700001, 32.68, 6225900.0, 27.415152, -0.17000200000000376, -3.1799999999999997, 0.9460771583527663, 0.0, 0.0, 0.0, -0.002128796497397176
'2006-04-26', 32.400002, 33.41, 32.220001, 32.73, 7124300.0, 27.457096, -2.0999979999999994, -2.149996999999999, 0.8921148701828301, 0.0, 0.0, -0.1, -0.002202203734598701
'2006-04-25', 34.5, 34.509998, 32.200001, 32.860001, 10747100.0, 27.566154, -0.4299999999999997, -0.4799999999999969, 0.8067397844005596, 0.0, 0.0, -0.5, -0.0036155606407322644
'2006-04-24', 34.93, 35.200001, 34.68, 35.200001, 2905100.0, 29.529173, -0.4799999999999969, 0.9599989999999963, 0.855058206492543, 0.0, 0.0, -0.8, -0.0037951360596651163
'2006-04-21', 35.41, 35.419998, 34.849998, 35.07, 2097000.0, 29.420115, 0.8600009999999969, 1.7000009999999932, 0.8602106252161088, -1.0, 0.0, -1.0, 0.0
'2006-04-20', 34.549999, 35.279999, 34.529999, 35.209999, 2241300.0, 29.53756, -0.4300009999999972, 0.869999, 0.8592812168585084, 0.0, 0.0, -0.8, 0.024891491313791266
'2006-04-19', 34.98, 35.099998, 34.439999, 34.59, 1879800.0, 29.017445, 1.0099989999999934, 0.8100019999999972, 0.8511493221920765, 0.0, 0.0, -0.5, 0.00614636935391652
'2006-04-18', 33.970001, 35.0, 33.970001, 34.919998, 2801200.0, 29.294279, 0.26000200000000007, -0.8600009999999969, 0.8522387077451788, 0.0, 0.0, -0.1, 0.014130104578644678
'2006-04-17', 33.709999, 34.52, 33.57, 33.93, 2297800.0, 28.463773, 0.02999900000000366, -1.639998999999996, 0.8277577614396483, 0.0, 0.0, 0.0, 0.01260754264632278
'2006-04-13', 33.68, 34.0, 33.450001, 33.5, 2263700.0, 28.103047, -0.48999799999999993, -1.8200000000000003, 0.7842746784281501, 0.0, 0.0, 0.0, 0.010273159144893093
'2006-04-12', 34.169998, 34.34, 33.630001, 33.669998, 2715300.0, 28.245658, -0.6600040000000007, -0.4100040000000007, 0.720558211143166, 0.0, 0.0, 0.0, 0.006048200529599079
'2006-04-11', 34.830002, 34.939999, 34.029999, 34.240002, 1318300.0, 28.723832, -0.519995999999999, 0.4500010000000003, 0.6812683971837371, 0.0, 0.0, 0.0, 0.002378893263998567
'2006-04-10', 35.349998, 35.349998, 34.720001, 34.830002, 1757800.0, 29.218782, -0.15000200000000063, 0.9199979999999996, 0.6854869371970905, 0.0, 0.1, 0.0, 0.00021217115769001327
'2006-04-07', 35.5, 35.66, 35.049999, 35.349998, 2269200.0, 29.655005, 0.9199979999999996, 0.6500020000000006, 0.6903633981872479, 0.0, 0.5, 0.0, -0.0002816901408450811
'2006-04-06', 34.580002, 35.439999, 34.439999, 35.25, 2164300.0, 29.571117, 0.20000100000000032, -0.3200000000000003, 0.6948952458232505, 0.0, 0.8, 0.0, 0.002400225425088166
'2006-04-05', 34.380001, 35.0, 34.310001, 34.490002, 1677000.0, 28.933557, -0.04999899999999968, -0.9399990000000003, 0.6913108691632017, 1.0, 1.0, 0.0, 0.0027235680629349728
'2006-04-04', 34.43, 34.599998, 33.880001, 34.310001, 2934800.0, 28.782555, -0.41999799999999965, -0.0200010000000006, 0.6543853494360297, 0.0, 0.8, 0.0, 0.002371962435860192
'2006-04-03', 34.849998, 34.869999, 34.419998, 34.43, 1904800.0, 28.883222, -0.05000400000000127, -0.12000300000000408, 0.6166786622264865, 0.0, 0.5, 0.0, 0.0012360711447695551
'2006-03-31', 34.900002, 35.189999, 34.5, 34.580002, 1521600.0, 29.009057, -0.41999799999999965, -0.39999699999999905, 0.5959755299795156, 0.0, 0.1, 0.0, 0.0010437944551243373
'2006-03-30', 35.32, 35.32, 34.560001, 34.93, 1148400.0, 29.30267, 0.869999, 0.1100009999999969, 0.5739030948987276, 0.0, 0.0, 0.0, 0.00016987542468855477
'2006-03-29', 34.450001, 35.139999, 34.41, 34.919998, 1296500.0, 29.294279, -0.5200000000000031, -1.139999000000003, 0.5858534922097316, 0.0, 0.0, 0.0, 0.0017416527070637754
'2006-03-28', 34.970001, 35.189999, 34.349998, 34.349998, 2693600.0, 28.816108, -0.32999799999999624, -0.3999979999999965, 0.5344974544382406, 0.0, 0.0, 0.0, 0.0007401284923511055
'2006-03-27', 35.299999, 35.459999, 34.970001, 34.970001, 1005900.0, 29.336227, 0.0899999999999963, -0.42000200000000376, 0.5384155920651345, 0.0, 0.0, 0.0, 0.00017312087364836738
'2006-03-24', 35.209999, 35.650002, 35.110001, 35.459999, 916100.0, 29.747284, -0.38000100000000003, -0.2900009999999966, 0.530833933857289, 0.0, 0.0, 0.0, 0.0002989596341951692
'2006-03-23', 35.59, 35.610001, 35.25, 35.299999, 1314800.0, 29.613061, 0.22000100000000344, -0.5699999999999932, 0.517590861589726, 0.0, 0.0, 0.0, -0.00025288002247823377
'2006-03-22', 35.369999, 35.900002, 35.290001, 35.59, 1303900.0, 29.856342, -0.3500020000000035, -1.490001999999997, 0.5157835047135231, 0.0, 0.0, 0.0, 5.385381898962912e-05
'2006-03-21', 35.720001, 35.919998, 35.189999, 35.27, 1608200.0, 29.587895, 0.22000100000000344, -1.1499979999999965, 0.527201927160013, 0.0, 0.0, 0.0, -0.00039448359885137896
'2006-03-20', 35.5, 35.77, 35.349998, 35.599998, 2367200.0, 29.864729, -0.6599999999999966, -1.0999979999999994, 0.526593030718405, 0.0, 0.0, -0.1, -0.00011022657685242303
'2006-03-17', 36.16, 36.25, 35.52, 35.549999, 3605200.0, 29.822785, -0.7000010000000003, -0.6399990000000031, 0.5206515149322002, 0.0, 0.0, -0.5, -0.0008642146017699115
'2006-03-16', 36.860001, 36.970001, 36.02, 36.27, 1973700.0, 30.426792, -0.00999800000000306, 1.110000999999997, 0.5205169701590479, 0.0, 0.0, -0.8, -0.0015735224749451313
'2006-03-15', 36.869999, 37.009998, 36.470001, 36.669998, 2034400.0, 30.762349, 0.2700010000000006, 1.6499979999999965, 0.49222992364811785, -1.0, 0.0, -1.0, 0.0
'2006-03-14', 36.599998, 37.09, 36.5, 36.970001, 1415200.0, 31.014021, -0.20000100000000032, 1.4199979999999996, 0.4611484433952257, 0.0, 0.0, -0.8, 0.007377076905851213
'2006-03-13', 36.799999, 37.400002, 36.52, 36.580002, 2292100.0, 30.686851, 1.0499989999999997, 1.25, 0.4410778353599733, 0.0, 0.1, -0.5, 0.0009510869823664979
'2006-03-10', 35.75, 36.799999, 35.75, 36.5, 2709700.0, 30.619738, 0.5299989999999966, -0.1599999999999966, 0.40433244034162014, 0.0, 0.5, -0.1, 0.010442881118881118
'2006-03-09', 35.220001, 35.549999, 35.139999, 35.330002, 1256800.0, 29.63823, 0.04000100000000373, -0.8299979999999962, 0.40644081496361767, 0.0, 0.8, 0.0, 0.01171208087132079
'2006-03-08', 35.18, 35.509998, 35.0, 35.220001, 1210200.0, 29.545951, -0.36999899999999997, -0.5200010000000006, 0.4263205810986594, 1.0, 1.0, 0.0, 0.009607725980670837
'2006-03-07', 35.549999, 35.639999, 35.119999, 35.360001, 1654700.0, 29.663396, -0.3600009999999969, 0.0, 0.5339976460638804, 0.0, 0.8, 0.0, 0.006188467122038458
'2006-03-06', 35.91, 35.970001, 35.360001, 35.599998, 1544600.0, 29.864729, -0.1399990000000031, -0.3899990000000031, 0.8749480142027233, 0.0, 0.5, 0.0, 0.0038190675100449674
'2006-03-03', 36.049999, 36.43, 35.889999, 36.119999, 1452900.0, 30.300956, 0.34999799999999937, 0.020000000000003126, 1.0149192769222586, 0.0, 0.1, 0.0, 0.002843273310493019
'2006-03-02', 35.700001, 36.290001, 35.200001, 36.240002, 2356900.0, 30.401626, 0.15000200000000063, -0.2999989999999997, 1.1140986684618603, 0.0, 0.0, 0.0, 0.0036414502559195374
'2006-03-01', 35.549999, 35.98, 35.509998, 35.880001, 1850900.0, 30.099623, -0.75, -1.0, 1.23317477674571, 0.0, 0.0, 0.0, 0.0037130802732230745
'2006-02-28', 36.299999, 36.5, 35.5, 35.720001, 1475900.0, 29.965399, 0.2700000000000031, 0.23999799999999993, 1.3080748335548733, 0.0, 0.0, -0.1, 0.0014274981610380168
'2006-02-27', 36.029999, 36.709999, 35.919998, 36.279999, 955400.0, 30.43518, 0.029998999999996556, -0.17000200000000376, 1.363586941123239, 0.0, 0.0, -0.5, 0.001942825477180843
'2006-02-24', 36.0, 36.290001, 35.52, 36.139999, 1243100.0, 30.317735, -0.5499989999999997, -0.08000200000000035, 1.3805772404491814, 0.0, 0.0, -0.8, 0.0018589722222222221
'2006-02-23', 36.549999, 36.970001, 36.200001, 36.209999, 1513600.0, 30.376457, 0.48999799999999993, 0.9500010000000003, 1.3804484654398244, -1.0, 0.0, -1.0, 0.0
'2006-02-22', 36.060001, 36.900002, 35.900002, 36.599998, 2097200.0, 30.703626, -0.14000000000000057, 1.0600009999999997, 1.3585076675535532, 0.0, 0.0, -0.8, 0.01358840783171359
'2006-02-21', 36.200001, 36.490002, 35.599998, 36.09, 1267000.0, 30.27579, 0.11999899999999997, 0.7700010000000006, 1.3649836014324654, 0.0, 0.0, -0.5, 0.004834226385794843
'2006-02-17', 36.080002, 36.68, 35.75, 36.200001, 2187000.0, 30.36807, 0.480004000000001, 1.1799999999999997, 1.3624381919687587, 0.0, 0.0, -0.1, 0.004342174556050924
'2006-02-16', 35.599998, 36.080002, 35.299999, 36.080002, 1473200.0, 30.267403, 0.5999979999999994, -0.0200010000000006, 1.3871037183849029, 0.0, 0.1, 0.0, 0.006671355711873919
'2006-02-15', 35.0, 35.869999, 34.450001, 35.450001, 2938600.0, 29.738897, -0.4299999999999997, -0.9000020000000006, 1.3921794491537403, 0.0, 0.5, 0.0, 0.00885713714285714
'2006-02-14', 35.43, 35.84, 35.150002, 35.650002, 3316400.0, 29.906677, 0.5299979999999991, -0.29000100000000373, 1.3931097073101213, 0.0, 0.8, 0.0, 0.0052686000564493365
'2006-02-13', 34.900002, 35.439999, 34.099998, 35.330002, 2577400.0, 29.63823, -0.7199969999999993, -1.7899969999999996, 1.3917159282784377, 1.0, 1.0, 0.0, 0.006753978327647575
'2006-02-10', 35.619999, 35.650002, 34.919998, 35.470001, 1658500.0, 29.755675, -0.28000300000000067, -0.4500010000000003, 1.3961560530580313, 0.0, 0.8, -0.1, 0.0032636160377208312
'2006-02-09', 35.900002, 36.0, 35.549999, 35.619999, 1603500.0, 29.881508, 0.1800009999999972, -0.09999799999999937, 1.4065744667262086, 0.0, 0.5, -0.5, 0.0020117516675594834
'2006-02-08', 35.720001, 36.07, 35.5, 35.900002, 1677200.0, 30.116401, -0.9699979999999968, -0.4300009999999972, 1.380843656127782, 0.0, 0.1, -0.8, 0.002323622555329705
'2006-02-07', 36.689999, 37.18, 35.540001, 35.720001, 2305700.0, 29.965399, 0.619999, 0.6899990000000003, 1.3525029906072852, -1.0, 0.0, -1.0, 0.0
'2006-02-06', 36.07, 36.75, 35.84, 36.689999, 2982500.0, 30.779127, 0.07000000000000028, 0.41999799999999965, 1.2649938020934886, 0.0, 0.0, -0.8, 0.017188771832547824
'2006-02-03', 36.0, 36.279999, 35.610001, 36.189999, 2249500.0, 30.359679, -0.15000200000000063, 0.15000200000000063, 1.207851900948063, 0.0, 0.0, -0.5, 0.009583319444444448
'2006-02-02', 36.150002, 36.560001, 36.049999, 36.5, 2691900.0, 30.619738, 0.15000200000000063, 0.30000400000000127, 1.161695931530711, 0.0, 0.0, -0.1, 0.004979225174040098
'2006-02-01', 36.0, 36.360001, 35.709999, 36.25, 3475600.0, 30.410014, 0.34999799999999937, 0.41999799999999965, 1.0795661216029386, 0.0, 0.0, 0.0, 0.004791659722222224
'2006-01-31', 35.650002, 36.09, 35.299999, 35.950001, 2565000.0, 30.158345, -0.19999599999999873, 0.7600029999999975, 1.0023376440443612, 0.0, 0.0, 0.0, 0.00583448494617195
'2006-01-30', 35.849998, 36.18, 35.700001, 36.16, 1760500.0, 30.334513, 0.0, 1.9299999999999997, 0.9476414811763151, 0.0, 0.0, 0.0, 0.0039051652573778893
'2006-01-27', 35.849998, 36.099998, 35.66, 35.91, 3007200.0, 30.124789, 0.269995999999999, 3.949998000000001, 0.8686328948675848, 0.0, 0.0, 0.0, 0.003347284506323905
'2006-01-26', 35.580002, 35.849998, 35.25, 35.779999, 3001000.0, 30.015731, 0.6900029999999973, 2.8300020000000004, 0.7888157100090719, 0.0, 0.1, 0.0, 0.0038996519730381124
'2006-01-25', 34.889999, 35.790001, 34.740002, 35.330002, 3409300.0, 29.63823, 0.9700010000000034, 1.9899970000000025, 0.7527060501958732, 0.0, 0.5, 0.0, 0.005732301683356302
'2006-01-24', 33.919998, 35.299999, 33.630001, 34.889999, 8660700.0, 29.269113, 2.019998000000001, 1.4599989999999963, 0.7521193886177773, 0.0, 0.8, 0.0, 0.008166277014521052
'2006-01-23', 31.9, 32.240002, 31.690001, 32.07, 3307600.0, 26.903424, -0.8500000000000014, -0.9699990000000014, 0.798032732036328, 1.0, 1.0, 0.0, 0.013650609860359082
'2006-01-20', 32.75, 32.799999, 31.68, 31.75, 3494000.0, 26.634978, -0.15000200000000063, -0.029998999999996556, 0.8049139518961633, 0.0, 0.8, 0.0, 0.010025442748091603
'2006-01-19', 32.900002, 33.189999, 32.849998, 32.869999, 2320100.0, 27.574541, 0.44000299999999726, -0.649996999999999, 0.8264235951787817, 0.0, 0.5, 0.0, 0.008861343861597053
'2006-01-18', 32.459999, 33.400002, 32.310001, 32.799999, 2429300.0, 27.515819, -0.4099999999999966, -1.5400009999999966, 0.8457413010432719, 0.0, 0.1, 0.0, 0.009308159779760218
'2006-01-17', 32.869999, 33.060001, 32.389999, 32.560001, 2073800.0, 27.314485, 0.09000000000000341, -1.130001, 0.8356012123424067, 0.0, 0.0, -0.1, 0.007747693167458468
'2006-01-13', 32.779999, 33.400002, 32.5, 33.189999, 2112300.0, 27.842988, -0.7700000000000031, -0.630001, 0.8227083925137415, 0.0, 0.0, -0.5, 0.007455003278066002
'2006-01-12', 33.549999, 33.66, 32.73, 32.759998, 2186000.0, 27.482262, -0.4500010000000003, 0.18999800000000278, 0.8240872423079871, 0.0, 0.0, -0.8, 0.005505391590412304
'2006-01-11', 34.0, 34.139999, 33.419998, 33.549999, 2924500.0, 28.144991, 0.0, 1.389999000000003, 0.8680236196231107, -1.0, 0.0, -1.0, 0.0
'2006-01-10', 34.0, 34.549999, 33.900002, 34.279999, 2371100.0, 28.757386, 0.5900000000000034, 0.7000010000000003, 0.9714831062529002, 0.0, 0.1, -0.8, 0.0
'2006-01-09', 33.41, 34.630001, 33.41, 34.529999, 2461600.0, 28.96711, 0.04999899999999968, -0.49000200000000405, 1.0141462382392628, 0.0, 0.5, -0.5, 0.008829691709069193
'2006-01-06', 33.360001, 33.650002, 32.91, 33.310001, 2362400.0, 27.943658, 0.75, -0.1399990000000031, 1.004892803825011, 0.0, 0.8, -0.1, 0.006394873909026593
'2006-01-05', 32.610001, 34.169998, 32.5, 33.200001, 4021700.0, 27.851379, -0.6899980000000028, -0.9700010000000034, 0.9891121964566463, 1.0, 1.0, -0.5, 0.01065623242391194
'2006-01-04', 33.299999, 33.299999, 31.940001, 32.709999, 8425400.0, 27.440318, -0.600003000000001, 0.5999979999999994, 0.9287292418265561, 0.0, 0.8, -0.8, 0.004204210336462774
'2006-01-03', 33.900002, 34.0, 32.57, 33.299999, 2562900.0, 27.935267, 0.40000200000000063, 0.5, 0.9009908713073758, -1.0, 0.3, -1.0, 0.0
'2005-12-30', 33.5, 33.830002, 33.34, 33.34, 1133200.0, 27.968824, -0.08000200000000035, -0.25, 0.8987078209674337, 0.0, 0.3, -0.8, 0.011940358208955244
'2005-12-29', 33.580002, 34.060001, 33.52, 33.57, 1533100.0, 28.16177, 0.880001, -0.3999979999999965, 0.8987078209674338, 0.0, 0.8, -0.5, 0.004764740633428198
'2005-12-28', 32.700001, 33.849998, 32.68, 33.66, 3092300.0, 28.237271, -0.7000010000000003, -0.9299999999999997, 0.8805290411522367, 1.0, 1.0, -0.1, 0.012232425721740298
'2005-12-27', 33.400002, 33.490002, 32.509998, 32.580002, 2308600.0, 27.331264, -0.34999799999999937, 0.600003000000001, 0.8071326660615734, 0.0, 0.8, 0.0, 0.0037425147459572007
'2005-12-23', 33.75, 33.790001, 33.330002, 33.400002, 1455900.0, 28.019159, -0.22999999999999687, -0.16999799999999965, 0.7732593143896359, 0.0, 0.5, 0.0, 0.0008889007407407445
'2005-12-22', 33.98, 34.060001, 33.299999, 33.75, 4484100.0, 28.312771, 0.34999899999999684, -0.3199990000000028, 0.7664528442704938, 0.0, 0.1, 0.0, -0.0003923778693348844
'2005-12-21', 33.630001, 34.32, 33.5, 33.970001, 2606900.0, 28.49733, 0.8300020000000004, -0.869999, 0.7681047870073868, 0.0, 0.0, 0.0, 0.001146939348249544
'2005-12-20', 32.799999, 33.959999, 32.0, 33.630001, 4155200.0, 28.212105, -1.119999, -1.600003000000001, 0.7436189687837073, 0.0, 0.0, 0.0, 0.004192084731466002
'2005-12-19', 33.919998, 33.98, 32.959999, 33.119999, 2671200.0, 27.784265, -0.38000100000000003, -0.730004000000001, 0.6529263753981224, 0.0, 0.0, 0.0, -6.550052797107088e-05
'2005-12-16', 34.299999, 34.400002, 33.529999, 33.880001, 2495600.0, 28.421829, -0.20000100000000032, -0.8100019999999972, 0.6507447956007413, 0.0, 0.0, 0.0, -0.0011661720456609898
'2005-12-15', 34.5, 34.529999, 34.0, 34.299999, 2503800.0, 28.774164, 0.09999799999999937, -0.38000100000000003, 0.6873235582890789, 0.0, 0.0, 0.0, -0.0015810223978919614
'2005-12-14', 34.400002, 34.59, 33.950001, 34.299999, 2435600.0, 28.774164, -0.25, -0.6799999999999997, 0.8040279901853237, 0.0, 0.0, 0.0, -0.0012112402396565751
'2005-12-13', 34.650002, 34.66, 33.84, 34.25, 2902000.0, 28.73222, -0.45999899999999627, -0.8599960000000024, 0.9090345438988834, 0.0, 0.0, 0.0, -0.0016650015688976785
'2005-12-12', 35.110001, 35.279999, 34.419998, 34.700001, 1711600.0, 29.109724, 0.22999999999999687, -0.09000000000000341, 1.0245963914207832, 0.0, 0.0, -0.1, -0.0024616490327072265
'2005-12-09', 34.880001, 35.299999, 34.57, 35.110001, 1577500.0, 29.453672, -0.20000100000000032, -0.3200000000000003, 1.1557933503304305, 0.0, 0.0, -0.5, -0.001873086719999424
'2005-12-08', 35.080002, 35.349998, 34.82, 35.0, 2981400.0, 29.361393, -0.4299960000000027, -0.11999899999999997, 1.2132940440531128, 0.0, 0.0, -0.8, -0.0021023373943935345
'2005-12-07', 35.509998, 35.720001, 34.77, 34.950001, 2024400.0, 29.319448, 0.30999700000000274, 0.7099990000000034, 1.2626809348987968, -1.0, 0.0, -1.0, 0.0
'2005-12-06', 35.200001, 35.919998, 35.130001, 35.560001, 2176700.0, 29.831176, 0.0, -0.20000100000000032, 1.2775715449420477, 0.0, 0.1, -0.8, 0.008806732704354262
'2005-12-05', 35.200001, 35.220001, 34.299999, 35.0, 2531700.0, 29.361393, 0.0, -0.5699990000000028, 1.346353163921397, 0.0, 0.5, -0.5, 0.004403366352177131
'2005-12-02', 35.200001, 35.5, 34.889999, 35.029999, 1936000.0, 29.386558, 0.40000200000000063, -1.4399980000000028, 1.375096014668321, 0.0, 0.8, -0.1, 0.0029355775681180873
'2005-12-01', 34.799999, 35.34, 34.540001, 35.200001, 2954900.0, 29.529173, -0.600003000000001, -1.1400000000000006, 1.4004546229631851, 1.0, 1.0, -0.1, 0.0051005676753036935
'2005-11-30', 35.400002, 36.57, 34.220001, 34.43, 5780300.0, 28.883222, -0.3699980000000025, 0.42000200000000376, 1.5056428542877613, 0.0, 0.8, -0.5, 0.0006214462925736695
'2005-11-29', 35.77, 36.099998, 35.25, 35.77, 2221700.0, 30.007344, -0.869999, 0.9099990000000062, 1.5691741955921221, 0.0, 0.5, -0.8, -0.0012114528002982019
'2005-11-28', 36.639999, 36.84, 35.25, 35.27, 2187300.0, 29.587895, 0.7000000000000028, 1.9599990000000034, 1.6020857985350792, -1.0, 0.1, -1.0, 0.0
'2005-11-25', 35.939999, 36.650002, 35.57, 36.639999, 1501000.0, 30.737183, 0.9599990000000034, 1.2599990000000005, 1.6143429639746334, 0.0, 0.0, -0.8, 0.019476906496296867
'2005-11-23', 34.98, 36.25, 34.82, 35.939999, 4086500.0, 30.149955, 0.11999899999999997, 0.9799999999999969, 1.6892118165980186, 0.0, 0.0, -0.5, 0.023727830188679338
'2005-11-22', 34.860001, 34.919998, 34.43, 34.810001, 1672000.0, 29.202003, 0.1800009999999972, 1.360000999999997, 1.6909048325414926, 0.0, 0.0, -0.1, 0.0170204431912285
'2005-11-21', 34.68, 34.889999, 34.470001, 34.830002, 2383500.0, 29.218782, 0.0, 0.2799979999999991, 1.6750893078947509, 0.0, 0.1, 0.0, 0.014129173875432551
'2005-11-18', 34.68, 34.689999, 33.790001, 34.43, 2559400.0, 28.883222, 0.6799999999999997, 0.02999799999999908, 1.6427615910414815, 0.0, 0.5, 0.0, 0.01130333910034604
'2005-11-17', 34.0, 34.27, 33.82, 34.23, 1877400.0, 28.715442, 0.5, -0.9000020000000006, 1.603682977274867, 0.0, 0.8, 0.0, 0.012941171568627466
'2005-11-16', 33.5, 33.950001, 33.349998, 33.900002, 2825500.0, 28.438607, -0.9000020000000006, -0.4299999999999997, 1.6026697204772153, 1.0, 1.0, 0.0, 0.013390187633262274
'2005-11-15', 34.400002, 34.599998, 33.16, 33.27, 2698000.0, 27.910101, -0.25, 0.4700020000000009, 1.6040255023883794, 0.0, 0.8, 0.0, 0.008139523509330037
'2005-11-14', 34.650002, 34.689999, 34.200001, 34.400002, 1665800.0, 28.858056, -0.25, 0.23000400000000099, 1.549279571112886, 0.0, 0.5, 0.0, 0.006381263059603231
'2005-11-11', 34.900002, 35.0, 34.169998, 34.610001, 1743100.0, 29.034223, 0.9700020000000009, 0.4100000000000037, 1.4761175140440654, 0.0, 0.1, 0.0, 0.004985664470735568
'2005-11-10', 33.93, 35.0, 33.82, 35.0, 2067600.0, 29.361393, 0.0, -0.04000100000000373, 1.3749811003148693, 0.0, 0.0, -0.1, 0.007260935616108038
'2005-11-09', 33.93, 34.16, 33.419998, 33.849998, 1736500.0, 28.39666, -0.48999799999999993, 0.45000000000000284, 1.3209332658729416, 0.0, 0.0, -0.5, 0.0066558576480990365
'2005-11-08', 34.419998, 34.43, 33.810001, 33.93, 2108800.0, 28.463773, -0.07000399999999729, 1.9799989999999994, 1.2705850732638484, 0.0, 0.0, -0.8, 0.004961339849360478
'2005-11-07', 34.490002, 34.849998, 34.299999, 34.759998, 2719700.0, 29.160056, 0.5200009999999935, 2.1599999999999966, 1.1717463155482057, -1.0, 0.1, -1.0, 0.0
'2005-11-04', 33.970001, 34.400002, 33.540001, 34.220001, 3305100.0, 28.707054, 0.49000100000000657, 1.9700010000000034, 1.0850565988312932, 0.0, 0.5, -0.8, 0.015307653361564325
'2005-11-03', 33.48, 34.349998, 33.450001, 33.970001, 3951000.0, 28.49733, 1.0400009999999966, 1.9899999999999984, 0.9898307371580704, 0.0, 0.8, -0.5, 0.015083661887694147
'2005-11-02', 32.439999, 32.959999, 32.169998, 32.959999, 3243400.0, 27.650042, 0.1099969999999999, 0.14000000000000057, 0.9421639391437614, 1.0, 1.0, -0.1, 0.02106456086306699
'2005-11-01', 32.330002, 32.619999, 31.700001, 32.439999, 3362600.0, 27.213815, 0.33000200000000035, 0.1100009999999969, 0.9328118857641605, 0.0, 0.8, 0.0, 0.016702751827853246
'2005-10-31', 32.0, 32.349998, 31.959999, 32.18, 3057100.0, 26.995703, 0.5100000000000016, -0.5, 0.9160885261931726, 0.0, 0.5, 0.0, 0.015562512499999981
'2005-10-28', 31.49, 31.85, 31.129999, 31.66, 2872400.0, 26.559477, -0.8099990000000012, -0.010000000000001563, 0.914393586920073, 0.0, 0.1, -0.1, 0.015878067111252243
'2005-10-27', 32.299999, 32.5, 31.18, 31.48, 3567000.0, 26.408475, 0.07999799999999624, 0.2999989999999997, 0.9300670591119317, 0.0, 0.0, -0.5, 0.009685993223361123
'2005-10-26', 32.220001, 32.869999, 31.969999, 32.389999, 4116100.0, 27.171871, -0.27999899999999656, 0.3400020000000019, 0.9318563891982762, 0.0, 0.0, -0.8, 0.008806645443617433
'2005-10-25', 32.5, 33.09, 31.790001, 32.220001, 5072900.0, 27.02926, 1.0, 1.9800000000000004, 0.9627563170401493, -1.0, 0.0, -1.0, 0.0
'2005-10-24', 31.5, 31.73, 30.549999, 31.25, 5172900.0, 26.215529, -0.5, 0.9500010000000003, 0.9854561042823666, 0.0, 0.0, -0.8, 0.031746031746031744
'2005-10-21', 32.0, 32.549999, 31.93, 32.259998, 2395900.0, 27.062814, 0.12000099999999847, 1.5400010000000002, 1.0744062399611138, 0.0, 0.0, -0.5, 0.0078125
'2005-10-20', 31.879999, 32.650002, 31.610001, 31.709999, 3065300.0, 26.601421, 1.359999000000002, 2.279999, 1.1005270049696172, 0.0, 0.0, -0.1, 0.00648265390472564
'2005-10-19', 30.52, 31.73, 29.940001, 31.67, 2778500.0, 26.567866, -0.02999900000000011, 1.5799990000000008, 1.1456796421535878, 0.0, 0.0, 0.0, 0.01621887287024902
'2005-10-18', 30.549999, 30.66, 29.969999, 30.52, 2628200.0, 25.603135, 0.08999999999999986, 0.009997999999999507, 1.136991021268516, 0.0, 0.1, 0.0, 0.012765964411324531
'2005-10-17', 30.459999, 31.01, 30.389999, 30.809999, 1963700.0, 25.846414, 0.8599989999999984, -0.3500000000000014, 1.1215248383343004, 0.0, 0.5, 0.0, 0.011162185746186883
'2005-10-14', 29.6, 30.68, 29.6, 30.459999, 3317900.0, 25.5528, 0.6599990000000027, -1.6999989999999983, 1.1082859532933929, 0.0, 0.8, 0.0, 0.013996138996138989
'2005-10-13', 28.940001, 29.379999, 28.139999, 29.24, 3827500.0, 24.529346, -1.6000000000000014, -2.2799980000000026, 1.0709892173545517, 1.0, 1.0, 0.0, 0.015376636476273797
'2005-10-12', 30.540001, 30.790001, 28.700001, 28.940001, 4289400.0, 24.277678, -0.26999800000000107, -0.059999000000001246, 0.941270762817033, 0.0, 0.8, 0.0, 0.007130899133456697
'2005-10-11', 30.809999, 31.280001, 30.43, 30.540001, 2075600.0, 25.619913, -0.48999999999999844, -0.010000999999999038, 0.935014322707115, 0.0, 0.5, 0.0, 0.005485235491244251
'2005-10-10', 31.299999, 31.6, 30.860001, 30.870001, 1506900.0, 25.896749, 0.0799999999999983, -0.43000100000000074, 0.9113277574083771, 0.0, 0.1, 0.0, 0.0034853355746113615
'2005-10-07', 31.219999, 31.540001, 31.0, 31.35, 1814100.0, 26.299419, 0.619999, -0.14000199999999907, 0.9745184769929909, 0.0, 0.0, 0.0, 0.00341661606075003
'2005-10-06', 30.6, 31.49, 30.6, 31.219999, 2788800.0, 26.190362, -0.21999999999999886, -0.5900009999999973, 1.0109319730716995, 0.0, 0.0, 0.0, 0.004776269482151831
'2005-10-05', 30.82, 31.32, 30.34, 30.690001, 2542100.0, 25.745747, -0.9100000000000001, -0.41999999999999815, 0.9859530754896647, 0.0, 0.0, 0.0, 0.003893575600259571
'2005-10-04', 31.73, 31.73, 30.780001, 30.809999, 2648200.0, 25.846414, 0.36999899999999997, -0.990001000000003, 0.9445235799308257, 0.0, 0.0, 0.0, 0.001617816997583779
'2005-10-03', 31.360001, 31.42, 30.690001, 31.15, 3727100.0, 26.131639, 0.1700000000000017, -0.9399979999999992, 0.9417031743607069, 0.0, 0.0, 0.0, 0.002272000485586718
'2005-09-30', 31.190001, 31.639999, 30.85, 31.360001, 2163400.0, 26.307808, -0.04999899999999968, -1.989999000000001, 0.9362003601799306, 0.0, 0.0, 0.0, 0.0024706239895882797
'2005-09-29', 31.24, 31.549999, 30.58, 31.190001, 3522000.0, 26.165196, -1.480001000000005, -0.38000100000000003, 0.9135930180707744, 0.0, 0.0, -0.1, 0.002240717029449427
'2005-09-28', 32.720001, 32.77, 30.9, 31.24, 3066000.0, 26.20714, 0.42000200000000376, 2.460001000000002, 0.8925154106362654, 0.0, 0.0, -0.5, -0.00035388140727746865
'2005-09-27', 32.299999, 33.080002, 32.040001, 32.720001, 2488200.0, 27.448709, -0.880001, 1.75, 0.9555074816852848, 0.0, 0.1, -0.8, 0.0003095990807925417
'2005-09-26', 33.18, 33.23, 32.259998, 32.290001, 2677500.0, 27.087983, 1.5599990000000012, 1.5400010000000002, 1.0154447173534338, -1.0, 0.5, -1.0, 0.0
'2005-09-23', 31.620001, 32.779999, 31.200001, 32.419998, 3029300.0, 27.197037, 1.360000999999997, -0.30999900000000125, 1.0748297985370727, 0.0, 0.8, -0.8, 0.04933583019178277
'2005-09-22', 30.26, 31.98, 30.1, 31.620001, 3091800.0, 26.525922, -0.2899989999999981, -1.9999980000000015, 1.1041795029799417, 1.0, 1.0, -0.5, 0.048248512888301356
'2005-09-21', 30.549999, 31.190001, 30.219999, 30.25, 3045400.0, 25.376632, -1.0899999999999999, -1.7999989999999997, 1.0270510232272652, 0.0, 0.8, -0.1, 0.028696138418858867
'2005-09-20', 31.639999, 31.98, 30.51, 30.620001, 2311500.0, 25.687025, -0.2900010000000002, -1.2900010000000002, 0.9348877626758455, 0.0, 0.5, 0.0, 0.012168149878892223
'2005-09-19', 31.93, 32.040001, 31.280001, 31.639999, 1890100.0, 26.542698, -0.32999800000000334, -1.0499999999999972, 0.8896245919618274, 0.0, 0.1, 0.0, 0.007829627309740055
'2005-09-16', 32.259998, 32.330002, 31.780001, 32.16, 2617900.0, 26.978925, -0.0899999999999963, -1.490001999999997, 0.90023057568661, 0.0, 0.0, 0.0, 0.004753058777829623
'2005-09-15', 32.349998, 32.439999, 31.93, 32.25, 2222500.0, 27.054426, -0.5800020000000004, -0.5200010000000006, 0.9295800076741946, 0.0, 0.0, -0.1, 0.003665277329714652
'2005-09-14', 32.93, 33.049999, 32.470001, 32.509998, 1807500.0, 27.272538, -0.04999999999999716, -0.34999899999999684, 0.926385327532433, 0.0, 0.0, -0.5, 0.0009489826905557243
'2005-09-13', 32.98, 33.25, 32.849998, 33.0, 1693400.0, 27.683599, -0.7700000000000031, 0.7599989999999934, 0.9775834404856822, 0.0, 0.0, -0.8, 0.0006738090425173602
'2005-09-12', 33.75, 33.900002, 33.150002, 33.220001, 2017200.0, 27.868157, 0.880001, 1.9500010000000003, 1.0298732329761346, -1.0, 0.0, -1.0, 0.0
'2005-09-09', 32.869999, 33.330002, 32.75, 33.220001, 1293200.0, 27.868157, -0.4099999999999966, 0.5, 1.0743787567399647, 0.0, 0.1, -0.8, 0.02677216388111238
'2005-09-08', 33.279999, 33.32, 32.759998, 32.869999, 1476600.0, 27.574541, 1.0599979999999931, 0.07999799999999624, 1.1004271911099415, 0.0, 0.5, -0.5, 0.007061313313140477
'2005-09-07', 32.220001, 33.279999, 32.060001, 33.279999, 2464100.0, 27.918489, 0.42000200000000376, -0.4799999999999969, 1.112369014331677, 0.0, 0.8, -0.1, 0.01582866700304154
'2005-09-06', 31.799999, 32.419998, 31.799999, 32.34, 1910800.0, 27.129927, -0.5700000000000003, -1.4700010000000034, 1.0790475030737396, 1.0, 1.0, 0.0, 0.015330197022962172
'2005-09-02', 32.369999, 32.380001, 31.200001, 31.799999, 2091200.0, 26.676922, -0.8300020000000004, -0.13000100000000003, 1.0500713695748092, 0.0, 0.8, 0.0, 0.008526419787655847
'2005-09-01', 33.200001, 33.34, 32.110001, 32.400002, 2741500.0, 27.180262, 0.5, -0.9799989999999994, 1.0206617955036035, 0.0, 0.5, 0.0, 0.0027610390734626768
'2005-08-31', 32.700001, 33.25, 32.5, 33.189999, 2899800.0, 27.842988, -0.5699990000000028, -1.2900009999999966, 1.0576598449094958, 0.0, 0.1, -0.1, 0.0045871514543029245
'2005-08-30', 33.27, 33.330002, 32.060001, 32.470001, 2939100.0, 27.238984, 0.7700000000000031, -0.22999999999999687, 1.0380022679811687, 0.0, 0.0, -0.5, 0.0018034265103696904
'2005-08-29', 32.5, 33.599998, 32.400002, 33.41, 1831300.0, 28.027546, -1.6799999999999997, 0.2999989999999997, 1.028830688889438, 0.0, 0.0, -0.8, 0.004273504273504274
'2005-08-26', 34.18, 34.25, 33.48, 33.669998, 1651300.0, 28.245658, 0.18999800000000278, 1.1899980000000028, 0.9604788170494878, -1.0, 0.0, -1.0, 0.0
'2005-08-25', 33.990002, 34.689999, 33.799999, 34.27, 1908700.0, 28.748998, 0.49000199999999694, 0.5400009999999966, 0.9570742180444646, 0.0, 0.0, -0.8, 0.005589820206541994
'2005-08-24', 33.5, 34.709999, 32.889999, 33.990002, 5754000.0, 28.514108, 1.2999989999999997, 0.17999999999999972, 0.9566394919722366, 0.0, 0.0, -0.5, 0.01014925373134328
'2005-08-23', 32.200001, 32.790001, 31.99, 32.639999, 2088300.0, 27.381595, -0.7900009999999966, -1.2999989999999997, 0.94374458455006, 0.0, 0.0, -0.1, 0.020496883421421832
'2005-08-22', 32.990002, 32.990002, 31.74, 32.290001, 3515800.0, 27.087983, -0.4599990000000034, -1.5699990000000028, 0.8109526438707126, 0.0, 0.0, 0.0, 0.009017868504524514
'2005-08-19', 33.450001, 33.459999, 32.779999, 32.990002, 2299300.0, 27.675211, 0.13000100000000003, -1.25, 0.727678780171535, 0.0, 0.0, 0.0, 0.00436471735830441
'2005-08-18', 33.32, 33.630001, 32.48, 33.450001, 2529400.0, 28.061103, -0.17999999999999972, -1.4700009999999963, 0.6723526822540052, 0.0, 0.0, 0.0, 0.004301720688275307
'2005-08-17', 33.5, 33.830002, 33.41, 33.639999, 1815500.0, 28.220492, -1.0600009999999997, -1.2999989999999997, 0.656208226099629, 0.0, 0.0, 0.0, 0.002899786780383794
'2005-08-16', 34.560001, 34.57, 33.68, 33.810001, 2003100.0, 28.363106, -0.14000000000000057, -0.14000000000000057, 0.5974463831459399, 0.0, 0.0, 0.0, -0.0013744248734252063
'2005-08-15', 34.700001, 34.82, 34.23, 34.720001, 1221600.0, 29.126502, -0.0899999999999963, 0.3200000000000003, 0.6169717137769821, 0.0, 0.0, 0.0, -0.001665068796075509
'2005-08-12', 34.790001, 34.970001, 34.389999, 34.700001, 1685800.0, 29.109724, -0.00999800000000306, 1.0899999999999963, 0.6464358902309465, 0.0, 0.0, 0.0, -0.0017533802312911604
'2005-08-11', 34.799999, 35.09, 34.490002, 34.900002, 1726800.0, 29.277504, 0.09999799999999937, -0.17000200000000376, 0.6978853370964863, 0.0, 0.0, 0.0, -0.0016196421573042418
'2005-08-10', 34.700001, 35.16, 34.509998, 34.610001, 2456500.0, 29.034223, 0.3200000000000003, -0.5, 0.7520107477075899, 0.0, 0.0, 0.0, -0.0012488015970566317
'2005-08-09', 34.380001, 34.700001, 34.130001, 34.450001, 1865800.0, 28.9, 0.6799999999999997, -0.27999899999999656, 0.9012501319470297, 0.0, 0.0, 0.0, -0.00044748958290293043
'2005-08-08', 33.700001, 34.360001, 33.700001, 33.970001, 2018200.0, 28.49733, -1.2700000000000031, -1.7700000000000031, 1.0300825917054206, 0.0, 0.1, 0.0, 0.0010173780961354516
'2005-08-05', 34.970001, 34.970001, 33.48, 33.700001, 3559400.0, 28.270827, -0.22999999999999687, -0.6599999999999966, 1.0974115509390854, 0.0, 0.5, 0.0, -0.0015060546704969663
'2005-08-04', 35.200001, 35.25, 34.830002, 34.970001, 3229300.0, 29.336227, 0.5400010000000037, -0.25999800000000306, 1.1371462272827633, 0.0, 0.8, 0.0, -0.0018110812695715558
'2005-08-03', 34.66, 35.48, 34.25, 35.439999, 4697700.0, 29.730506, -0.8100010000000069, -0.8300020000000004, 1.1365047762529392, 1.0, 1.0, 0.0, -0.0008146362988357438
'2005-08-02', 35.470001, 35.470001, 33.0, 34.75, 10536600.0, 29.151668, -0.1599999999999966, 0.4400020000000069, 1.1677863605991177, 0.0, 0.8, 0.0, -0.0020204883056592644
'2005-08-01', 35.630001, 36.419998, 35.330002, 35.549999, 2456200.0, 29.822785, 0.17000199999999666, 0.630001, 1.2109414808510661, 0.0, 0.5, 0.0, -0.002141898399196317
'2005-07-29', 35.459999, 35.580002, 34.790001, 35.110001, 1897400.0, 29.453672, -0.030002999999993563, -0.5400009999999966, 1.2043665747701202, 0.0, 0.1, 0.0, -0.0018048491766736985
'2005-07-28', 35.490002, 36.16, 34.799999, 35.610001, 2177500.0, 29.87312, 0.4600030000000004, -0.04999899999999968, 1.1992020571479718, 0.0, 0.0, 0.0, -0.0017577076388738296
'2005-07-27', 35.029999, 35.099998, 33.349998, 34.93, 3677900.0, 29.30267, 0.029998999999996556, -1.2200010000000034, 1.2125103702653905, 0.0, 0.0, 0.0, -0.001102949451463531
'2005-07-26', 35.0, 35.200001, 34.900002, 35.0, 1928600.0, 29.361393, -1.0, -0.7999989999999997, 1.2859494245804894, 0.0, 0.0, 0.0, -0.0010186335403726712
'2005-07-25', 36.0, 36.200001, 34.849998, 34.939999, 1931700.0, 29.311058, 0.4599990000000034, 0.43999900000000025, 1.3737802009140248, 0.0, 0.0, 0.0, -0.0021064814814814817
'2005-07-22', 35.540001, 35.970001, 35.290001, 35.950001, 1114400.0, 30.158345, -0.7099990000000034, 0.26000200000000007, 1.3699897860045203, 0.0, 0.0, 0.0, -0.0015306707504031832
'2005-07-21', 36.25, 36.25, 35.5, 35.57, 1481500.0, 29.839564, 0.4500010000000003, 1.3300020000000004, 1.3760370574955876, 0.0, 0.0, 0.0, -0.0021962864721485416
'2005-07-20', 35.799999, 36.299999, 35.349998, 36.16, 1332800.0, 30.334513, 0.23999799999999993, 0.36999899999999997, 1.3075679533652473, 0.0, 0.0, 0.0, -0.0016759766658921685
'2005-07-19', 35.560001, 36.220001, 35.27, 36.220001, 1601500.0, 30.384848, 0.2800020000000032, -0.16999899999999712, 1.2597958412911443, 0.0, 0.0, 0.0, -0.0013859884312151735
'2005-07-18', 35.279999, 35.360001, 35.119999, 35.240002, 841000.0, 29.562729, 0.3600009999999969, 0.05999799999999311, 1.231217756749166, 0.0, 0.0, -0.1, -0.0010751417538305457
'2005-07-15', 34.919998, 35.400002, 34.700001, 35.27, 1714600.0, 29.587895, -0.5100020000000001, -0.050003000000003794, 1.2078183910491864, 0.0, 0.0, -0.5, -0.0007063746109034713
'2005-07-14', 35.43, 35.75, 34.52, 34.759998, 2025300.0, 29.160056, -0.29999999999999716, 0.7299989999999994, 1.251999230404847, 0.0, 0.0, -0.8, -0.0011380914661349504
'2005-07-13', 35.73, 35.950001, 35.200001, 35.43, 1807700.0, 29.722118, 0.5099989999999934, 2.2099999999999937, 1.3827744012676095, -1.0, 0.0, -1.0, 0.0
'2005-07-12', 35.220001, 35.549999, 35.119999, 35.360001, 1625400.0, 29.663396, 0.25, 0.6100000000000065, 1.4278465973629648, 0.0, 0.0, -0.8, 0.014480380054503502
'2005-07-11', 34.970001, 35.450001, 34.52, 35.110001, 1930500.0, 29.453672, 0.2700000000000031, 0.8899990000000031, 1.4964969928472949, 0.0, 0.0, -0.5, 0.010866442354405328
'2005-07-08', 34.700001, 35.310001, 34.549999, 35.259998, 1801600.0, 29.579504, 1.1800009999999972, 0.7700010000000006, 1.5359267728207697, 0.0, 0.0, -0.1, 0.009894322481431595
'2005-07-07', 33.52, 34.700001, 33.5, 34.700001, 1543900.0, 29.109724, -1.0900009999999938, -0.029998999999996556, 1.5610169991959388, 0.0, 0.0, 0.0, 0.016482696897374652
'2005-07-06', 34.610001, 34.68, 33.799999, 34.130001, 1814700.0, 28.631553, 0.5299989999999966, 1.1900029999999973, 1.615069412956485, 0.0, 0.0, 0.0, 0.00647211191932644
'2005-07-05', 34.080002, 34.950001, 33.900002, 34.790001, 2390600.0, 29.185225, 0.15000200000000063, 1.9100040000000007, 1.6151237213569067, 0.0, 0.0, 0.0, 0.00806923857183653
'2005-07-01', 33.93, 34.189999, 33.259998, 33.549999, 1535200.0, 28.144991, 0.38000100000000003, 1.880001, 1.6148587373378205, 0.0, 0.0, 0.0, 0.007578628268283429
'2005-06-30', 33.549999, 34.169998, 33.549999, 33.57, 3291700.0, 28.16177, 0.13000100000000003, 1.119999, 1.6042120971577989, 0.0, 0.1, 0.0, 0.00812220963106436
'2005-06-29', 33.419998, 33.849998, 33.18, 33.560001, 1822100.0, 28.153382, 1.25, 0.36999899999999997, 1.6270082779549948, 0.0, 0.5, 0.0, 0.007680039026001395
'2005-06-28', 32.169998, 33.48, 31.93, 33.209999, 1982800.0, 27.859766, 0.11999899999999997, -1.980004000000001, 1.6679547392875376, 0.0, 0.8, 0.0, 0.011066217660318156
'2005-06-27', 32.049999, 32.169998, 31.65, 31.92, 1509900.0, 26.77759, -0.38000100000000003, -1.0900000000000034, 1.7474738916506258, 1.0, 1.0, 0.0, 0.0104382388734098
'2005-06-24', 32.43, 32.490002, 31.799999, 32.150002, 2557500.0, 26.970538, -0.619999, -0.11999899999999997, 1.8163136855854611, 0.0, 0.8, 0.0, 0.00847980265186555
'2005-06-23', 33.049999, 33.52, 32.52, 32.619999, 1735600.0, 27.364817, -1.100003000000001, -0.4500010000000003, 1.8355502869592486, 0.0, 0.5, 0.0, 0.006237637800743137
'2005-06-22', 34.150002, 34.240002, 33.360001, 33.549999, 2331500.0, 28.144991, 1.0100029999999975, 0.6500020000000006, 1.8756878673526494, 0.0, 0.1, 0.0, 0.003304743583909592
'2005-06-21', 33.139999, 34.049999, 33.009998, 33.919998, 2593200.0, 28.455382, 0.5900000000000034, 0.36999899999999997, 1.7988187552207098, 0.0, 0.0, 0.0, 0.005210221440662473
'2005-06-20', 32.549999, 33.27, 32.439999, 33.200001, 1922200.0, 27.851379, -0.9500010000000003, 0.8299999999999983, 1.7786839014283704, 0.0, 0.0, 0.0, 0.0061059928911211285
'2005-06-17', 33.5, 33.5, 32.639999, 32.939999, 2705100.0, 27.633264, 0.0, 2.209999, 1.7597373812211554, 0.0, 0.0, 0.0, 0.003915715539947317
'2005-06-16', 33.5, 33.5, 32.880001, 33.200001, 1859300.0, 27.851379, 0.7299999999999969, 1.5, 1.6882785256390003, 0.0, 0.0, 0.0, 0.0036981757877280214
'2005-06-15', 32.77, 33.68, 32.709999, 33.41, 3112300.0, 28.027546, 1.0500010000000017, 0.7800000000000047, 1.6285275959591419, 0.0, 0.0, 0.0, 0.004754027271413188
'2005-06-14', 31.719999, 32.540001, 31.610001, 32.52, 2274300.0, 27.280929, 0.4299980000000012, -1.0500010000000017, 1.598563361466386, 0.0, 0.0, 0.0, 0.006320934940760867
'2005-06-13', 31.290001, 31.73, 31.01, 31.59, 1927300.0, 26.500754, -0.7099989999999998, -1.2499999999999964, 1.60729537396088, 0.0, 0.0, -0.1, 0.006757063504393102
'2005-06-10', 32.0, 32.0, 31.1, 31.4, 2230100.0, 26.341363, 0.010000000000001563, -0.029998999999996556, 1.615028009320389, 0.0, 0.0, -0.5, 0.0052982954545454505
'2005-06-09', 31.99, 32.07, 31.43, 32.0, 2802900.0, 26.844702, -0.7800000000000047, -0.010000000000001563, 1.5667185800974952, 0.0, 0.0, -0.8, 0.005083110211071392
'2005-06-08', 32.77, 32.77, 31.860001, 31.99, 2456900.0, 26.836313, 0.2299990000000065, 1.9700010000000034, 1.507036633161045, -1.0, 0.0, -1.0, 0.0
'2005-06-07', 32.540001, 33.0, 32.130001, 32.77, 3532100.0, 27.490653, 0.5100020000000001, 3.440000999999995, 1.3586888217855375, 0.0, 0.0, -0.8, 0.007068192776023778
'2005-06-06', 32.029999, 32.599998, 31.92, 32.549999, 3216500.0, 27.306094, 0.029998999999996556, 2.6199989999999964, 1.2721112941617263, 0.0, 0.1, -0.5, 0.011551686280102703
'2005-06-03', 32.0, 32.490002, 31.629999, 31.76, 3052600.0, 26.643367, 1.2000010000000003, 2.8799990000000015, 1.198946372056384, 0.0, 0.5, -0.1, 0.008020833333333366
'2005-06-02', 30.799999, 32.630001, 30.68, 32.07, 6242700.0, 26.903424, 1.6999989999999983, 1.4699990000000014, 1.103874565519334, 0.0, 0.8, 0.0, 0.015990268376307442
'2005-06-01', 29.1, 30.93, 29.049999, 30.67, 5562500.0, 25.728969, -0.3099999999999987, -0.3299999999999983, 1.0692343042260661, 1.0, 1.0, 0.0, 0.025223367697594513
'2005-05-31', 29.41, 29.41, 28.98, 29.040001, 2403900.0, 24.361568, 0.28999900000000167, -0.059999000000001246, 1.1137522581797528, 0.0, 0.8, 0.0, 0.019041142468548128
'2005-05-27', 29.120001, 29.450001, 29.030001, 29.299999, 2376900.0, 24.579679, -0.20999899999999982, -0.2199990000000014, 1.21386246090755, 0.0, 0.5, 0.0, 0.017906195421196217
'2005-05-26', 29.33, 29.65, 28.93, 29.17, 1667300.0, 24.470624, -0.10000000000000142, -0.2199990000000014, 1.2233204388060117, 0.0, 0.1, 0.0, 0.01466075690419368
'2005-05-25', 29.43, 29.5, 28.9, 29.219999, 1490800.0, 24.512568, -0.03999900000000167, -0.20999899999999982, 1.1934378421744045, 0.0, 0.0, 0.0, 0.01260995960282404
'2005-05-24', 29.469999, 29.57, 29.34, 29.440001, 2228700.0, 24.697126, 0.12999900000000153, 0.4699990000000014, 1.1550852277360026, 0.0, 0.0, -0.1, 0.011197832073221317
'2005-05-23', 29.34, 29.6, 29.219999, 29.459999, 2150300.0, 24.713903, -0.20999899999999982, 0.8599999999999994, 1.1108546310539167, 0.0, 0.0, -0.5, 0.010627749891553582
'2005-05-20', 29.549999, 29.549999, 29.129999, 29.35, 1884900.0, 24.621625, -0.08999999999999986, 1.3499979999999994, 1.0705834786697541, 0.0, 0.0, -0.8, 0.009080657385696255
'2005-05-19', 29.639999, 29.809999, 29.43, 29.75, 2935900.0, 24.957184, 0.6399989999999995, 1.4399979999999992, 1.0219153586392673, -1.0, 0.1, -1.0, 0.0
'2005-05-18', 29.0, 29.75, 28.77, 29.75, 2127800.0, 24.957184, 0.5199999999999996, 0.11000100000000046, 0.9744972056972132, 0.0, 0.5, -0.8, 0.022068931034482743
'2005-05-17', 28.48, 29.0, 27.799999, 28.99, 1272600.0, 24.319622, 0.2799990000000001, 0.75, 0.9881070134355721, 0.0, 0.8, -0.3, 0.020365150983146053
'2005-05-16', 28.200001, 28.92, 28.110001, 28.780001, 1712000.0, 24.143454, 0.0, -0.44999899999999826, 0.9869359846180141, 1.0, 1.0, -0.3, 0.017021252351492225
'2005-05-13', 28.200001, 28.290001, 27.68, 28.110001, 1934800.0, 23.581393, -0.6899979999999992, -0.009997999999999507, 5.140089740085663, 0.0, 0.8, -0.8, 0.012765939263619169
'2005-05-12', 28.889999, 29.01, 27.76, 27.83, 1971300.0, 23.346502, 1.1599989999999991, 0.31999899999999926, 7.287599104085462, -1.0, 0.8, -1.0, 0.005192108175566223
'2005-05-11', 27.73, 28.75, 27.73, 28.68, 2748000.0, 24.059564, -0.9199999999999982, -0.4700009999999999, 8.796576340865078, 1.0, 1.0, -0.8, 0.0114797391513403
'2005-05-10', 28.65, 28.74, 27.200001, 27.530001, 3694900.0, 23.094833, 0.44000099999999875, 1.25, 9.91072472581992, -1.0, 0.8, -1.0, 0.0
'2005-05-09', 28.209999, 28.73, 28.200001, 28.709999, 1994600.0, 24.08473, -0.36000100000000046, 0.9100000000000001, 10.886219935729171, 0.0, 0.5, -0.8, 0.015597341921210234
'2005-05-06', 28.57, 28.700001, 28.209999, 28.35, 1718100.0, 23.782728, 0.36999899999999997, 1.2700010000000006, 11.67883286776744, 0.0, 0.1, -0.5, 0.001400070003500145
'2005-05-05', 28.200001, 28.879999, 28.15, 28.32, 2255100.0, 23.757561, 0.8000010000000017, 0.75, 12.311152466161213, 0.0, 0.5, -0.1, 0.005319136927217346
'2005-05-04', 27.4, 27.98, 27.309999, 27.950001, 2326100.0, 23.44717, 0.1000009999999989, -0.3500000000000014, 12.873842123953024, 0.0, 0.8, 0.0, 0.011405109489051095
'2005-05-03', 27.299999, 27.790001, 27.08, 27.469999, 3232300.0, 23.044498, 0.0, -0.36000100000000046, 13.318936994244973, 1.0, 1.0, 0.0, 0.009890117578392576
'2005-05-02', 27.299999, 27.74, 27.15, 27.35, 2413100.0, 22.943831, -0.15000200000000063, -0.6500020000000006, 13.709903567737715, 0.0, 0.8, 0.0, 0.008241764648660482
'2005-04-29', 27.450001, 27.49, 26.25, 26.799999, 3283200.0, 22.482437, -0.2999989999999997, 1.2000010000000003, 14.056129883553796, 0.0, 0.5, -0.1, 0.006245115567443087
'2005-04-28', 27.75, 27.809999, 27.120001, 27.190001, 2507900.0, 22.809608, 0.08999999999999986, 1.5499989999999997, 14.32844299465618, 0.0, 0.1, -0.5, 0.004054054054054047
'2005-04-27', 27.66, 28.25, 27.360001, 27.889999, 2451900.0, 23.396835, -0.2900010000000002, 1.6600000000000001, 14.55024143155939, 0.0, 0.0, -0.8, 0.0039768618944323875
'2005-04-26', 27.950001, 28.1, 26.77, 27.76, 6429700.0, 23.287779, 1.7000010000000003, 1.7000010000000003, 14.743429067551894, -1.0, 0.0, -1.0, 0.0
'2005-04-25', 26.25, 26.52, 26.049999, 26.32, 2600900.0, 22.079767, 0.04999899999999968, 0.04999899999999968, 14.8881663536933, 0.0, 0.0, -0.8, 0.06476194285714287
'2005-04-22', 26.200001, 26.290001, 25.25, 25.76, 2404300.0, 21.609985, 0.20000100000000032, 1.1500020000000006, 14.878561024001419, 0.0, 0.0, -0.5, 0.03339694529019293
'2005-04-21', 26.0, 26.26, 25.809999, 26.129999, 2215400.0, 21.920376, -0.25, -0.4500010000000003, 14.750408190122917, 0.0, 0.1, -0.1, 0.025000012820512823
'2005-04-20', 26.25, 26.549999, 25.299999, 25.48, 2926200.0, 21.375093, 0.04999899999999968, -1.3700009999999985, 14.537717910842996, 0.0, 0.5, 0.0, 0.01619048571428572
'2005-04-19', 26.200001, 26.74, 25.9, 26.059999, 3321100.0, 21.861654, 1.1500020000000006, -1.609998000000001, 14.305743916876366, 0.0, 0.8, 0.0, 0.013358778116077172
'2005-04-18', 25.049999, 25.25, 24.51, 25.25, 4868500.0, 21.182147, -1.4000020000000006, -2.5, 13.98115351117356, 1.0, 1.0, 0.0, 0.019294757922611764
'2005-04-15', 26.450001, 26.469999, 25.15, 25.219999, 3532400.0, 21.15698, -1.1699999999999982, -1.5999979999999994, 13.497807658887941, 0.0, 0.8, 0.0, 0.008101538986169199
'2005-04-14', 27.620001, 27.639999, 25.780001, 26.43, 4139800.0, 22.172046, -0.18999800000000278, -0.7999990000000032, 12.972781062907597, 0.0, 0.5, 0.0, 0.001493482929272893
'2005-04-13', 27.809999, 28.09, 27.35, 27.57, 1918400.0, 23.128388, 0.26000000000000156, -0.9400009999999988, 12.345104224225926, 0.0, 0.1, 0.0, 0.0005593591635072577
'2005-04-12', 27.549999, 27.84, 27.190001, 27.809999, 2072100.0, 23.329723, -0.5, -1.7100010000000019, 11.620390560002742, 0.0, 0.0, 0.0, 0.0014519129383634482
'2005-04-11', 28.049999, 28.15, 27.360001, 27.58, 2073500.0, 23.136777, -0.370001000000002, -0.39000199999999907, 10.754316391607645, 0.0, 0.0, 0.0, -0.00032409011040346975
'2005-04-08', 28.42, 28.549999, 27.780001, 27.85, 1930700.0, 23.36328, -0.3299999999999983, -27.259999999999998, 9.758510110933988, 0.0, 0.0, 0.0, -0.0013781345296739426
'2005-04-07', 28.75, 28.75, 28.33, 28.35, 2356300.0, 23.782728, -0.5100000000000016, -28.549999, 8.586275684155037, 0.0, 0.0, 0.0, -0.002140465551839464
'2005-04-06', 29.26, 29.450001, 28.629999, 28.700001, 2398800.0, 24.076343, 0.8199990000000028, -27.690001, 7.161099532939588, 0.0, 0.0, -0.1, -0.003197927448491361
'2005-04-05', 28.440001, 29.33, 28.219999, 28.77, 2084200.0, 24.135065, -27.239999, -27.649999000000005, 5.312419470009349, 0.0, 0.0, -0.5, -0.0011486169310144035
'2005-04-04', 55.68, 56.43, 55.360001, 56.290001, 2433400.0, 23.610754, -1.619999, -1.0200010000000006, 1.4689001205441157, 0.0, 0.0, -0.8, -0.031126525457974136
'2005-04-01', 57.299999, 57.299999, 54.5, 55.580002, 3343800.0, 23.312946, 0.34999799999999937, 0.9299999999999997, 1.5161580157318688, -1.0, 0.0, -1.0, 0.0
'2005-03-31', 56.950001, 57.119999, 56.360001, 56.630001, 1807800.0, 23.753367, 0.8600009999999969, 1.3300020000000004, 1.6234482663629568, 0.0, 0.0, -0.8, 0.006145706652401979
'2005-03-30', 56.09, 56.869999, 56.09, 56.84, 1556400.0, 23.841451, -0.6100009999999969, -0.09999899999999684, 1.7076851862881424, 0.0, 0.1, -0.5, 0.010786227491531433
'2005-03-29', 56.700001, 57.27, 55.799999, 56.060001, 2224600.0, 23.514282, 0.33000200000000035, 0.7600020000000001, 1.7484646272281295, 0.0, 0.5, -0.1, 0.003527325040670336
'2005-03-28', 56.369999, 57.349998, 56.369999, 57.049999, 1918800.0, 23.929535, 0.75, -0.17999999999999972, 1.8024315804555682, 0.0, 0.8, 0.0, 0.004124534399938519
'2005-03-24', 55.619999, 56.709999, 55.560001, 56.369999, 1444000.0, 23.64431, -0.5700000000000003, -1.6799999999999997, 1.8524893883220341, 1.0, 1.0, 0.0, 0.006040992557371315
'2005-03-23', 56.189999, 56.200001, 55.16, 55.68, 2545000.0, 23.354891, 0.25, -1.1099999999999994, 1.864447370134449, 0.0, 0.8, 0.0, 0.0032924008416515527
'2005-03-22', 55.939999, 56.970001, 55.75, 56.279999, 1973600.0, 23.606559, -0.6099999999999994, -1.7100030000000004, 1.8657384483008106, 0.0, 0.5, 0.0, 0.0034731090053418522
'2005-03-21', 56.549999, 56.549999, 55.549999, 55.799999, 2283000.0, 23.405224, -0.75, -2.25, 1.8680652793022412, 0.0, 0.1, 0.0, 0.001657824963003094
'2005-03-18', 57.299999, 57.490002, 56.259998, 56.630001, 3058800.0, 23.753367, 0.0, -1.9500010000000003, 1.8683685650562007, 0.0, 0.0, 0.0, 0.0
'2005-03-17', 57.299999, 57.509998, 56.639999, 57.259998, 2229800.0, 24.017618, -0.35000300000000095, -1.4000020000000006, 1.8599038095142657, 0.0, 0.0, 0.0, 0.0
'2005-03-16', 57.650002, 58.459999, 55.75, 57.259998, 4370400.0, 24.017618, -1.149996999999999, 0.15000200000000063, 1.852364873146715, 0.0, 0.0, 0.0, -0.0005519246043643612
'2005-03-15', 58.799999, 58.950001, 58.459999, 58.459999, 1251600.0, 24.520957, -0.4500010000000003, 1.2999989999999997, 1.835233295469845, 0.0, 0.0, 0.0, -0.0021258503762899726
'2005-03-14', 59.25, 59.389999, 58.509998, 58.880001, 1992000.0, 24.697126, 0.5499989999999997, 0.0, 1.774473845385348, 0.0, 0.0, 0.0, -0.002531646867900033
'2005-03-11', 58.700001, 59.150002, 58.470001, 59.130001, 1983200.0, 24.801988, 1.2000010000000003, -0.5499989999999997, 1.7076565505461951, 0.0, 0.0, 0.0, -0.0017035799174371887
'2005-03-10', 57.5, 58.599998, 57.34, 58.450001, 2285000.0, 24.516763, 0.0, -1.869999, 1.6667880403008644, 0.0, 0.0, 0.0, -0.00023188521739130473
'2005-03-09', 57.5, 58.490002, 56.77, 57.52, 2623000.0, 24.126676, -1.75, -1.5, 1.6458865406356573, 0.0, 0.0, -0.1, -0.00021739239130434817
'2005-03-08', 59.25, 59.259998, 57.799999, 58.029999, 2771000.0, 24.340594, 0.0, 3.5999979999999994, 1.626906318125518, 0.0, 0.0, -0.5, -0.0019359652519235545
'2005-03-07', 59.25, 59.849998, 58.950001, 59.419998, 2415800.0, 24.923627, -0.11999899999999997, 3.7200010000000034, 1.515175193515794, 0.0, 0.0, -0.8, -0.0018284116268166904
'2005-03-04', 59.369999, 59.950001, 59.0, 59.5, 3008800.0, 24.957184, 0.36999899999999997, 3.2700010000000006, 1.3437286574640466, -1.0, 0.0, -1.0, 0.0
'2005-03-03', 59.0, 59.75, 58.27, 59.369999, 5776600.0, 24.902655, 3.3499979999999994, 3.4700010000000034, 1.1104853899189633, 0.0, 0.0, -0.8, 0.006271169491525423
'2005-03-02', 55.650002, 57.779999, 55.599998, 57.25, 3697800.0, 24.013425, 0.12000300000000408, 0.850003000000001, 0.8854780624807399, 0.0, 0.0, -0.5, 0.03342315243762255
'2005-03-01', 55.529999, 56.48, 55.490002, 56.09, 1798200.0, 23.526864, -0.5699990000000028, 1.2999989999999997, 0.8883749117856373, 0.0, 0.0, -0.1, 0.02305060369260949
'2005-02-28', 56.099998, 56.52, 55.0, 55.529999, 3064000.0, 23.291973, 0.5699990000000028, 0.6999959999999987, 0.8853564920421886, 0.0, 0.0, 0.0, 0.014572197489204904
'2005-02-25', 55.529999, 56.779999, 55.5, 56.650002, 3029000.0, 23.761756, 0.7299999999999969, 0.5399969999999996, 0.86440549732235, 0.0, 0.0, 0.0, 0.013830362215565693
'2005-02-24', 54.799999, 55.810001, 54.150002, 55.709999, 3000400.0, 23.367474, 0.5699990000000028, 0.30999700000000274, 0.9142187670361085, 0.0, 0.0, 0.0, 0.01389902701762215
'2005-02-23', 54.23, 55.200001, 54.23, 55.049999, 2511600.0, 23.090638, -1.1700020000000038, 0.6699989999999971, 0.9260848560117277, 0.0, 0.0, 0.0, 0.01354020968889124
'2005-02-22', 55.400002, 55.669998, 54.009998, 54.16, 2660200.0, 22.717329, 0.4100000000000037, 1.6500020000000006, 0.9138676591527755, 0.0, 0.1, 0.0, 0.008957574135105626
'2005-02-18', 54.990002, 55.900002, 54.77, 55.5, 3628600.0, 23.27939, 0.5, 0.5200009999999935, 0.9130341697761061, 0.0, 0.5, 0.0, 0.008850087572888863
'2005-02-17', 54.490002, 55.07, 54.48, 54.91, 2817400.0, 23.031915, 0.9300009999999972, 0.38000100000000003, 0.9233280030417046, 0.0, 0.8, 0.0, 0.00895576586691996
'2005-02-16', 53.560001, 54.540001, 53.27, 54.400002, 2698800.0, 22.817997, -0.18999900000000025, -0.5299990000000037, 0.939453938200759, 1.0, 1.0, 0.0, 0.009861494146791305
'2005-02-15', 53.75, 53.759998, 53.240002, 53.610001, 2019200.0, 22.486632, -0.7200010000000034, -1.25, 0.8942789037362169, 0.0, 0.8, 0.0, 0.008713176744186046
'2005-02-14', 54.470001, 54.75, 53.32, 53.5, 2392000.0, 22.440493, 0.36000000000000654, -1.4799999999999969, 0.871352281572181, 0.0, 0.5, 0.0, 0.006919825888692801
'2005-02-11', 54.110001, 55.0, 53.810001, 54.299999, 2050400.0, 22.776051, 0.020000999999993496, -1.5900000000000034, 0.92667031757131, 0.0, 0.1, 0.0, 0.0069435249660620615
'2005-02-10', 54.09, 54.389999, 53.75, 54.0, 2221000.0, 22.650217, -0.9099999999999966, -1.990001999999997, 0.9561563505694971, 0.0, 0.0, 0.0, 0.00650767116534171
'2005-02-09', 55.0, 55.259998, 53.27, 53.639999, 3541200.0, 22.499215, -0.9500010000000003, -1.3100009999999997, 0.9621735065990155, 0.0, 0.0, 0.0, 0.004965907954545454
'2005-02-08', 55.950001, 56.150002, 55.0, 55.240002, 2314200.0, 23.170334, 0.25, -0.75, 0.9664126008428193, 0.0, 0.0, 0.0, 0.003595645207248101
'2005-02-07', 55.700001, 56.200001, 55.41, 56.200001, 1848600.0, 23.573004, -0.38000100000000003, -0.4099999999999966, 0.9758073280912951, 0.0, 0.0, -0.1, 0.003660480684332084
'2005-02-04', 56.080002, 56.220001, 55.32, 55.599998, 2529000.0, 23.321334, -0.2299989999999994, 0.3900030000000001, 0.9789268402360374, 0.0, 0.0, -0.5, 0.00308769134569762
'2005-02-03', 56.310001, 56.700001, 55.650002, 56.330002, 1851000.0, 23.627533, -0.39000000000000057, 2.0600009999999997, 0.9759594938207613, 0.0, 0.0, -0.8, 0.0027170999339886357
'2005-02-02', 56.700001, 56.849998, 56.049999, 56.310001, 2129000.0, 23.619144, 0.5900000000000034, 2.75, 0.9673089234463191, -1.0, 0.0, -1.0, 0.0
'2005-02-01', 56.110001, 56.369999, 55.610001, 56.200001, 2193400.0, 23.573004, 0.42000199999999666, 1.3100019999999972, 0.9421294704733697, 0.0, 0.0, -0.8, 0.010515059516751808
'2005-01-31', 55.689999, 56.540001, 55.259998, 56.099998, 2809000.0, 23.531058, 1.4399990000000003, 1.239998, 0.9451550395341121, 0.0, 0.0, -0.5, 0.009068073425535526
'2005-01-28', 54.25, 55.009998, 53.73, 54.919998, 3387400.0, 23.036109, 0.2999989999999997, 0.5499989999999997, 0.9439928578831777, 0.0, 0.0, -0.1, 0.015053769585253458
'2005-01-27', 53.950001, 54.200001, 53.369999, 54.049999, 2372800.0, 22.671189, -0.8499979999999994, -0.7399979999999999, 0.9206554057970544, 0.0, 0.1, 0.0, 0.012743280579364587
'2005-01-26', 54.799999, 54.889999, 53.5, 53.82, 3714000.0, 22.574716, 0.34999799999999937, -0.6900029999999973, 0.8775912620608889, 0.0, 0.5, 0.0, 0.006934313995151717
'2005-01-25', 54.450001, 55.560001, 53.450001, 54.639999, 5647600.0, 22.918664, 0.75, -1.9500010000000003, 0.9258408002825231, 0.0, 0.8, 0.0, 0.006887052215113825
'2005-01-24', 53.700001, 54.119999, 51.459999, 52.82, 4088000.0, 22.155268, -0.9899979999999999, -2.069999000000003, 0.9553451069994441, 1.0, 1.0, 0.0, 0.007980845821053682
'2005-01-21', 54.689999, 55.049999, 53.560001, 53.740002, 2573400.0, 22.541161, -0.8000029999999967, -0.6099999999999994, 1.0482196439047373, 0.0, 0.8, 0.0, 0.004594080354618401
'2005-01-20', 55.490002, 55.599998, 54.560001, 54.799999, 2018800.0, 22.985776, -0.9100000000000037, 0.3399999999999963, 1.2020865215860397, 0.0, 0.5, 0.0, 0.002422856883900161
'2005-01-19', 56.400002, 56.48, 55.419998, 55.5, 1858400.0, 23.27939, 0.6300019999999975, -0.34999799999999937, 1.2847961752749046, 0.0, 0.1, 0.0, 0.0005319131017052087
'2005-01-18', 55.77, 56.990002, 55.630001, 56.619999, 2837200.0, 23.749172, 0.47000100000000344, -0.1800009999999972, 1.3576260209403443, 0.0, 0.0, -0.1, 0.0015159681810031414
'2005-01-14', 55.299999, 56.099998, 55.07, 55.77, 1454400.0, 23.392641, 0.14999699999999905, -0.20000100000000032, 1.419601945382688, 0.0, 0.0, -0.5, 0.002109707693364215
'2005-01-13', 55.150002, 55.799999, 54.740002, 55.02, 2190800.0, 23.078055, -1.5999979999999994, -0.12999699999999592, 1.6040814135686814, 0.0, 0.0, -0.8, 0.0021619345055996966
'2005-01-12', 56.75, 56.75, 53.900002, 54.900002, 5058600.0, 23.027721, 0.7999989999999997, 2.380001, 1.8227771847012768, -1.0, 0.0, -1.0, 0.0
'2005-01-11', 55.950001, 56.099998, 55.25, 55.689999, 1677400.0, 23.359084, 0.4500010000000003, 1.9700010000000034, 1.982844504622578, 0.0, 0.0, -0.8, 0.014298462657757588
'2005-01-10', 55.5, 56.779999, 55.5, 56.099998, 2587600.0, 23.531058, 0.22000100000000344, 0.34999799999999937, 2.118286734488973, 0.0, 0.1, -0.5, 0.01126126126126126
'2005-01-07', 55.279999, 55.73, 54.720001, 55.349998, 1934600.0, 23.216472, 0.9099999999999966, -0.8700030000000041, 2.2365326611373857, 0.0, 0.5, -0.1, 0.008863971457983105
'2005-01-06', 54.369999, 55.360001, 54.18, 55.009998, 2052600.0, 23.073859, 0.3899990000000031, -2.8300020000000004, 2.380334378084271, 0.0, 0.8, 0.0, 0.010943539837107594
'2005-01-05', 53.98, 54.900002, 53.5, 53.900002, 2427000.0, 22.608273, -1.1700020000000038, -3.2200010000000034, 2.541366145337529, 1.0, 1.0, 0.0, 0.010263060392738063
'2005-01-04', 55.150002, 55.380001, 53.849998, 53.849998, 3408200.0, 22.587299, -1.0, -1.8499979999999994, 2.669379017125124, 0.0, 0.8, 0.0, 0.0048352914535403505
'2005-01-03', 56.150002, 56.799999, 55.02, 55.099998, 2885800.0, 23.11161, -1.0499989999999997, -0.14999699999999905, 2.7571325188078615, 0.0, 0.5, 0.0, 0.0015265182003021105
'2004-12-31', 57.200001, 57.52, 56.380001, 56.400002, 1542600.0, 23.656894, 0.0, 0.7900010000000037, 2.8149459125731395, 0.0, 0.1, 0.0, -0.0009833937765140956
'2004-12-30', 57.200001, 57.400002, 56.580002, 56.799999, 1227800.0, 23.824672, 0.20000100000000032, 2.0600019999999972, 2.789951816716754, 0.0, 0.0, 0.0, -0.0008741278013458626
'2004-12-29', 57.0, 57.700001, 56.779999, 57.060001, 1586400.0, 23.93373, 0.7000010000000003, 1.75, 2.7515751804700854, 0.0, 0.0, 0.0, -0.0004385964912280702
'2004-12-28', 56.299999, 56.939999, 56.110001, 56.939999, 1883000.0, 23.883395, -0.1100009999999969, 1.0999979999999994, 2.7232186225618973, 0.0, 0.0, 0.0, 0.0007266284643838421
'2004-12-27', 56.41, 56.75, 55.700001, 55.720001, 2333000.0, 23.371669, 1.2700009999999935, 1.0999989999999968, 2.743679611883988, 0.0, 0.0, 0.0, 0.0005022750103409612
'2004-12-23', 55.139999, 55.900002, 55.139999, 55.310001, 1106400.0, 23.199695, -0.1100009999999969, 0.48999700000000246, 2.7425966589673783, 0.0, 0.0, 0.0, 0.002246032517505677
'2004-12-22', 55.25, 55.259998, 54.66, 55.139999, 2511600.0, 23.128388, 0.04999899999999968, -0.04000099999999662, 2.761061284925113, 0.0, 0.0, 0.0, 0.0019392372333548805
'2004-12-21', 55.200001, 55.27, 54.330002, 54.549999, 3068000.0, 22.880913, -0.10999999999999943, -0.5, 2.7608681318263892, 0.0, 0.0, 0.0, 0.0018719794346863626
'2004-12-20', 55.310001, 55.700001, 54.869999, 55.0, 3310800.0, 23.069666, 0.6599989999999991, -0.23999799999999993, 2.715041549786649, 0.0, 0.0, -0.1, 0.0016271910300634422
'2004-12-17', 54.650002, 54.990002, 54.07, 54.889999, 3617400.0, 23.023526, -0.639998999999996, 0.9200020000000038, 2.6495184929427538, 0.0, 0.0, -0.5, 0.0022603712643532387
'2004-12-16', 55.290001, 56.0, 54.849998, 55.240002, 3725400.0, 23.170334, -0.4100000000000037, 1.4700009999999963, 2.617903113078817, 0.0, 0.0, -0.8, 0.001467011287548281
'2004-12-15', 55.700001, 55.77, 54.759998, 55.240002, 4188400.0, 23.170334, 0.15000200000000063, 3.2000010000000003, 2.5326870881867474, -1.0, 0.0, -1.0, 0.0
'2004-12-14', 55.549999, 56.259998, 55.400002, 55.959999, 2829600.0, 23.472336, 1.8199990000000028, 3.4799989999999994, 2.3843333895896928, 0.0, 0.1, -0.8, 0.002700306079213442
'2004-12-13', 53.73, 56.150002, 53.700001, 55.860001, 7311400.0, 23.430392, -0.09000000000000341, 0.9500010000000003, 2.1914066913542714, 0.0, 0.5, -0.5, 0.01833241206030154
'2004-12-10', 53.82, 53.82, 52.66, 53.619999, 2189000.0, 22.490826, 1.3200000000000003, 1.360000999999997, 2.1328398509033204, 0.0, 0.8, -0.1, 0.01164375696767001
'2004-12-09', 52.5, 53.02, 52.299999, 52.869999, 2451600.0, 22.17624, 0.4299999999999997, -0.1599999999999966, 2.086095855675859, 1.0, 1.0, -0.5, 0.015238100000000001
'2004-12-08', 52.07, 53.240002, 52.07, 52.830002, 1906400.0, 22.159463, -0.7099989999999963, 1.2599990000000005, 2.1336407642496966, 0.0, 0.8, -0.8, 0.013942773189936622
'2004-12-07', 52.779999, 53.009998, 52.330002, 52.419998, 2475600.0, 21.987488, 0.3199999999999932, 2.7799989999999966, 2.2480163674377596, -1.0, 0.5, -1.0, 0.0
'2004-12-06', 52.459999, 53.150002, 52.16, 52.720001, 1868000.0, 22.113324, -0.2000009999999932, 2.7099990000000034, 2.379881742202365, 0.0, 0.1, -0.8, 0.006099885743421253
'2004-12-03', 52.66, 52.849998, 52.16, 52.459999, 3053000.0, 22.004266, 1.8499989999999968, 2.7099989999999963, 2.5239766964898287, 0.0, 0.1, -0.5, 0.001139375237371819
'2004-12-02', 50.810001, 54.0, 50.419998, 52.650002, 5163800.0, 22.083962, 0.8100009999999997, 0.8199990000000028, 2.7079622890615385, 0.0, 0.5, -0.1, 0.012923951723598646
'2004-12-01', 50.0, 51.029999, 50.0, 51.029999, 3692200.0, 21.404455, 0.25, 0.7000010000000003, 2.9017637675006225, 0.0, 0.8, 0.0, 0.013899994999999983
'2004-11-30', 49.75, 49.84, 49.27, 49.84, 2057000.0, 20.905312, -0.20000100000000032, 0.9000020000000006, 3.031900392324826, 1.0, 1.0, 0.0, 0.012180900502512549
'2004-11-29', 49.950001, 49.98, 48.630001, 49.490002, 2687200.0, 20.758505, -0.04000099999999662, 0.850003000000001, 3.1751576429318167, 0.0, 0.8, 0.0, 0.009442769247058327
'2004-11-26', 49.990002, 50.919998, 49.540001, 49.740002, 1276200.0, 20.863367, 0.6900029999999973, 0.7400019999999969, 3.262248684266995, 0.0, 0.5, 0.0, 0.007973014283936215
'2004-11-24', 49.299999, 49.799999, 49.0, 49.799999, 2326800.0, 20.888533, 0.4500010000000003, 0.39999699999999905, 3.3333860821595382, 0.0, 0.1, -0.1, 0.008823529590740958
'2004-11-23', 48.849998, 49.740002, 48.830002, 49.740002, 2443200.0, 20.863367, -0.25, -0.35000300000000095, 3.3653838015631714, 0.0, 0.0, -0.5, 0.008938931333789972
'2004-11-22', 49.099998, 49.23, 48.75, 49.220001, 2639400.0, 20.645254, -0.15000200000000063, 0.19999599999999873, 3.3627756855248383, 0.0, 0.0, -0.8, 0.007494910692257049
'2004-11-19', 49.25, 49.700001, 48.419998, 48.650002, 5168000.0, 20.406168, 0.34999799999999937, 0.9500010000000003, 3.3203631170001326, -1.0, 0.0, -1.0, 0.0
'2004-11-18', 48.900002, 50.470001, 48.400002, 50.099998, 4267800.0, 21.014367, -0.2999989999999997, 1.4000020000000006, 3.243251115778965, 0.0, 0.0, -0.8, 0.007157423020146284
'2004-11-17', 49.200001, 50.029999, 48.75, 49.07, 3433200.0, 20.582336, 0.2999989999999997, 2.010002, 3.1474278460534424, 0.0, 0.0, -0.5, 0.0005081199083715434
'2004-11-16', 48.900002, 49.360001, 48.529999, 49.150002, 4314200.0, 20.615893, 0.600003000000001, 1.4200020000000038, 3.0333098272901227, 0.0, 0.1, -0.1, 0.002385807673382095
'2004-11-15', 48.299999, 49.439999, 48.0, 49.240002, 3694400.0, 20.653643, 0.7999989999999997, 1.0499989999999997, 2.9024991156666773, 0.0, 0.5, 0.0, 0.004917189542798957
'2004-11-12', 47.5, 48.5, 47.349998, 48.349998, 2617600.0, 20.280333, 0.31000099999999975, -0.2999989999999997, 2.7857791368028106, 0.0, 0.8, 0.0, 0.007368421052631579
'2004-11-11', 47.189999, 47.650002, 46.599998, 47.419998, 3388800.0, 19.890245, -0.2900009999999966, -0.3300010000000029, 2.704932616141863, 1.0, 1.0, -0.1, 0.007275556416095706
'2004-11-10', 47.48, 47.869999, 47.150002, 47.23, 1726200.0, 19.810551, 0.22999999999999687, 0.5200009999999935, 2.622227459152776, 0.0, 0.8, -0.5, 0.005325550607774713
'2004-11-09', 47.25, 47.299999, 46.189999, 47.080002, 2999400.0, 19.747635, -0.5499989999999997, 0.5999979999999994, 2.516764672114085, 0.0, 0.5, -0.8, 0.005291005291005291
'2004-11-08', 47.799999, 47.82, 47.110001, 47.200001, 1850600.0, 19.797968, 0.27999899999999656, 1.2999989999999997, 2.4104313664942416, -1.0, 0.1, -1.0, 0.0
'2004-11-05', 47.52, 48.799999, 47.450001, 48.049999, 4102000.0, 20.154498, 0.5600009999999997, 0.880001, 2.2508807480632127, 0.0, 0.0, -0.8, 0.005892234848484776
'2004-11-04', 46.959999, 47.400002, 46.400002, 47.389999, 3470200.0, 19.877663, 0.30999700000000274, 1.0599970000000027, 2.0879801130495754, 0.0, 0.0, -0.5, 0.008943782132533652
'2004-11-03', 46.650002, 46.950001, 46.25, 46.799999, 2156800.0, 19.630188, 0.15000200000000063, 1.7000010000000003, 1.9420909639359618, 0.0, 0.0, -0.1, 0.008217198647351247
'2004-11-02', 46.5, 46.700001, 46.02, 46.16, 2462000.0, 19.361741, -0.1399990000000031, 2.2000010000000003, 1.80114193507631, 0.0, 0.0, 0.0, 0.006989241935483869
'2004-11-01', 46.639999, 47.0, 45.610001, 46.099998, 4547400.0, 19.336574, 0.7399970000000025, 3.4399980000000028, 1.653370744200869, 0.0, 0.0, 0.0, 0.004974271118659315
'2004-10-29', 45.900002, 47.040001, 45.830002, 46.630001, 4144200.0, 19.558882, 0.9500010000000003, 4.050004000000001, 1.4751172949149163, 0.0, 0.0, 0.0, 0.0068990447248056
'2004-10-28', 44.950001, 46.200001, 44.950001, 45.98, 4937600.0, 19.28624, 0.6500020000000006, 3.729999999999997, 1.34396220738913, 0.0, 0.0, 0.0, 0.009057676582222353
'2004-10-27', 44.299999, 45.98, 44.200001, 45.799999, 4997800.0, 19.210739, 1.0999979999999994, 4.450001, 1.286368050236077, 0.0, 0.0, 0.0, 0.009875846724059745
'2004-10-26', 43.200001, 45.189999, 42.740002, 44.560001, 11118200.0, 18.690624, 1.350003000000001, 3.0800020000000004, 1.2869022375807857, 0.0, 0.1, 0.0, 0.011831270302259687
'2004-10-25', 41.849998, 42.110001, 41.57, 41.720001, 3477600.0, 17.49939, 0.6299969999999959, 1.0499989999999997, 1.3364726499597488, 0.0, 0.5, 0.0, 0.014217446318635429
'2004-10-22', 41.220001, 41.959999, 41.16, 41.75, 4222200.0, 17.511973, 1.370003000000004, 1.0600010000000069, 1.384310912428332, 0.0, 0.8, -0.1, 0.014511926779517447
'2004-10-21', 39.849998, 40.799999, 39.52, 40.68, 2705000.0, 17.063164, -0.2700010000000006, -0.5, 1.3858022862833907, 1.0, 1.0, -0.5, 0.016624846087403403
'2004-10-20', 40.119999, 40.509998, 39.619999, 39.669998, 2569400.0, 16.63952, -0.6799999999999997, 0.11999899999999997, 1.3381432831275621, 0.0, 0.8, -0.8, 0.014725055969448822
'2004-10-19', 40.799999, 41.130001, 40.189999, 40.200001, 3052400.0, 16.861829, 0.6399990000000031, 0.06999900000000281, 1.2683357270067455, -1.0, 0.5, -1.0, 0.0
'2004-10-18', 40.16, 40.41, 39.150002, 40.400002, 3092200.0, 16.945719, -0.18999800000000278, -1.3100010000000069, 1.2337548652168513, 0.0, 0.1, -0.8, 0.015936230079681354
'2004-10-15', 40.349998, 40.779999, 40.02, 40.150002, 3026600.0, 16.840857, 0.34999799999999937, -1.480004000000001, 1.1335169469113298, 0.0, 0.0, -0.5, 0.005576220846405002
'2004-10-14', 40.0, 40.57, 39.48, 40.099998, 3240600.0, 16.819883, -0.7299999999999969, -2.1799999999999997, 1.0397641933532284, 0.0, 0.0, -0.1, 0.00666665833333333
'2004-10-13', 40.73, 40.799999, 39.07, 39.900002, 5580800.0, 16.735994, -0.7400010000000066, -2.4200020000000038, 0.8951902279289525, 0.0, 0.0, 0.0, 0.0004296525902283502
'2004-10-12', 41.470001, 41.580002, 40.360001, 40.48, 3447400.0, 16.979274, -0.3600009999999969, -0.8299979999999962, 0.802888315189939, 0.0, 0.0, 0.0, -0.0032312610747224422
'2004-10-11', 41.830002, 42.07, 41.580002, 41.880001, 1027000.0, 17.566502, -0.34999799999999937, -1.369999, 0.7796284937796378, 0.0, 0.1, 0.0, -0.004103924419288022
'2004-10-08', 42.18, 42.630001, 41.450001, 41.720001, 1665000.0, 17.49939, -0.9700020000000009, -1.6400000000000006, 0.7708044745600967, 0.0, 0.5, 0.0, -0.004673850165955429
'2004-10-07', 43.150002, 44.0, 42.150002, 42.189999, 2116200.0, 17.69653, 0.850003000000001, 0.600003000000001, 0.8874182179544331, 0.0, 0.8, -0.1, -0.006807656115519998
'2004-10-06', 42.299999, 43.099998, 41.610001, 43.099998, 1799200.0, 18.078228, -0.9000020000000006, -0.7999989999999997, 1.0039675802543453, 1.0, 1.0, -0.5, -0.0039401104162358645
'2004-10-05', 43.200001, 43.200001, 42.299999, 42.349998, 2159800.0, 17.763642, -0.619999, 0.5600019999999972, 1.1001653760744212, 0.0, 0.8, -0.8, -0.00555556005658426
'2004-10-04', 43.82, 44.349998, 42.939999, 43.040001, 3176400.0, 18.053062, 1.2700010000000006, 1.3200000000000003, 1.1457533504117468, -1.0, 0.5, -1.0, 0.0
'2004-10-01', 42.549999, 43.48, 42.419998, 43.099998, 2504200.0, 18.078228, -0.5499989999999997, -0.04999899999999968, 1.233164376491043, 0.0, 0.1, -0.8, 0.029847262746116647
'2004-09-30', 43.099998, 43.200001, 42.349998, 42.419998, 3461000.0, 17.793003, 0.45999899999999627, -0.20000100000000032, 1.3621112874267634, 0.0, 0.5, -0.5, 0.008352691802909143
'2004-09-29', 42.639999, 43.639999, 42.639999, 43.470001, 2141000.0, 18.233425, 0.1399990000000031, 0.13000100000000003, 1.488715305893621, 0.0, 0.8, -0.1, 0.009224523355797118
'2004-09-28', 42.5, 42.849998, 42.099998, 42.630001, 1986800.0, 17.881089, -0.09999799999999937, -0.75, 1.6399790133216117, 1.0, 1.0, 0.0, 0.007764705882352943
'2004-09-27', 42.599998, 42.799999, 42.259998, 42.34, 2274400.0, 17.759448, -0.7000010000000003, -0.6800009999999972, 1.8610102824248171, 0.0, 0.8, 0.0, 0.005727709189094332
'2004-09-24', 43.299999, 43.299999, 42.700001, 43.09, 1904000.0, 18.074034, 0.7900009999999966, -0.20000100000000032, 2.0400570541154663, 0.0, 0.5, 0.0, 0.0020015435412211774
'2004-09-23', 42.509998, 42.91, 41.950001, 42.669998, 2029600.0, 17.897865, -0.7400019999999969, -1.130001, 2.1603188953489787, 0.0, 0.1, 0.0, 0.004402332431470414
'2004-09-22', 43.25, 43.25, 42.200001, 42.439999, 2964800.0, 17.801392, -0.029998999999996556, -0.6500020000000006, 2.2963197559529047, 0.0, 0.0, 0.0, 0.0016473988439306367
'2004-09-21', 43.279999, 43.599998, 43.099998, 43.459999, 3351400.0, 18.22923, -0.22000100000000344, -1.0300020000000032, 2.4689538811231366, 0.0, 0.0, 0.0, 0.0013863242259111773
'2004-09-20', 43.5, 43.779999, 43.150002, 43.279999, 1418200.0, 18.153729, -0.1399990000000031, -0.9500010000000003, 2.554513366090529, 0.0, 0.0, 0.0, 0.0007356321839080466
'2004-09-17', 43.639999, 44.150002, 43.369999, 43.5, 2595800.0, 18.246008, -0.26000299999999754, -0.7200019999999938, 2.590604606350867, 0.0, 0.0, 0.0, 0.0003749708443560463
'2004-09-16', 43.900002, 44.549999, 43.0, 43.630001, 3371800.0, 18.300537, -0.4099989999999991, 0.25, 2.59291348776315, 0.0, 0.0, 0.0, -0.00015186407812312544
'2004-09-15', 44.310001, 44.459999, 43.75, 43.93, 2877800.0, 18.426371, -0.14000000000000057, -0.0200010000000006, 2.532204200139034, 0.0, 0.0, 0.0, -0.0008506518565726182
'2004-09-14', 44.450001, 44.610001, 44.110001, 44.310001, 2834200.0, 18.585762, 0.09000000000000341, 0.7999989999999997, 2.502267032886065, 0.0, 0.0, 0.0, -0.0010123750374847332
'2004-09-13', 44.360001, 44.990002, 44.34, 44.59, 2254000.0, 18.703207, 0.7099989999999963, 0.45999899999999627, 2.4369280421651145, 0.0, 0.0, 0.0, -0.0008115434142273001
'2004-09-10', 43.650002, 44.889999, 43.610001, 44.860001, 2388400.0, 18.816458, -0.6799999999999997, 0.28000300000000067, 2.392195881612114, 0.0, 0.0, 0.0, 0.00024341064176812587
'2004-09-09', 44.330002, 44.369999, 43.490002, 43.610001, 3266200.0, 18.292148, 0.6799999999999997, 2.2000010000000003, 2.3537465528154846, 0.0, 0.0, 0.0, -0.0006767452355869243
'2004-09-08', 43.650002, 44.700001, 43.650002, 44.09, 5847000.0, 18.493483, -0.25, 1.490002000000004, 2.2694037158302427, 0.0, 0.0, 0.0, 0.00021636501490500078
'2004-09-07', 43.900002, 43.950001, 43.389999, 43.509998, 2504000.0, 18.250202, 0.5300030000000007, 1.730004000000001, 2.1937451569764077, 0.0, 0.0, 0.0, -9.591415460407922e-05
'2004-09-03', 43.369999, 44.009998, 43.25, 43.529999, 2881200.0, 18.258591, 1.239998, 1.5200010000000006, 2.098805398416945, 0.0, 0.0, 0.0, 0.0005187929563936585
'2004-09-02', 42.130001, 43.599998, 42.130001, 43.360001, 3369600.0, 18.187286, -0.029998999999996556, 0.13000100000000003, 2.040679542048487, 0.0, 0.0, 0.0, 0.001910186113148748
'2004-09-01', 42.16, 42.41, 41.84, 42.169998, 5110400.0, 17.688141, -0.00999800000000306, 1.6399999999999935, 2.0530247820990795, 0.0, 0.0, 0.0, 0.0017897188200793554
'2004-08-31', 42.169998, 42.540001, 41.75, 42.150002, 43356800.0, 17.679753, 0.3200000000000003, 1.7199969999999993, 2.1460963796680037, 0.0, 0.0, 0.0, 0.0017011909128215842
'2004-08-30', 41.849998, 42.32, 41.790001, 41.790001, 3685400.0, 17.528752, -0.15000200000000063, 1.4499959999999987, 2.149914288906938, 0.0, 0.0, 0.0, 0.001961372057094643
'2004-08-27', 42.0, 42.439999, 41.509998, 42.07, 6644800.0, 17.646197, 1.4799999999999969, 0.9000020000000006, 2.1732553025771053, 0.0, 0.0, 0.0, 0.0017333333333333337
'2004-08-26', 40.52, 41.130001, 40.380001, 40.98, 1616000.0, 17.188998, 0.06999900000000281, 0.4399980000000028, 2.271861932439655, 0.0, 0.0, -0.1, 0.0031323562912901485
'2004-08-25', 40.450001, 40.740002, 39.900002, 40.369999, 2164200.0, 16.933134, 0.04999899999999968, 0.9500010000000003, 2.433060401981569, 0.0, 0.0, -0.5, 0.003085655740225514
'2004-08-24', 40.400002, 40.93, 39.919998, 40.400002, 1993400.0, 16.945719, -0.6999959999999987, 1.1800009999999972, 2.5872928981212144, 0.0, 0.0, -0.8, 0.003023336130386471
'2004-08-23', 41.099998, 41.23, 40.32, 40.32, 2421000.0, 16.912162, 1.019995999999999, 2.4499959999999987, 2.7369548793507223, -1.0, 0.0, -1.0, 0.0
'2004-08-20', 40.080002, 41.09, 39.709999, 41.049999, 3819200.0, 17.218359, 0.5800020000000004, 2.630001, 2.877838287673854, 0.0, 0.0, -0.8, 0.025449000726097744
'2004-08-19', 39.5, 40.220001, 39.220001, 40.080002, 3223000.0, 16.811495, 0.27999899999999656, 2.0, 2.966246290864628, 0.0, 0.0, -0.5, 0.02025313924050632
'2004-08-18', 39.220001, 39.919998, 38.799999, 39.59, 2801400.0, 16.605965, 0.5699990000000028, 1.4200020000000038, 3.060790585221293, 0.0, 0.0, -0.1, 0.015978216488741682
'2004-08-17', 38.650002, 39.639999, 38.650002, 39.34, 3164400.0, 16.501103, 1.2000010000000003, 1.230004000000001, 3.1095130656317975, 0.0, 0.0, 0.0, 0.01584732130156163
'2004-08-16', 37.450001, 38.529999, 37.389999, 38.509998, 3162400.0, 16.15296, -0.04999899999999968, 1.1500020000000006, 3.1294203414798876, 0.0, 0.0, 0.0, 0.019492640333974888
'2004-08-13', 37.5, 37.950001, 37.099998, 37.27, 5144600.0, 15.632844, -0.2999989999999997, 0.25, 3.165253215480958, 0.0, 0.0, 0.0, 0.015999991111111108
'2004-08-12', 37.799999, 38.389999, 36.73, 37.139999, 6620600.0, 15.578316, 0.38000100000000003, 0.0, 3.0954389251178736, 0.0, 0.0, 0.0, 0.012471651879446573
'2004-08-11', 37.419998, 38.68, 36.720001, 38.330002, 4318000.0, 16.07746, 1.119999, -0.7800030000000007, 2.998915988019946, 0.0, 0.0, 0.0, 0.01229289215889322
'2004-08-10', 36.299999, 37.5, 36.169998, 37.419998, 4703600.0, 15.695761, -0.9500010000000003, -3.990001999999997, 2.8608258582447124, 0.0, 0.0, 0.0, 0.014692375672578454
'2004-08-09', 37.25, 37.5, 35.98, 36.119999, 5199600.0, 15.150478, -0.5499989999999997, -6.360000999999997, 2.6093126830390148, 0.0, 0.0, 0.0, 0.01033556510067114
'2004-08-06', 37.799999, 38.07, 36.75, 37.5, 4120000.0, 15.729317, -0.40000200000000063, -5.0, 2.3714349586136536, 0.0, 0.0, 0.0, 0.007936505741466
'2004-08-05', 38.200001, 38.91, 38.16, 38.23, 6296600.0, 16.035515, -2.0899999999999963, -5.149996999999999, 2.117243829920137, 0.0, 0.0, 0.0, 0.006326345820427245
'2004-08-04', 40.290001, 40.400002, 37.5, 38.119999, 14113000.0, 15.989375, -3.3200000000000003, -2.259998000000003, 1.834778557332192, 0.0, 0.0, 0.0, 0.0015464745592451525
'2004-08-03', 43.610001, 43.610001, 40.040001, 40.110001, 11670200.0, 16.824078, 0.8100019999999972, 1.4599989999999963, 1.7158692372482494, 0.0, 0.0, 0.0, -0.0041111195702891274
'2004-08-02', 42.799999, 43.419998, 42.0, 43.040001, 3856000.0, 18.053062, -0.5499989999999997, 2.399996999999999, 1.7299037885197444, 0.0, 0.0, 0.0, -0.0026479766973826336
'2004-07-30', 43.349998, 43.689999, 42.310001, 42.790001, 2374000.0, 17.9482, 0.7999989999999997, 2.4499959999999987, 1.7354200625021852, 0.0, 0.1, 0.0, -0.0032439447863411666
'2004-07-29', 42.549999, 44.099998, 42.549999, 43.27, 2883600.0, 18.149535, 0.39999699999999905, 0.75, 1.7354200625021852, 0.0, 0.5, 0.0, -0.0020045635364312996
'2004-07-28', 42.150002, 42.5, 41.110001, 42.349998, 2240000.0, 17.763642, 1.75, -0.34999799999999937, 1.7186397734453733, 0.0, 0.8, 0.0, -0.0013839514303120466
'2004-07-27', 40.400002, 42.450001, 40.400002, 42.150002, 1990400.0, 17.679753, -0.5, -3.7999989999999997, 1.6778988539511246, 1.0, 1.0, 0.0, 0.0009119280424006424
'2004-07-26', 40.900002, 41.689999, 40.209999, 40.439999, 1782600.0, 16.962495, -0.899996999999999, -1.399996999999999, 1.5368489945344896, 0.0, 0.8, 0.0, 0.00024449387557487007
'2004-07-23', 41.799999, 41.799999, 40.639999, 40.790001, 2743200.0, 17.109303, -0.7000010000000003, -0.850003000000001, 1.3969341203830783, 0.0, 0.5, 0.0, -0.0007974493241586194
'2004-07-22', 42.5, 42.5, 40.0, 41.82, 4634000.0, 17.541335, -1.7000010000000003, -1.869999, 1.3029159832729744, 0.0, 0.1, 0.0, -0.00149732834224599
'2004-07-21', 44.200001, 44.200001, 42.849998, 42.849998, 1866000.0, 17.973366, 1.9000020000000006, -1.0999979999999994, 1.2430406550701034, 0.0, 0.0, 0.0, -0.0030493831692545623
'2004-07-20', 42.299999, 43.900002, 42.299999, 43.759998, 2064400.0, 18.355064, -0.35000300000000095, -3.2200010000000034, 1.263638817595835, 0.0, 0.0, 0.0, -0.0011820341098983638
'2004-07-19', 42.650002, 43.509998, 41.830002, 42.200001, 2493400.0, 17.700726, -1.7199969999999993, -3.129996999999996, 1.1901861129539497, 0.0, 0.0, 0.0, -0.0014536965320658143
'2004-07-16', 44.369999, 44.75, 42.150002, 42.549999, 3942400.0, 17.847532, -0.9299999999999997, -1.5400009999999966, 1.1482745350217602, 0.0, 0.0, 0.0, -0.002834556503613382
'2004-07-15', 45.299999, 45.369999, 44.139999, 44.369999, 2556400.0, 18.610928, -0.22000100000000344, 0.0, 1.1543858601782202, 0.0, 0.0, 0.0, -0.0034338983670307056
'2004-07-14', 45.52, 45.59, 45.009998, 45.220001, 2297800.0, 18.96746, -0.25999899999999343, -0.4300009999999972, 1.16792626089599, 0.0, 0.0, 0.0, -0.003467864988701986
'2004-07-13', 45.779999, 45.990002, 45.52, 45.919998, 1121200.0, 19.261073, -0.13000100000000003, 0.32999799999999624, 1.1917377022191116, 0.0, 0.0, 0.0, -0.0035251059054760164
'2004-07-12', 45.91, 46.130001, 45.5, 45.970001, 1733800.0, 19.282046, 0.6100009999999969, 0.3600009999999969, 1.2146416703435332, 0.0, 0.0, 0.0, -0.0034923415377913288
'2004-07-09', 45.299999, 46.0, 44.950001, 45.869999, 2015000.0, 19.240101, -0.6500020000000006, -2.1500020000000006, 1.23527481108972, 0.0, 0.0, 0.0, -0.0029908147067686792
'2004-07-08', 45.950001, 45.950001, 44.459999, 45.18, 2686400.0, 18.950682, 0.5, 0.20999900000000338, 1.3078794074639675, 0.0, 0.0, 0.0, -0.0032984241665196053
'2004-07-07', 45.450001, 46.169998, 45.43, 46.07, 2134800.0, 19.323991, -0.09999799999999937, 0.2999989999999997, 1.3964109113491392, 0.0, 0.0, 0.0, -0.0029002919653901165
'2004-07-06', 45.549999, 45.700001, 44.709999, 45.099998, 3299800.0, 18.917125, -1.9000020000000006, 0.14999699999999905, 1.5583148658946409, 0.0, 0.0, 0.0, -0.0028733783803802323
'2004-07-02', 47.450001, 47.450001, 45.950001, 46.09, 2533400.0, 19.33238, 1.7099990000000034, 1.6500020000000006, 1.6273095982843073, 0.0, 0.0, 0.0, -0.0038235754124190044
'2004-07-01', 45.740002, 46.43, 44.849998, 46.189999, 4495600.0, 19.374324, 0.5899999999999963, 0.2900009999999966, 1.5605992274342302, 0.0, 0.0, -0.1, -0.0028178617045097622
'2004-06-30', 45.150002, 45.25, 44.5, 45.189999, 2632600.0, 18.954876, -0.25, 0.17000200000000376, 1.6391140323362232, 0.0, 0.0, -0.5, -0.0024243535485904875
'2004-06-29', 45.400002, 45.5, 44.400002, 44.689999, 2641000.0, 18.745151, -0.39999699999999905, 1.5200010000000006, 1.6691132163521276, 0.0, 0.0, -0.8, -0.002492466850552122
'2004-06-28', 45.799999, 46.099998, 45.0, 45.259998, 2578400.0, 18.984237, 0.34999799999999937, 3.0999979999999994, 1.659139802856708, -1.0, 0.0, -1.0, 0.0
'2004-06-25', 45.450001, 46.009998, 45.18, 45.330002, 1299600.0, 19.0136, 0.47000100000000344, 2.619999, 1.5986353025005964, 0.0, 0.0, -0.8, 0.007700725903174333
'2004-06-24', 44.98, 45.669998, 44.700001, 45.400002, 2641400.0, 19.042961, 1.0999989999999968, 2.3800019999999975, 1.5372237071931754, 0.0, 0.0, -0.5, 0.009115151178301499
'2004-06-23', 43.880001, 44.970001, 43.810001, 44.860001, 2702600.0, 18.816458, 1.1799999999999997, 0.5300030000000007, 1.5061883638513407, 0.0, 0.1, -0.1, 0.014585216926803014
'2004-06-22', 42.700001, 43.950001, 42.540001, 43.900002, 2851400.0, 18.413788, -0.13000100000000003, -0.5499989999999997, 1.5192403426424097, 0.0, 0.5, 0.0, 0.018149870769323867
'2004-06-21', 42.830002, 43.099998, 42.369999, 42.849998, 1342400.0, 17.973366, 0.23000400000000099, -1.3499979999999994, 1.5251411828639727, 0.0, 0.8, 0.0, 0.01386876890643152
'2004-06-18', 42.599998, 43.0, 42.599998, 42.82, 1740800.0, 17.960783, -0.75, -3.0, 1.5269063904366882, 1.0, 1.0, 0.0, 0.012519566315472599
'2004-06-17', 43.349998, 43.389999, 42.869999, 43.0, 2070000.0, 18.036284, 0.09999799999999937, -1.740002000000004, 1.5358916499258317, 0.0, 0.8, 0.0, 0.008073821430329546
'2004-06-16', 43.25, 43.650002, 42.810001, 43.400002, 2336800.0, 18.204064, -0.9299999999999997, -1.7299999999999969, 1.5440045137817746, 0.0, 0.5, 0.0, 0.00736993930635838
'2004-06-15', 44.18, 44.200001, 42.889999, 43.099998, 3648400.0, 18.078228, -1.4199979999999996, -0.11999899999999997, 1.5417940726456383, 0.0, 0.1, 0.0, 0.0040742392233791055
'2004-06-14', 45.599998, 45.599998, 44.080002, 44.119999, 2274600.0, 18.506066, 0.509997999999996, 2.25, 1.5147143538417123, 0.0, 0.0, 0.0, 0.00043859870344731223
'2004-06-10', 45.09, 45.799999, 44.950001, 45.700001, 2277000.0, 19.168795, 0.11000000000000654, 0.990002000000004, 1.4261772189320532, 0.0, 0.0, 0.0, 0.0014314784572269526
'2004-06-09', 44.98, 45.169998, 44.73, 44.98, 2417000.0, 18.866792, 0.6800009999999972, 1.4399990000000003, 1.4237783692542632, 0.0, 0.0, -0.1, 0.0015191918630502498
'2004-06-08', 44.299999, 45.09, 44.139999, 44.98, 1849600.0, 18.866792, 0.9500010000000003, 0.2999989999999997, 1.3801394982637163, 0.0, 0.0, -0.5, 0.002604618916235537
'2004-06-07', 43.349998, 44.389999, 43.349998, 44.389999, 1065400.0, 18.619317, -0.75, -0.24000200000000405, 1.3775355012731174, 0.0, 0.0, -0.8, 0.004036910715164773
'2004-06-04', 44.099998, 44.150002, 43.18, 43.400002, 1009000.0, 18.204064, 0.5599970000000027, 1.009997999999996, 1.4399891658855337, -1.0, 0.0, -1.0, 0.0
'2004-06-03', 43.540001, 44.25, 43.049999, 43.610001, 1650600.0, 18.292148, -0.4599990000000034, 0.75, 1.4109020296017363, 0.0, 0.0, -0.8, 0.012861667136847397
'2004-06-02', 44.0, 44.080002, 43.5, 43.93, 2217600.0, 18.426371, 0.4099999999999966, 1.4500010000000003, 1.4045320719256345, 0.0, 0.0, -0.5, 0.001136340909090902
'2004-06-01', 43.59, 43.900002, 43.279999, 43.900002, 1666600.0, 18.413788, 0.5, 1.7900010000000037, 1.3922144065404762, 0.0, 0.0, -0.1, 0.0038999617649307632
'2004-05-28', 43.09, 43.650002, 42.939999, 43.610001, 1580200.0, 18.292148, 0.2999990000000068, 2.0900000000000034, 1.4202719634871983, 0.0, 0.0, 0.0, 0.005859816662798769
'2004-05-27', 42.790001, 43.27, 42.700001, 43.09, 1758400.0, 18.074034, 0.24000199999999694, 2.8100009999999997, 1.4388204988349944, 0.0, 0.0, 0.0, 0.006122911752210536
'2004-05-26', 42.549999, 42.639999, 42.119999, 42.540001, 1420800.0, 17.843338, 0.75, 1.7700000000000031, 1.4645493903591038, 0.0, 0.0, 0.0, 0.006071284905709789
'2004-05-25', 41.799999, 42.66, 41.220001, 42.549999, 2420800.0, 17.847532, 0.7999989999999997, 0.9500010000000003, 1.4860794611927628, 0.0, 0.0, 0.0, 0.007860557262556052
'2004-05-24', 41.0, 41.799999, 40.700001, 41.799999, 2341800.0, 17.532946, 1.0200000000000031, 1.110000999999997, 1.4860794611927628, 0.0, 0.0, 0.0, 0.009451213414634145
'2004-05-21', 39.98, 40.150002, 39.650002, 40.099998, 2646600.0, 16.819883, -0.7999989999999997, -0.7700000000000031, 1.481073653191823, 0.0, 0.1, 0.0, 0.011450163970874333
'2004-05-20', 40.779999, 40.82, 38.959999, 39.59, 3576600.0, 16.605965, -0.06999900000000281, -0.3400000000000034, 1.4410779978740837, 0.0, 0.5, 0.0, 0.008141243456136434
'2004-05-19', 40.849998, 41.98, 40.619999, 40.77, 2134200.0, 17.100914, 0.9599989999999963, -0.7700010000000006, 1.4239612987098889, 0.0, 0.8, 0.0, 0.007232669765480661
'2004-05-18', 39.889999, 40.759998, 39.889999, 40.610001, 2952800.0, 17.033802, -0.8600009999999969, -2.0600019999999972, 1.4045878211857898, 1.0, 1.0, 0.0, 0.00879501776873947
'2004-05-17', 40.75, 40.75, 39.330002, 39.619999, 2419000.0, 16.618548, -0.36999899999999997, -0.5499989999999997, 1.3464510567170702, 0.0, 0.8, 0.0, 0.00632373383671543
'2004-05-14', 41.119999, 41.66, 40.369999, 41.240002, 2321600.0, 17.298055, -0.5, 0.11999899999999997, 1.3294836502947982, 0.0, 0.5, 0.0, 0.005176485325998461
'2004-05-13', 41.619999, 41.619999, 40.599998, 41.119999, 3155200.0, 17.24772, -0.33000200000000035, -0.22000100000000344, 1.3626580806566686, 0.0, 0.1, 0.0, 0.003972447636691837
'2004-05-12', 41.950001, 41.950001, 40.099998, 41.639999, 3046600.0, 17.465834, 0.6500020000000006, -1.0999979999999994, 1.3584103382185464, 0.0, 0.0, 0.0, 0.003203213570841153
'2004-05-11', 41.299999, 42.25, 41.150002, 42.07, 2147600.0, 17.646197, 0.2999989999999997, -2.2000010000000003, 1.3612930404097536, 0.0, 0.0, 0.0, 0.003988034564587078
'2004-05-10', 41.0, 41.259998, 40.369999, 40.98, 2533600.0, 17.188998, -0.8400000000000034, -2.75, 1.3504438798003584, 0.0, 0.0, 0.0, 0.004200539295392953
'2004-05-07', 41.84, 42.849998, 41.299999, 41.299999, 3472600.0, 17.323221, -1.2099989999999963, -1.2200009999999963, 1.3364125770141013, 0.0, 0.0, 0.0, 0.0028429078192613415
'2004-05-06', 43.049999, 43.200001, 41.330002, 41.830002, 3833400.0, 17.54553, -0.4500010000000003, 0.25, 1.3554748038976943, 0.0, 0.0, 0.0, 0.001219511062009548
'2004-05-05', 43.5, 44.060001, 43.240002, 43.860001, 1515200.0, 18.39701, -0.25, -0.2900009999999966, 1.398336439297828, 0.0, 0.0, 0.0, 0.0006568122605363978
'2004-05-04', 43.75, 44.299999, 43.0, 43.490002, 2836400.0, 18.241814, 0.6899990000000003, -1.2999989999999997, 1.4362770200074604, 0.0, 0.0, 0.0, 0.00036363428571428507
'2004-05-03', 43.060001, 44.16, 42.889999, 43.75, 2874600.0, 18.35087, 0.26000200000000007, -1.0200010000000006, 1.435466613149952, 0.0, 0.0, -0.1, 0.0010500989275305684
'2004-04-30', 42.799999, 43.389999, 42.380001, 42.599998, 3102800.0, 17.868504, -0.9900019999999969, -1.4400029999999973, 1.4404119489157567, 0.0, 0.0, -0.5, 0.0012655753800368077
'2004-04-29', 43.790001, 44.259998, 42.75, 43.07, 3527200.0, 18.065645, -1.259998000000003, -1.1600000000000037, 1.4338916930435468, 0.0, 0.0, -0.8, 0.0002831669266232744
'2004-04-28', 45.049999, 45.060001, 43.439999, 43.880001, 3256000.0, 18.405399, 0.9699969999999993, 2.8499979999999994, 1.4007682284459892, -1.0, 0.0, -1.0, 0.0
'2004-04-27', 44.080002, 45.450001, 44.07, 45.0, 4420000.0, 18.875181, -0.1599999999999966, 2.480004000000001, 1.2713348791728498, 0.0, 0.0, -0.8, 0.022005375589592743
'2004-04-26', 44.240002, 44.400002, 43.740002, 44.080002, 1584800.0, 18.489289, -0.7099990000000034, 3.1900029999999973, 1.1854395887889124, 0.0, 0.0, -0.5, 0.009154576891746103
'2004-04-23', 44.950001, 45.02, 44.0, 44.0, 3127200.0, 18.455732, 2.75, 4.75, 1.0641005077430545, 0.0, 0.0, -0.1, 0.0007415498537289565
'2004-04-22', 42.200001, 45.330002, 42.200001, 44.48, 5343000.0, 18.657068, 0.600003000000001, 1.630001, 0.8239597263088934, 0.0, 0.1, 0.0, 0.016883874007491133
'2004-04-21', 41.599998, 42.43, 41.060001, 42.32, 3211600.0, 17.751059, 0.5499989999999997, 1.1999959999999987, 0.8185592377403801, 0.0, 0.5, 0.0, 0.016586544066660776
'2004-04-20', 41.049999, 42.459999, 40.580002, 41.380001, 9318800.0, 17.356778, 0.8499979999999994, 0.5499989999999997, 0.9048592382618315, 0.0, 0.8, 0.0, 0.01624035768348415
'2004-04-19', 40.200001, 40.32, 39.200001, 39.5, 3532800.0, 16.568214, -0.36999899999999997, -1.5999979999999994, 1.0331179034795506, 1.0, 1.0, 0.0, 0.0172352447738212
'2004-04-16', 40.57, 40.59, 39.73, 39.849998, 2776200.0, 16.715021, 0.16999799999999965, -0.7000000000000028, 1.0469977610614736, 0.0, 0.8, 0.0, 0.013803299852107466
'2004-04-15', 40.400002, 40.740002, 40.169998, 40.400002, 2160400.0, 16.945719, -0.09999799999999937, -2.399996999999999, 1.066398506855409, 0.0, 0.5, 0.0, 0.01278876999395528
'2004-04-14', 40.5, 40.98, 39.880001, 40.130001, 1830200.0, 16.832467, -1.2999989999999997, -2.0800020000000004, 1.056170271626597, 0.0, 0.1, 0.0, 0.011234565432098765
'2004-04-13', 41.799999, 42.07, 40.650002, 40.75, 1280600.0, 17.092525, 0.5299989999999966, -0.5100020000000001, 1.0430607344419573, 0.0, 0.0, 0.0, 0.007068290730211392
'2004-04-12', 41.27, 41.950001, 41.02, 41.639999, 1787000.0, 17.465834, -1.5299989999999966, -0.20999999999999375, 1.0752375141650794, 0.0, 0.0, 0.0, 0.007632660932073331
'2004-04-08', 42.799999, 42.799999, 41.049999, 41.169998, 2036800.0, 17.268693, 0.21999699999999933, 1.4799989999999994, 1.160860713312473, 0.0, 0.0, 0.0, 0.00404385343740132
'2004-04-07', 42.580002, 42.98, 41.560001, 42.049999, 1852000.0, 17.637808, 0.2700010000000006, 2.3300020000000004, 1.216460287583569, 0.0, 0.0, 0.0, 0.004143455820947521
'2004-04-06', 42.310001, 43.0, 42.220001, 42.540001, 2271000.0, 17.843338, 0.8300010000000029, -0.039996999999999616, 1.2654113272946366, 0.0, 0.0, 0.0, 0.004317337012904664
'2004-04-05', 41.48, 42.34, 41.400002, 42.290001, 2202800.0, 17.738476, 0.1599999999999966, -0.18999800000000278, 1.3612207128656337, 0.0, 0.0, -0.1, 0.005379096853905501
'2004-04-02', 41.32, 41.799999, 41.02, 41.200001, 2350800.0, 17.281277, 1.0700000000000003, -0.880001, 1.3682456071517204, 0.0, 0.0, -0.5, 0.005310060645749102
'2004-04-01', 40.25, 40.689999, 39.720001, 40.32, 5699200.0, 16.912162, -2.0999979999999994, -1.3300020000000004, 1.3882564710780136, 0.0, 0.0, -0.8, 0.006625257418909593
'2004-03-31', 42.349998, 42.349998, 40.299999, 40.990002, 4441000.0, 17.193193, 0.6799999999999997, 1.399996999999999, 1.394258877126357, -1.0, 0.0, -1.0, 0.0
'2004-03-30', 41.669998, 42.389999, 41.07, 42.099998, 2068800.0, 17.65878, -0.5300030000000007, 1.5399969999999996, 1.3885387520703611, 0.0, 0.0, -0.8, 0.016318695287674354
'2004-03-29', 42.200001, 42.790001, 41.790001, 42.099998, 2118200.0, 17.65878, 0.619999, 2.4000020000000006, 1.4336310071985037, 0.0, 0.0, -0.5, 0.0017772155976963015
'2004-03-26', 41.580002, 41.990002, 41.450001, 41.549999, 1885800.0, 17.428083, 0.630001, 1.380001, 1.430465951375784, 0.0, 0.1, -0.1, 0.006172807142561778
'2004-03-25', 40.950001, 41.799999, 40.529999, 41.57, 2238600.0, 17.436473, 0.8200000000000003, 0.4500010000000003, 1.4572737148528172, 0.0, 0.5, 0.0, 0.00854699002327252
'2004-03-24', 40.130001, 40.799999, 40.02, 40.439999, 2219400.0, 16.962495, 0.33000200000000035, -0.9899979999999999, 1.4991256402319753, 0.0, 0.8, 0.0, 0.011064026636829635
'2004-03-23', 39.799999, 40.189999, 39.209999, 39.869999, 2298600.0, 16.72341, -0.40000200000000063, -0.6800009999999972, 1.5569206756360774, 1.0, 1.0, 0.0, 0.01067838804049551
'2004-03-22', 40.200001, 40.299999, 39.259998, 39.43, 1897800.0, 16.538853, -0.2999989999999997, -0.06999900000000281, 1.6087777740607851, 0.0, 0.8, 0.0, 0.0076403587296286
'2004-03-19', 40.5, 40.68, 40.150002, 40.310001, 2044000.0, 16.907968, -0.619999, -0.13000100000000003, 1.68349887789316, 0.0, 0.5, 0.0, 0.005709870370370369
'2004-03-18', 41.119999, 41.540001, 40.290001, 40.669998, 1535400.0, 17.058968, 0.6399990000000031, 0.36999899999999997, 1.749862942950695, 0.0, 0.1, 0.0, 0.00332360308558265
'2004-03-17', 40.48, 41.150002, 40.419998, 41.119999, 1724400.0, 17.24772, 0.20999999999999375, 0.029998999999996556, 1.879007971463444, 0.0, 0.0, 0.0, 0.004619560276679848
'2004-03-16', 40.27, 40.849998, 39.93, 40.150002, 2606800.0, 16.840857, -0.3600009999999969, -1.7999999999999972, 2.0195959963982353, 0.0, 0.0, 0.0, 0.004695573063638612
'2004-03-15', 40.630001, 40.639999, 39.720001, 40.099998, 2017800.0, 16.819883, -0.11999899999999997, -2.6699979999999996, 2.1275805109510912, 0.0, 0.0, 0.0, 0.0035277647010969375
'2004-03-12', 40.75, 41.200001, 39.869999, 40.630001, 2603600.0, 17.042192, 0.2999989999999997, -3.2000010000000003, 2.3140135568605604, 0.0, 0.0, 0.0, 0.0030202888154789984
'2004-03-11', 40.450001, 41.150002, 40.32, 40.48, 3186600.0, 16.979274, -1.619999, -2.2999989999999997, 2.4765819111565763, 0.0, 0.0, -0.1, 0.0033551067508891127
'2004-03-10', 42.07, 42.360001, 41.040001, 41.040001, 2970800.0, 17.214165, -1.2299989999999994, -0.6899980000000028, 2.560776382319567, 0.0, 0.0, -0.5, 0.000443701766896441
'2004-03-09', 43.299999, 43.540001, 41.849998, 42.07, 3480400.0, 17.646197, -0.6500020000000006, 1.1799999999999997, 2.577252220167217, 0.0, 0.0, -0.8, -0.0013712485882505453
'2004-03-08', 43.950001, 44.330002, 43.509998, 43.669998, 2887400.0, 18.317314, 1.2000010000000003, 2.850003000000001, 2.4835726014937256, -1.0, 0.0, -1.0, 0.0
'2004-03-05', 42.75, 43.610001, 42.5, 43.25, 3290800.0, 18.141146, -0.00999800000000306, 2.75, 2.2972065012873895, 0.0, 0.0, -0.8, 0.028070198830409364
'2004-03-04', 42.759998, 43.5, 42.080002, 43.310001, 2654800.0, 18.166314, 0.6399990000000031, 3.759998000000003, 2.1696694855314007, 0.0, 0.0, -0.5, 0.013914909444102373
'2004-03-03', 42.119999, 42.5, 41.389999, 42.470001, 2019200.0, 17.813977, 1.0200010000000006, 3.3200000000000003, 2.004556492195101, 0.0, 0.0, -0.1, 0.014482447320729206
'2004-03-02', 41.099998, 43.0, 41.040001, 42.119999, 4568800.0, 17.667169, 1.0999979999999994, 2.3099970000000027, 1.8362355362841225, 0.0, 0.0, 0.0, 0.017335785515123388
'2004-03-01', 40.0, 42.490002, 39.98, 41.73, 5116200.0, 17.503584, 1.0, 2.0, 1.724963495189061, 0.0, 0.0, 0.0, 0.019750005
'2004-02-27', 39.0, 40.0, 39.0, 39.630001, 3711200.0, 16.622743, 0.20000100000000032, -1.0, 1.6666354027072363, 0.0, 0.1, 0.0, 0.021153850427350428
'2004-02-26', 38.799999, 39.049999, 38.43, 39.0, 1932600.0, 16.35849, 0.00999800000000306, -0.7200010000000034, 1.6585857899633196, 0.0, 0.5, -0.1, 0.018961716247172366
'2004-02-25', 38.790001, 38.98, 38.150002, 38.799999, 2171000.0, 16.2746, 0.7900009999999966, -1.129997000000003, 1.6431325996405584, 0.0, 0.8, -0.5, 0.0166279964777521
'2004-02-24', 38.0, 38.970001, 37.790001, 38.790001, 2543800.0, 16.270406, -2.0, -1.389999000000003, 1.6131876867802202, 1.0, 1.0, -0.8, 0.01739766374269006
'2004-02-23', 40.0, 40.0, 37.630001, 38.02, 5876800.0, 15.947431, 0.4799999999999969, 1.5, 1.6027438499375866, -1.0, 0.8, -1.0, 0.0
'2004-02-20', 39.52, 39.73, 38.59, 39.360001, 2583200.0, 16.509492, -0.3999979999999965, 0.47000100000000344, 1.5342745589443618, 0.0, 0.5, -0.8, 0.012145748987854171
'2004-02-19', 39.919998, 40.299999, 39.919998, 40.0, 3196400.0, 16.777939, 0.5299989999999966, 1.3200000000000003, 1.4603181809004715, 0.0, 0.1, -0.5, 0.001002029108318096
'2004-02-18', 39.389999, 40.029999, 39.130001, 39.779999, 2866600.0, 16.685659, 0.8899990000000031, 1.009998000000003, 1.35915132000388, 0.0, 0.0, -0.1, 0.005162063260439931
'2004-02-17', 38.5, 39.490002, 38.450001, 39.349998, 2275800.0, 16.505296, -0.5499989999999997, 0.5, 1.271541142027356, 0.0, 0.0, 0.0, 0.00974025974025974
'2004-02-13', 39.049999, 39.099998, 38.049999, 38.349998, 2126000.0, 16.085848, 0.4500010000000003, 1.0699990000000028, 1.2431312189527295, 0.0, 0.0, 0.0, 0.004865562224470225
'2004-02-12', 38.599998, 39.0, 38.389999, 38.950001, 3779400.0, 16.337518, 0.21999699999999933, 1.149996999999999, 1.1685038221786128, 0.0, 0.0, 0.0, 0.006044913957422142
'2004-02-11', 38.380001, 38.639999, 38.279999, 38.639999, 2363200.0, 16.207488, 0.38000100000000003, 0.9600030000000004, 1.1178187799665145, 0.0, 0.0, 0.0, 0.006029922421612979
'2004-02-10', 38.0, 38.419998, 37.5, 38.25, 1925200.0, 16.043904, 0.020000000000003126, 2.0, 1.0858740910955362, 0.0, 0.0, 0.0, 0.006578947368421052
'2004-02-09', 37.98, 38.25, 37.650002, 38.049999, 1915400.0, 15.960014, 0.5299989999999966, 2.3299979999999962, 1.0556880443163865, 0.0, 0.0, 0.0, 0.005909543034345571
'2004-02-06', 37.450001, 38.330002, 37.450001, 37.869999, 2193400.0, 15.884513, 0.030003000000000668, 1.5600019999999972, 1.0287286603491044, 0.0, 0.0, 0.0, 0.006809075919650843
'2004-02-05', 37.419998, 37.650002, 37.0, 37.450001, 4207000.0, 15.708345, 1.4199979999999996, 3.109997, 1.0136676240275462, 0.0, 0.0, 0.0, 0.006267922204689492
'2004-02-04', 36.0, 37.0, 35.950001, 36.650002, 3734800.0, 15.372787, 0.34999799999999937, 1.8499979999999994, 0.9981371520106207, 0.0, 0.0, 0.0, 0.009259259259259259
'2004-02-03', 35.650002, 36.450001, 35.450001, 36.259998, 3390200.0, 15.209201, -0.23999700000000246, 0.4700020000000009, 1.011914111639414, 0.0, 0.1, 0.0, 0.009386120953632225
'2004-02-02', 35.889999, 36.080002, 34.880001, 35.709999, 2731400.0, 14.978504, 1.5799980000000033, 0.6899980000000028, 1.0163834339796405, 0.0, 0.5, 0.0, 0.008179757820556076
'2004-01-30', 34.310001, 35.869999, 33.810001, 35.43, 4076600.0, 14.861059, 0.15999899999999911, -1.4300009999999972, 1.067600546959512, 0.0, 0.8, 0.0, 0.011056055249507767
'2004-01-29', 34.150002, 34.32, 33.75, 34.310001, 3606200.0, 14.391277, -1.029997999999999, -1.9499959999999987, 1.011737724743084, 1.0, 1.0, 0.0, 0.010706437879564398
'2004-01-28', 35.18, 35.459999, 33.91, 34.150002, 3244000.0, 14.324166, -0.0200010000000006, -0.7200020000000009, 0.9344276054246029, 0.0, 0.8, 0.0, 0.008059392034244058
'2004-01-27', 35.200001, 35.43, 34.759998, 34.849998, 2945000.0, 14.617778, -0.5400009999999966, -0.7999989999999997, 0.9033035457091539, 0.0, 0.5, 0.0, 0.007575755782254412
'2004-01-26', 35.740002, 35.740002, 34.5, 35.27, 3509200.0, 14.793948, -0.3599960000000024, -1.1499970000000062, 0.9210380983806021, 0.0, 0.1, 0.0, 0.006273374608446629
'2004-01-23', 36.099998, 36.200001, 35.490002, 35.740002, 2303000.0, 14.991089, 0.19999599999999873, -0.30000400000000127, 0.9119864892772163, 0.0, 0.0, -0.1, 0.005401665119205825
'2004-01-22', 35.900002, 36.490002, 35.860001, 36.049999, 3092400.0, 15.121117, -0.09999799999999937, -0.389998999999996, 0.9071468388313965, 0.0, 0.0, -0.5, 0.005438384098140161
'2004-01-21', 36.0, 36.25, 35.060001, 35.700001, 6537000.0, 14.974311, -0.8899990000000031, 0.2999989999999997, 0.8971415880583822, 0.0, 0.0, -0.8, 0.005050505050505051
'2004-01-20', 36.889999, 36.889999, 35.849998, 35.950001, 3945800.0, 15.079173, 0.48999700000000246, 0.8899990000000031, 0.89202903734596, -1.0, 0.1, -1.0, 0.0
'2004-01-16', 36.400002, 36.669998, 35.810001, 36.52, 3380200.0, 15.318258, 0.11000100000000401, -0.2999989999999997, 0.9528738424142247, 0.0, 0.5, -0.8, 0.01346145530431571
'2004-01-15', 36.290001, 36.419998, 35.27, 36.060001, 2453200.0, 15.125312, 0.5899999999999963, -0.610001000000004, 1.0596351142421914, 0.0, 0.8, -0.5, 0.00826671236520504
'2004-01-14', 35.700001, 36.349998, 35.349998, 36.200001, 5106200.0, 15.184035, -0.2999989999999997, -2.9399980000000028, 1.1900974222314036, 1.0, 1.0, -0.1, 0.011111092125739743
'2004-01-13', 36.0, 36.25, 34.880001, 35.110001, 4500000.0, 14.726836, -0.7000010000000003, -1.4000020000000006, 1.3292717250190664, 0.0, 0.8, 0.0, 0.006180548611111132
'2004-01-12', 36.700001, 36.790001, 35.599998, 35.950001, 4124400.0, 15.079173, -0.20000100000000032, -1.139999000000003, 1.3579010014650341, 0.0, 0.5, 0.0, 0.0010354114159288595
'2004-01-09', 36.900002, 37.689999, 36.52, 36.610001, 3170200.0, 15.356009, -1.7399970000000025, -0.09999799999999937, 1.3819108633586785, 0.0, 0.1, 0.0, -4.518066602452371e-05
'2004-01-08', 38.639999, 38.639999, 36.720001, 36.959999, 4024200.0, 15.502815, 1.2399970000000025, 0.8899990000000031, 1.391947351742938, 0.0, 0.0, 0.0, -0.006469979463508784
'2004-01-07', 37.400002, 38.869999, 37.200001, 38.060001, 7444000.0, 15.964209, -0.4399980000000028, 0.1600000000000037, 1.3728483403501088, 0.0, 0.0, 0.0, -0.0017045553901307196
'2004-01-06', 37.84, 39.200001, 37.830002, 38.77, 5244600.0, 16.262017, 0.8400000000000034, 0.5200000000000031, 1.4243374760224656, 0.0, 0.0, 0.0, -0.0027895260747004937
'2004-01-05', 37.0, 37.779999, 37.0, 37.75, 3318400.0, 15.83418, -0.75, -0.6500020000000006, 1.4809772662678005, 0.0, 0.0, 0.0, -0.0002972999999999916
'2004-01-02', 37.75, 37.970001, 36.810001, 36.939999, 2769800.0, 15.494426, 0.5099980000000031, 0.7700000000000031, 1.493982109398251, 0.0, 0.0, 0.0, -0.0020710439494280477
'2003-12-31', 37.240002, 37.849998, 36.900002, 37.75, 2841400.0, 15.83418, -0.07999800000000334, 0.04000099999999662, 1.4891084088667434, 0.0, 0.0, 0.0, -0.0007832146911986244
'2003-12-30', 37.32, 37.32, 36.650002, 37.07, 2619000.0, 15.548954, -0.33000200000000035, 0.7200020000000009, 1.4915871173431947, 0.0, 0.0, 0.0, -0.0008863076098606586
'2003-12-29', 37.650002, 37.66, 36.549999, 37.32, 2855400.0, 15.653817, 0.6700020000000038, 1.230004000000001, 1.5087663755244631, 0.0, 0.0, 0.0, -0.0014418572559817763
'2003-12-26', 36.98, 37.66, 36.98, 37.509998, 1308800.0, 15.733511, -0.22000100000000344, -0.5, 1.5125974386692518, 0.0, 0.0, 0.0, -0.00016225166756804363
'2003-12-24', 37.200001, 37.200001, 36.709999, 36.91, 1047200.0, 15.481843, 0.600003000000001, 1.7000010000000003, 1.5179582951019452, 0.0, 0.0, -0.1, -0.0005208366795473964
'2003-12-23', 36.599998, 37.240002, 36.240002, 37.200001, 4039800.0, 15.603483, 0.17999999999999972, 2.019995999999999, 1.5210703945145863, 0.0, 0.0, -0.5, 0.00046608970724373796
'2003-12-22', 36.419998, 36.93, 35.84, 36.439999, 3557800.0, 15.284701, -1.0600019999999972, 1.019995999999999, 1.5227573824705922, 0.0, 0.1, -0.8, 0.000716945856687495
'2003-12-19', 37.48, 37.639999, 36.299999, 36.990002, 5531200.0, 15.515399, 1.9799999999999969, -0.11999800000000249, 1.5202135159180137, -1.0, 0.5, -1.0, 0.0
'2003-12-18', 35.5, 36.560001, 35.5, 36.459999, 3680200.0, 15.293091, 0.9199979999999996, -0.5499989999999997, 1.5204819960210931, 0.0, 0.8, -0.8, 0.05577464788732386
'2003-12-17', 34.580002, 35.330002, 34.0, 35.330002, 6955200.0, 14.819115, -0.8200000000000003, -0.30999700000000274, 1.4965390531422411, 1.0, 1.0, -0.5, 0.04193172111441747
'2003-12-16', 35.400002, 35.400002, 32.5, 34.580002, 10790600.0, 14.504529, -2.1999959999999987, -0.6999959999999987, 1.4247158434118556, 0.0, 0.8, -0.1, 0.019585667443370917
'2003-12-15', 37.599998, 37.650002, 35.25, 35.439999, 3254600.0, 14.865253, 1.5499989999999997, 0.8499979999999994, 1.3980531813925885, 0.0, 0.5, 0.0, -0.0007978590849925211
'2003-12-12', 36.049999, 36.75, 36.0, 36.299999, 3324400.0, 15.225979, 1.1599999999999966, -0.7700010000000006, 1.4215593137044062, 0.0, 0.1, 0.0, 0.007933431565421109
'2003-12-11', 34.889999, 36.150002, 34.810001, 35.860001, 4312200.0, 15.041422, -1.2099989999999963, -1.360000999999997, 1.4099732586123512, 0.0, 0.0, 0.0, 0.012372222576828743
'2003-12-10', 36.099998, 36.150002, 34.700001, 35.349998, 4516000.0, 14.827503, -0.6500020000000006, -2.4500010000000003, 1.3892128450799868, 0.0, 0.0, 0.0, 0.005461029190559581
'2003-12-09', 36.75, 36.990002, 35.619999, 36.0, 3513200.0, 15.100145, -0.07000000000000028, -2.5999979999999994, 1.4325530237080635, 0.0, 0.0, 0.0, 0.002482993197278901
'2003-12-08', 36.82, 36.990002, 35.799999, 36.0, 4018800.0, 15.100145, 0.5700000000000003, -3.0999979999999994, 1.526718713174581, 0.0, 0.0, 0.0, 0.0019916711931920955
'2003-12-05', 36.25, 37.779999, 36.0, 36.700001, 4141800.0, 15.393759, -2.2999989999999997, -4.290000999999997, 1.6554378942549446, 0.0, 0.0, 0.0, 0.0033931034482758532
'2003-12-04', 38.549999, 38.75, 34.75, 37.110001, 10030800.0, 15.565733, -0.7999989999999997, -0.5300030000000007, 1.8094087269608155, 0.0, 0.0, -0.1, -0.002523285055432469
'2003-12-03', 39.349998, 39.740002, 38.290001, 38.400002, 3263600.0, 16.106822, -0.5700000000000003, 0.5899999999999963, 1.8702990917324545, 0.0, 0.0, -0.5, -0.003960182327497625
'2003-12-02', 39.919998, 39.950001, 38.759998, 39.0, 3636400.0, 16.35849, -0.620002999999997, 1.609997, 1.8971866467311875, 0.0, 0.0, -0.8, -0.00470170749623169
'2003-12-01', 40.540001, 40.84, 39.459999, 39.919998, 3621400.0, 16.744382, 1.4599989999999963, 3.6900029999999973, 1.9843141960557276, -1.0, 0.0, -1.0, 0.0
'2003-11-28', 39.080002, 39.919998, 39.080002, 39.84, 1385600.0, 16.710827, 0.3200039999999973, 3.9299999999999997, 1.9782813090552025, 0.0, 0.0, -0.8, 0.037359235549680785
'2003-11-26', 38.759998, 39.110001, 38.400002, 39.080002, 2705000.0, 16.392047, 0.4499970000000033, 3.9399980000000028, 2.0461393629307962, 0.0, 0.0, -0.5, 0.022961856189982175
'2003-11-25', 38.310001, 38.900002, 38.099998, 38.380001, 4194200.0, 16.098433, 1.4600030000000004, 2.3100009999999997, 2.1024287371200057, 0.0, 0.1, -0.1, 0.01940311443305189
'2003-11-24', 36.849998, 38.400002, 36.630001, 38.299999, 3759400.0, 16.064876, 1.6999959999999987, 0.039996999999999616, 2.25635027097627, 0.0, 0.5, 0.0, 0.025033943014053876
'2003-11-21', 35.150002, 36.400002, 35.150002, 36.240002, 3291000.0, 15.200813, 0.33000200000000035, -2.399996999999999, 2.4258304378136972, 0.0, 0.8, 0.0, 0.030668555865231505
'2003-11-20', 34.82, 35.369999, 34.5, 34.709999, 5401000.0, 14.559056, -1.1799999999999997, -3.510002, 2.5812421739673623, 1.0, 1.0, 0.0, 0.027378905801263623
'2003-11-19', 36.0, 36.25, 35.130001, 35.619999, 5312600.0, 14.940754, -0.8100009999999997, -1.9000020000000006, 2.7702576215942605, 0.0, 0.8, 0.0, 0.01801587698412697
'2003-11-18', 36.810001, 37.490002, 36.5, 36.5, 2366200.0, 15.309869, -0.7399979999999999, 0.4400019999999998, 2.9129064521731896, 0.0, 0.5, 0.0, 0.012666394657256315
'2003-11-17', 37.549999, 37.549999, 35.799999, 36.720001, 3890600.0, 15.402148, -0.7800030000000007, 1.0499989999999997, 2.9907822285595715, 0.0, 0.1, 0.0, 0.008847468796056268
'2003-11-14', 38.330002, 38.73, 37.549999, 37.700001, 3454800.0, 15.813207, 0.4299999999999997, 1.880001, 3.0256879226606337, 0.0, 0.0, 0.0, 0.00576571584838424
'2003-11-13', 37.900002, 38.040001, 37.200001, 37.849998, 3743800.0, 15.876124, 1.5300030000000007, 1.25, 3.0043898434607144, 0.0, 0.0, 0.0, 0.006332451093034473
'2003-11-12', 36.369999, 38.130001, 36.259998, 37.889999, 5169600.0, 15.892902, -0.13000100000000003, -0.17999999999999972, 3.0019708996370413, 0.0, 0.0, 0.0, 0.009554582794095386
'2003-11-11', 36.5, 36.650002, 35.700001, 36.419998, 4324800.0, 15.276312, 0.04999899999999968, -0.1100009999999969, 4.873809835915609, 0.0, 0.0, 0.0, 0.008514227608008422
'2003-11-10', 36.450001, 36.59, 36.099998, 36.130001, 1885400.0, 15.154673, -0.20000100000000032, -0.8099970000000027, 6.080831377961496, 0.0, 0.0, 0.0, 0.008014892980191052
'2003-11-07', 36.650002, 37.0, 36.25, 36.459999, 2845400.0, 15.293091, 0.10000300000000095, 0.40000200000000063, 7.063676606637413, 0.0, 0.0, -0.1, 0.007075941405587546
'2003-11-06', 36.549999, 36.900002, 36.169998, 36.5, 1965200.0, 15.309869, -0.060001999999997224, 0.899996999999999, 8.018533027845267, 0.0, 0.0, -0.5, 0.006822849023880953
'2003-11-05', 36.610001, 36.75, 35.959999, 36.549999, 2721200.0, 15.330841, -0.6499970000000062, -0.11999899999999997, 8.862258190461443, 0.0, 0.0, -0.8, 0.0063145715453063024
'2003-11-04', 37.259998, 37.389999, 36.310001, 36.41, 4759000.0, 15.272119, 1.009998000000003, 1.9399980000000028, 9.66556686778615, -1.0, 0.0, -1.0, 0.0
'2003-11-03', 36.25, 36.939999, 35.950001, 36.93, 3690200.0, 15.490232, 0.5999979999999994, 1.2999989999999997, 10.385148502198314, 0.0, 0.0, -0.8, 0.027862013793103532
'2003-10-31', 35.650002, 36.25, 35.369999, 35.470001, 2976800.0, 14.877838, -1.0799979999999962, 1.5, 10.981752723964965, 0.0, 0.0, -0.5, 0.022580587793515444
'2003-10-30', 36.73, 36.75, 35.610001, 35.759998, 2336000.0, 14.999476, 1.4099999999999966, 3.2799989999999966, 11.56333428657345, 0.0, 0.0, -0.1, 0.004809855703784428
'2003-10-29', 35.32, 36.389999, 34.900002, 36.169998, 3387000.0, 15.17145, 0.36999899999999997, 2.5200010000000006, 12.096307209510064, 0.0, 0.0, 0.0, 0.013731582672706702
'2003-10-28', 34.950001, 35.459999, 34.450001, 35.310001, 4324400.0, 14.810726, 0.7999989999999997, 1.4300009999999972, 12.541640232483354, 0.0, 0.0, 0.0, 0.013218866574567497
'2003-10-27', 34.150002, 34.689999, 34.02, 34.5, 3474400.0, 14.470972, 0.7000010000000003, 0.9600030000000004, 12.86816125150929, 0.0, 0.0, 0.0, 0.015178115265312929
'2003-10-24', 33.450001, 33.669998, 33.0, 33.650002, 3071800.0, 14.114441, 0.6500020000000006, 2.0200010000000006, 13.123259801340033, 0.0, 0.0, 0.0, 0.016271607457180228
'2003-10-23', 32.799999, 34.0, 31.5, 33.75, 3647800.0, 14.156386, -0.7200010000000034, 1.2999989999999997, 13.282861409079851, 0.0, 0.0, 0.0, 0.01699694792673623
'2003-10-22', 33.52, 33.529999, 32.759998, 33.400002, 3807400.0, 14.009579, 0.3300010000000029, 2.2500000000000036, 13.355108666024085, 0.0, 0.0, 0.0, 0.012397235481304694
'2003-10-21', 33.189999, 34.200001, 32.119999, 33.869999, 7360800.0, 14.206719, 1.7599990000000005, 1.989998, 13.393075962255049, 0.0, 0.0, 0.0, 0.012262727094387688
'2003-10-20', 31.43, 31.799999, 31.25, 31.440001, 3481600.0, 13.18746, -0.07000000000000028, 1.7299989999999994, 13.390631195181893, 0.0, 0.0, 0.0, 0.016862864084690374
'2003-10-17', 31.5, 31.67, 31.139999, 31.43, 2228400.0, 13.183265, 0.23000000000000043, 1.8399999999999999, 13.3188936883128, 0.0, 0.0, 0.0, 0.015238089947089955
'2003-10-16', 31.27, 31.290001, 30.9, 31.200001, 2956800.0, 13.086792, 0.06999899999999926, 1.4199999999999982, 13.219261217178541, 0.0, 0.0, 0.0, 0.014735179946372792
'2003-10-15', 31.200001, 31.799999, 30.49, 31.52, 4401800.0, 13.221016, 1.5, 2.2000010000000003, 13.067347623377927, 0.0, 0.0, 0.0, 0.013873619060827232
'2003-10-14', 29.700001, 30.77, 29.450001, 30.74, 2905400.0, 12.893846, 0.040001000000000175, 0.6100010000000005, 12.824362002516963, 0.0, 0.0, 0.0, 0.01696968966432022
'2003-10-13', 29.66, 30.1, 29.549999, 29.799999, 1540600.0, 12.499564, -0.19000000000000128, 0.20999899999999982, 12.429458577757062, 0.0, 0.0, 0.0, 0.016014830579905603
'2003-10-10', 29.85, 29.940001, 29.43, 29.6, 1829400.0, 12.415675, 0.8500000000000014, 0.5500010000000017, 11.921551615523915, 0.0, 0.0, 0.0, 0.014602419942851514
'2003-10-09', 29.0, 30.200001, 29.0, 29.889999, 4149800.0, 12.537314, -0.08999999999999986, -0.12000099999999847, 11.32584760231808, 0.0, 0.0, 0.0, 0.01582375095785441
'2003-10-08', 29.09, 29.09, 28.77, 28.790001, 1864200.0, 12.075922, -0.36000100000000046, 0.5300009999999986, 10.533496646717124, 0.0, 0.0, 0.0, 0.014781708309963639
'2003-10-07', 29.450001, 29.5, 28.940001, 29.09, 2706200.0, 12.201756, 0.15000200000000063, -25.149997, 9.599477026012108, 0.0, 0.1, 0.0, 0.01325975676537329
'2003-10-06', 29.299999, 29.719999, 29.299999, 29.65, 2115800.0, 12.436647, 0.1799980000000012, -24.729999999999997, 8.518922014955287, 0.0, 0.5, 0.0, 0.012936777623390757
'2003-10-03', 29.120001, 29.59, 29.0, 29.299999, 3807200.0, 12.28984, 0.5600019999999972, -25.199999000000002, 7.164092778780765, 0.0, 0.8, 0.0, 0.01270603883689303
'2003-10-02', 28.559999, 28.57, 28.1, 28.42, 1519000.0, 11.920725, -26.039998999999998, -27.440001, 5.300596255387053, 1.0, 1.0, 0.0, 0.013244427147457414
'2003-10-01', 54.599998, 56.98, 54.599998, 56.830002, 3968000.0, 11.918629, 0.5699990000000028, -1.9000020000000006, 1.556836838093648, 0.0, 0.8, 0.0, -0.013232601217311396
'2003-09-30', 54.029999, 54.98, 53.25, 54.599998, 3237600.0, 11.450943, -0.29000100000000373, -3.6000020000000035, 1.577384060927304, 0.0, 0.5, 0.0, -0.012415325789659922
'2003-09-29', 54.32, 54.75, 53.380001, 54.16, 4505200.0, 11.358664, -1.6799999999999997, -3.6799999999999997, 1.5493668920708519, 0.0, 0.1, 0.0, -0.012079416846040556
'2003-09-26', 56.0, 56.0, 54.279999, 54.290001, 4546400.0, 11.385929, -0.5, -1.5200000000000031, 1.586345279775979, 0.0, 0.0, 0.0, -0.012394181216931215
'2003-09-25', 56.5, 56.799999, 56.009998, 56.009998, 2959600.0, 11.746654, -1.130001, -2.1899990000000003, 1.6229362046751272, 0.0, 0.0, 0.0, -0.012161821744627052
'2003-09-24', 57.630001, 57.950001, 56.470001, 56.490002, 3029200.0, 11.847322, -0.36999899999999997, -1.389999000000003, 1.6842051432189922, 0.0, 0.0, 0.0, -0.012188337400024061
'2003-09-23', 58.0, 58.119999, 57.5, 57.779999, 2672000.0, 12.117866, 0.4799999999999969, -0.9299999999999997, 1.7919553780161108, 0.0, 0.0, -0.1, -0.011919541379310342
'2003-09-22', 57.52, 58.119999, 57.5, 58.0, 2484400.0, 12.164005, -1.1699989999999971, -0.27999899999999656, 1.885292037360325, 0.0, 0.0, -0.5, -0.011362107990488582
'2003-09-19', 58.689999, 59.0, 58.419998, 58.68, 2998800.0, 12.306618, -0.3300010000000029, 0.9899979999999999, 1.9951390733482497, 0.0, 0.0, -0.8, -0.011410590265131882
'2003-09-18', 59.02, 59.189999, 58.52, 58.630001, 1874800.0, 12.296132, 0.09000000000000341, 2.1100000000000065, 2.195195371968533, -1.0, 0.0, -1.0, 0.0
'2003-09-17', 58.93, 59.650002, 58.529999, 59.0, 2818400.0, 12.37373, 1.130001, 2.7299989999999994, 2.2238490923224155, 0.0, 0.0, -0.8, 0.0015272357033769457
'2003-09-16', 57.799999, 58.93, 57.32, 58.93, 2516800.0, 12.359049, 0.09999799999999937, 1.899996999999999, 2.186765038300757, 0.0, 0.0, -0.5, 0.010553642051101103
'2003-09-15', 57.700001, 57.889999, 56.810001, 57.889999, 2478000.0, 12.140936, 0.7900010000000037, 1.4000020000000006, 2.1795516640000923, 0.0, 0.1, -0.1, 0.007625644004177185
'2003-09-12', 56.91, 57.540001, 56.09, 57.330002, 2317600.0, 12.023491, 0.7099989999999963, -0.6800000000000068, 2.1921336237558857, 0.0, 0.5, 0.0, 0.009269021261641218
'2003-09-11', 56.200001, 57.349998, 56.169998, 56.939999, 3911200.0, 11.941698, 0.2999989999999997, -2.3599999999999994, 2.1863014378933414, 0.0, 0.8, 0.0, 0.010035583451324149
'2003-09-10', 55.900002, 57.299999, 55.630001, 56.099998, 4066800.0, 11.765529, -0.39999699999999905, -3.379996999999996, 2.1808890842755604, 1.0, 1.0, 0.0, 0.009302319285546127
'2003-09-09', 56.299999, 56.5, 55.369999, 55.93, 4844000.0, 11.729876, -1.2900010000000037, -2.2800030000000007, 2.204933197516916, 0.0, 0.8, 0.0, 0.006901804233221602
'2003-09-08', 57.59, 57.59, 56.52, 57.110001, 3594400.0, 11.977351, -0.9700009999999963, -0.8399999999999963, 2.194818490217617, 0.0, 0.5, 0.0, 0.003103837471783295
'2003-09-05', 58.560001, 58.669998, 56.939999, 57.400002, 3373600.0, 12.038171, -0.7199979999999968, 1.1799999999999997, 2.159914768869113, 0.0, 0.1, 0.0, 0.0008727971162432249
'2003-09-04', 59.279999, 59.279999, 58.599998, 58.98, 4009200.0, 12.369535, 0.6999969999999962, 2.0299989999999966, 2.0484205133497917, 0.0, 0.0, 0.0, -0.00043859481171717535
'2003-09-03', 58.580002, 59.389999, 57.75, 59.279999, 8002000.0, 12.432452, 0.15000200000000063, 3.300003000000004, 1.8634778324415537, 0.0, 0.0, 0.0, 0.0006828237763088235
'2003-09-02', 58.43, 58.650002, 58.0, 58.099998, 4802000.0, 12.184978, 1.0499989999999997, 4.119999, 1.7024628552126355, 0.0, 0.0, 0.0, 0.0008414627189229326
'2003-08-29', 57.380001, 58.150002, 57.0, 58.040001, 2011200.0, 12.172395, 0.13000100000000003, 2.0800020000000004, 1.5473145809006519, 0.0, 0.0, 0.0, 0.00219856687055076
'2003-08-28', 57.25, 58.169998, 56.43, 57.34, 3284400.0, 12.025588, 1.9700010000000034, 0.7099990000000034, 1.4540588505211367, 0.0, 0.0, 0.0, 0.0022083593262632603
'2003-08-27', 55.279999, 57.0, 55.060001, 56.740002, 2634400.0, 11.899753, 0.9699979999999968, -0.5500030000000038, 1.326937158438771, 0.0, 0.0, -0.1, 0.0045103727299271555
'2003-08-26', 54.310001, 55.080002, 53.849998, 55.040001, 2032000.0, 11.543222, -0.9899979999999999, 0.04000099999999662, 1.3126155537877644, 0.0, 0.0, -0.5, 0.005420271259063321
'2003-08-25', 55.299999, 55.310001, 54.700001, 54.93, 1544000.0, 11.520152, -1.240001999999997, 1.0999979999999994, 1.3435140069323104, 0.0, 0.0, -0.8, 0.003957026983586281
'2003-08-22', 56.540001, 56.700001, 55.41, 55.490002, 2861200.0, 11.637598, 0.7099989999999963, 1.990001999999997, 1.3638454071488784, -1.0, 0.1, -1.0, 0.0
'2003-08-21', 55.830002, 57.400002, 55.150002, 56.540001, 3700000.0, 11.857808, 1.5600019999999972, 2.130001, 1.282382381698255, 0.0, 0.5, -0.8, 0.012717158777819787
'2003-08-20', 54.27, 56.0, 54.110001, 55.830002, 2556800.0, 11.708904, 0.06999900000000281, -0.4799999999999969, 1.2432787069684668, 0.0, 0.8, -0.5, 0.020913957987838523
'2003-08-19', 54.200001, 54.790001, 54.099998, 54.779999, 2480400.0, 11.488693, -0.34999799999999937, -0.04999899999999968, 1.330637886529558, 1.0, 1.0, -0.1, 0.014391143645919835
'2003-08-18', 54.549999, 54.990002, 54.040001, 54.799999, 2384800.0, 11.492888, 0.8499979999999994, 1.4399980000000028, 1.3328191671545213, 0.0, 0.8, -0.5, 0.009120082660313143
'2003-08-15', 53.700001, 54.950001, 53.689999, 54.91, 1614800.0, 11.515958, -1.0499989999999997, 0.8100019999999972, 1.3977663185084666, 0.0, 0.5, -0.8, 0.010577280994836468
'2003-08-14', 54.75, 54.799999, 53.66, 53.93, 1962800.0, 11.310428, 0.5, 2.25, 1.5079839216211468, -1.0, 0.1, -1.0, 0.0
'2003-08-13', 54.25, 54.77, 53.900002, 54.759998, 3382400.0, 11.484499, 1.139999000000003, 3.8499979999999994, 1.5768860216195155, 0.0, 0.0, -0.8, 0.009216589861751152
'2003-08-12', 53.110001, 53.860001, 53.009998, 53.860001, 2132800.0, 11.295747, 0.2200019999999938, 1.0600019999999972, 1.7641245860013905, 0.0, 0.1, -0.5, 0.015439643844103892
'2003-08-11', 52.889999, 53.16, 52.599998, 52.860001, 3636800.0, 11.086023, 0.3899990000000031, -0.20999899999999627, 1.866217614320807, 0.0, 0.5, -0.1, 0.011722449329850284
'2003-08-08', 52.5, 53.919998, 52.5, 53.68, 3588400.0, 11.257997, 2.0999979999999994, -0.75, 1.9121616471886362, 0.0, 0.8, 0.0, 0.010714285714285714
'2003-08-07', 50.400002, 52.110001, 49.25, 51.919998, 5035200.0, 10.888882, -1.649996999999999, -2.0999979999999994, 1.9799083678239147, 1.0, 1.0, 0.0, 0.017261896140400943
'2003-08-06', 52.049999, 52.290001, 50.700001, 50.869999, 3593600.0, 10.668671, -1.0499989999999997, -1.5, 2.0781314986735198, 0.0, 0.8, 0.0, 0.008645536509360294
'2003-08-05', 53.099998, 53.450001, 52.200001, 52.240002, 2301200.0, 10.955994, -0.15000200000000063, -1.110001000000004, 2.2170287608121058, 0.0, 0.5, 0.0, 0.004439069308977592
'2003-08-04', 53.25, 53.560001, 51.599998, 52.799999, 2126400.0, 11.073439, 0.75, -3.75, 2.2572213823443215, 0.0, 0.1, 0.0, 0.0035211267605633804
'2003-08-01', 52.5, 54.0, 52.490002, 53.099998, 2510000.0, 11.136356, -1.0499989999999997, -1.9000020000000006, 2.2809402102839567, 0.0, 0.0, 0.0, 0.004761904761904762
'2003-07-31', 53.549999, 53.93, 53.0, 53.0, 3692800.0, 11.115384, -0.6600000000000037, 0.2999989999999997, 2.306386096048514, 0.0, 0.0, 0.0, 0.0022408982678038896
'2003-07-30', 54.209999, 54.599998, 53.240002, 53.34, 3285200.0, 11.186691, -2.7900009999999966, 0.1399990000000031, 2.358040669284876, 0.0, 0.0, 0.0, 0.0009055709445779492
'2003-07-29', 57.0, 57.0, 52.900002, 54.200001, 8665200.0, 11.367054, 2.5999979999999994, 3.0, 2.3403369057090235, 0.0, 0.0, 0.0, -0.003289473684210526
'2003-07-28', 54.400002, 55.98, 54.299999, 55.369999, 3640000.0, 11.612431, 1.1500020000000006, 0.20000100000000032, 2.188341647356971, 0.0, 0.0, 0.0, 0.0004949066560130462
'2003-07-25', 53.25, 53.849998, 52.66, 53.740002, 2855600.0, 11.270581, -0.8200000000000003, 0.5099980000000031, 2.1606265907682194, 0.0, 0.0, -0.1, 0.002012072434607646
'2003-07-24', 54.07, 54.91, 53.0, 53.110001, 2702000.0, 11.138454, 0.07000000000000028, 1.5700000000000003, 2.153436678836191, 0.0, 0.0, -0.5, 0.0008384193329634422
'2003-07-23', 54.0, 54.200001, 53.400002, 53.630001, 1864400.0, 11.247511, -0.20000100000000032, 0.7000010000000003, 2.137654596722861, 0.0, 0.1, -0.8, 0.0008680555555555555
'2003-07-22', 54.200001, 54.439999, 53.5, 53.830002, 2231600.0, 11.289456, 1.4599990000000034, -0.5999979999999994, 2.108756706561518, -1.0, 0.5, -1.0, 0.0
'2003-07-21', 52.740002, 53.799999, 52.599998, 53.549999, 2936400.0, 11.230732, 0.24000199999999694, -2.759998000000003, 2.0713942553752323, 0.0, 0.8, -0.8, 0.027682953064734495
'2003-07-18', 52.5, 53.299999, 52.400002, 52.650002, 2981600.0, 11.041981, -0.7999989999999997, -3.2999989999999997, 2.0804898403985, 1.0, 1.0, -0.5, 0.01619048571428572
'2003-07-17', 53.299999, 54.0, 52.310001, 52.73, 2608000.0, 11.058759, -1.5, -1.369999, 2.083909535960725, 0.0, 0.8, -0.1, 0.005628530437058112
'2003-07-16', 54.799999, 54.98, 53.700001, 54.09, 3269200.0, 11.343984, -0.7000010000000003, -0.04999899999999968, 2.0755623064930737, 0.0, 0.5, 0.0, -0.0027372172032338877
'2003-07-15', 55.5, 55.66, 54.220001, 54.950001, 2017200.0, 11.524347, -0.2999989999999997, -0.9799999999999969, 2.0229104868429806, 0.0, 0.1, 0.0, -0.00468468108108108
'2003-07-14', 55.799999, 56.009998, 54.860001, 55.220001, 3193200.0, 11.580972, 1.130001, 2.4599989999999963, 1.8976374113329855, 0.0, 0.0, 0.0, -0.004778966632836916
'2003-07-11', 54.669998, 55.560001, 54.400002, 55.330002, 2037600.0, 11.604042, -0.17999999999999972, 3.2899969999999996, 1.8743014937130575, 0.0, 0.0, 0.0, -0.0012281403151218056
'2003-07-10', 54.849998, 55.299999, 53.830002, 54.419998, 3539600.0, 11.413192, -1.6300019999999975, 4.25, 1.8906340558310573, 0.0, 0.0, 0.0, -0.0014813058881059556
'2003-07-09', 56.48, 56.860001, 55.220001, 55.220001, 4688400.0, 11.580972, 3.1399999999999935, 5.680000999999997, 1.9503371648117214, 0.0, 0.0, 0.0, -0.004485361583254636
'2003-07-08', 53.34, 56.290001, 53.279999, 56.16, 5587200.0, 11.778113, 1.9599990000000034, 4.32, 1.9861081101270683, 0.0, 0.0, 0.0, 0.0016123003374578118
'2003-07-07', 51.380001, 52.869999, 51.369999, 52.849998, 4794000.0, 11.083925, 0.7800030000000007, 1.4299999999999997, 2.1496503140385306, 0.0, 0.0, 0.0, 0.004989560750760522
'2003-07-03', 50.599998, 51.200001, 50.349998, 50.91, 2366400.0, 10.677061, -0.20000100000000032, -0.30000400000000127, 2.313684704391423, 0.0, 0.0, 0.0, 0.005928858929994426
'2003-07-02', 50.799999, 51.380001, 50.200001, 51.169998, 3772800.0, 10.731589, 1.7799989999999966, 0.5499989999999997, 2.597441083921994, 0.0, 0.0, -0.1, 0.005148398041988455
'2003-07-01', 49.02, 50.91, 49.0, 50.91, 3414800.0, 10.677061, -0.9300009999999972, 0.3199990000000028, 2.839113792130923, 0.0, 0.0, -0.5, 0.007547941073614263
'2003-06-30', 49.950001, 50.200001, 49.369999, 49.740002, 2321200.0, 10.431684, -0.9500010000000003, 1.2999989999999997, 2.930541587249934, 0.0, 0.0, -0.8, 0.005672338892112001
'2003-06-27', 50.900002, 50.939999, 49.639999, 49.939999, 2038000.0, 10.473628, 0.6500020000000006, 0.35000300000000095, 2.9922939795045425, -1.0, 0.1, -1.0, 0.0
'2003-06-26', 50.25, 50.990002, 49.889999, 50.790001, 2905200.0, 10.651894, 1.5499989999999997, -0.7000010000000003, 2.9902283753700054, 0.0, 0.5, -0.8, 0.012935363184079614
'2003-06-25', 48.700001, 50.650002, 48.630001, 50.25, 3733600.0, 10.538643, 0.04999899999999968, -2.149996999999999, 2.9945488664128725, 0.0, 0.8, -0.3, 0.022587278796975797
'2003-06-24', 48.650002, 49.450001, 48.0, 48.849998, 3657200.0, 10.245028, -1.899996999999999, -1.1599989999999991, 3.017121358583956, 1.0, 1.0, -0.3, 0.015416237804060111
'2003-06-23', 50.549999, 50.549999, 48.5, 49.0, 2928000.0, 10.276487, -0.40000200000000063, -1.4799999999999969, 3.0743120328079683, 0.0, 0.8, -0.8, 0.0017309743171310496
'2003-06-20', 50.950001, 50.950001, 50.349998, 50.799999, 2544400.0, 10.653991, 0.10000300000000095, -0.9599989999999963, 3.120577215666114, -1.0, 0.5, -1.0, 0.0
'2003-06-19', 50.849998, 51.240002, 50.200001, 50.950001, 3278800.0, 10.68545, 1.0399969999999996, -0.5300030000000007, 3.152169745069967, 0.0, 0.8, -0.8, 0.0019666274126500646
'2003-06-18', 49.810001, 50.869999, 49.040001, 50.790001, 5534400.0, 10.651894, -2.219997999999997, -2.0399969999999996, 3.1638832154105434, 1.0, 1.0, -0.5, 0.011443485014184206
'2003-06-17', 52.029999, 52.040001, 49.650002, 49.84, 5923600.0, 10.452656, 0.11999899999999997, 1.1899989999999931, 3.2137473633060694, 0.0, 0.8, -0.1, -0.00691907246304833
'2003-06-16', 51.91, 51.990002, 50.799999, 51.84, 3173200.0, 10.872104, 0.5299989999999966, 0.22000099999999634, 3.1634857577680284, 0.0, 0.5, 0.0, -0.004623381814679235
'2003-06-13', 51.380001, 51.669998, 50.5, 51.669998, 2413200.0, 10.836451, -0.46999699999999933, -1.0900000000000034, 3.1642194635786645, 0.0, 0.1, 0.0, -0.0016738030036239184
'2003-06-12', 51.849998, 52.0, 51.02, 51.630001, 2062400.0, 10.828062, 1.009997999999996, -1.4300009999999972, 3.143299450856829, 0.0, 0.0, 0.0, -0.0028929509312613636
'2003-06-11', 50.84, 51.200001, 50.200001, 51.189999, 4544000.0, 10.735783, -0.8499989999999968, -0.25, 3.088684807379101, 0.0, 0.0, -0.1, 0.00030909576261660366
'2003-06-10', 51.689999, 51.740002, 50.25, 50.84, 5078800.0, 10.66238, -0.7800020000000032, 0.7899969999999996, 3.0523251994833855, 0.0, 0.0, -0.5, -0.0017895096109404062
'2003-06-09', 52.470001, 52.68, 51.25, 51.380001, 4014400.0, 10.775631, -0.8099979999999931, 2.3600000000000065, 3.0201828958968795, 0.0, 0.0, -0.8, -0.003218770453023037
'2003-06-06', 53.279999, 53.450001, 52.080002, 52.630001, 3146000.0, 11.037787, 2.189998999999993, 2.2899969999999996, 2.8667204989289017, -1.0, 0.0, -1.0, 0.0
'2003-06-05', 51.09, 53.529999, 50.709999, 52.880001, 5692800.0, 11.090218, 0.18999800000000278, 3.7900010000000037, 2.565573523674419, 0.0, 0.0, -0.8, 0.04286551184184758
'2003-06-04', 50.900002, 51.349998, 50.639999, 51.110001, 3306800.0, 10.719006, 0.7900010000000037, 3.5600019999999972, 2.3971759146177916, 0.0, 0.0, -0.5, 0.023379144464473655
'2003-06-03', 50.110001, 50.540001, 49.849998, 50.470001, 5479200.0, 10.584782, -0.880001, 4.0200009999999935, 2.383101340737224, 0.0, 0.0, -0.1, 0.021086928335922406
'2003-06-02', 50.990002, 52.43, 50.09, 50.849998, 9634000.0, 10.664477, 3.6900029999999973, 6.790000999999997, 2.465462336944173, 0.0, 0.0, 0.0, 0.011227676555101918
'2003-05-30', 47.299999, 49.25, 47.099998, 49.130001, 7426400.0, 10.303752, -0.04000100000000373, 2.649996999999999, 2.4877530291412238, 0.0, 0.0, 0.0, 0.025285412796731757
'2003-05-29', 47.34, 48.0, 47.099998, 47.189999, 4254000.0, 9.896886, 1.25, 2.3400000000000034, 2.607963565228029, 0.0, 0.0, 0.0, 0.020912544007886186
'2003-05-28', 46.09, 47.34, 46.0, 47.34, 4671200.0, 9.928345, 1.889999000000003, 2.9399980000000028, 2.672694886730786, 0.0, 0.0, 0.0, 0.02228558720515759
'2003-05-27', 44.200001, 45.650002, 44.07, 45.599998, 2926800.0, 9.563425, -0.4500010000000003, 1.2000010000000003, 2.821350043625923, 0.0, 0.0, 0.0, 0.02567872679459893
'2003-05-23', 44.650002, 45.049999, 44.200001, 44.689999, 1530000.0, 9.372576, -0.34999799999999937, -0.5999979999999994, 2.8963944457052877, 0.0, 0.1, 0.0, 0.021475666575682464
'2003-05-22', 45.0, 45.389999, 44.529999, 45.0, 2485200.0, 9.43759, 1.8499979999999994, -0.6799999999999997, 2.991092247056446, 0.0, 0.5, 0.0, 0.01839999777777777
'2003-05-21', 43.150002, 44.799999, 42.990002, 44.75, 4669600.0, 9.385159, 0.15000200000000063, -3.9799989999999994, 3.0309898455347084, 0.0, 0.8, 0.0, 0.0213420341946176
'2003-05-20', 43.0, 43.77, 42.849998, 43.220001, 3648400.0, 9.064282, -2.25, -4.200001, 3.0723451435021305, 1.0, 1.0, 0.0, 0.019922478682170536
'2003-05-19', 45.25, 45.25, 42.799999, 43.099998, 4388400.0, 9.039114, -0.4299999999999997, -1.5, 3.114354487616095, 0.0, 0.8, 0.0, 0.013650657033574154
'2003-05-16', 45.68, 45.68, 44.490002, 45.25, 4123200.0, 9.490022, -1.4500010000000003, 0.2299989999999994, 3.1091289176840378, 0.0, 0.5, 0.0, 0.011883911371028266
'2003-05-15', 47.130001, 47.299999, 45.73, 45.73, 4688400.0, 9.590689, -0.07000000000000028, 2.150001000000003, 3.0964469415339115, 0.0, 0.1, 0.0, 0.008699339231218486
'2003-05-14', 47.200001, 47.299999, 46.240002, 46.880001, 3347600.0, 9.831872, 0.4500010000000003, 2.430000999999997, 2.964314791624852, 0.0, 0.0, 0.0, 0.008050844638753286
'2003-05-13', 46.75, 47.18, 46.209999, 46.709999, 2366800.0, 9.796219, 1.2999989999999997, 1.7000010000000003, 2.8210875539292872, 0.0, 0.0, 0.0, 0.008216418999685431
'2003-05-12', 45.450001, 46.75, 45.110001, 46.689999, 2633200.0, 9.792024, 0.47000100000000344, 1.100003000000001, 2.715792041498788, 0.0, 0.0, 0.0, 0.009570954440438597
'2003-05-09', 44.98, 45.52, 44.150002, 45.5, 3382800.0, 9.542453, 0.20999999999999375, 0.20000100000000032, 2.620717579366691, 0.0, 0.0, 0.0, 0.009711917577402824
'2003-05-08', 44.77, 45.380001, 44.470001, 44.639999, 2748800.0, 9.36209, -0.27999899999999656, 1.75, 2.533449978902622, 0.0, 0.0, 0.0, 0.009504131114585652
'2003-05-07', 45.049999, 45.490002, 44.91, 45.200001, 3594000.0, 9.479535, 0.7000010000000003, 1.5400009999999966, 2.4093006515034787, 0.0, 0.0, 0.0, 0.00869932898122288
'2003-05-06', 44.349998, 45.290001, 44.23, 45.240002, 2987200.0, 9.487925, -0.4300009999999972, 1.1899980000000028, 2.2749053960211705, 0.0, 0.0, -0.1, 0.009152404840325727
'2003-05-05', 44.779999, 44.790001, 44.110001, 44.400002, 3930000.0, 9.311756, 1.7599989999999934, 1.4300009999999972, 2.133877707211696, 0.0, 0.0, -0.5, 0.008252908120683619
'2003-05-02', 43.02, 44.5, 43.0, 44.099998, 4122800.0, 9.248838, -0.48999799999999993, 1.4200020000000038, 1.941992814508255, 0.0, 0.0, -0.8, 0.00993723752518208
'2003-05-01', 43.509998, 43.509998, 42.75, 43.02, 3530400.0, 9.022337, 0.34999800000000647, 1.3099970000000027, 1.854211187121438, -1.0, 0.0, -1.0, 0.0
'2003-04-30', 43.16, 43.939999, 42.900002, 43.509998, 2415600.0, 9.125101, -0.18999800000000278, 0.47000099999999634, 1.7141398765048572, 0.0, 0.0, -0.8, 0.008109314179796259
'2003-04-29', 43.349998, 44.200001, 42.84, 43.41, 2345200.0, 9.104129, 1.75, 0.8099970000000027, 1.5701702571808345, 0.0, 0.0, -0.5, 0.0018454441451185729
'2003-04-28', 41.599998, 43.200001, 41.32, 43.0, 3283600.0, 9.018142, -0.600003000000001, 2.2999989999999997, 1.4374205315702244, 0.0, 0.0, -0.1, 0.015304487915279897
'2003-04-25', 42.200001, 42.200001, 40.849998, 41.169998, 4072400.0, 8.634346, -0.48999799999999993, 4.07, 1.3916452509016974, 0.0, 0.0, 0.0, 0.007760645550695619
'2003-04-24', 42.689999, 42.689999, 41.599998, 42.200001, 3284400.0, 8.850363, 0.14999800000000363, 5.539997, 1.2773998794432666, 0.0, 0.0, 0.0, 0.003841644503200868
'2003-04-23', 42.540001, 43.169998, 42.169998, 42.689999, 7061200.0, 8.953127, 3.240001999999997, 4.260002, 1.150481356747622, 0.0, 0.1, 0.0, 0.003800332930567344
'2003-04-22', 39.299999, 42.77, 39.299999, 42.540001, 13688000.0, 8.921669, 1.1699979999999996, 0.7799989999999966, 1.0035850721407973, 0.0, 0.5, 0.0, 0.015303522744909715
'2003-04-21', 38.130001, 38.669998, 38.0, 38.5, 3120800.0, 8.074383, 0.9799989999999994, 0.630001, 1.0707994403774643, 0.0, 0.8, 0.0, 0.017637020911696288
'2003-04-17', 37.150002, 38.150002, 36.099998, 38.130001, 3574000.0, 7.996785, -1.129996999999996, -2.0599970000000027, 1.1541387813052166, 1.0, 1.0, 0.0, 0.019021969964422143
'2003-04-16', 38.279999, 38.68, 37.0, 37.080002, 3832000.0, 7.776575, -0.24000100000000657, -0.04000100000000373, 1.2942404650868335, 0.0, 0.8, 0.0, 0.01366248468292804
'2003-04-15', 38.52, 38.52, 37.799999, 38.279999, 4005600.0, 8.028243, 1.0200000000000031, -0.4799999999999969, 1.4156940023267197, 0.0, 0.5, 0.0, 0.011776640234116868
'2003-04-14', 37.5, 38.529999, 37.5, 38.419998, 5294800.0, 8.057605, -1.7099990000000034, -2.0999979999999994, 1.4874362264579672, 0.0, 0.1, 0.0, 0.013355551111111117
'2003-04-11', 39.209999, 39.490002, 38.299999, 38.5, 2106800.0, 8.074383, 0.8899990000000031, -0.24000199999999694, 1.5250901211992416, 0.0, 0.0, -0.1, 0.008435836834531769
'2003-04-10', 38.32, 38.990002, 38.150002, 38.970001, 3926000.0, 8.172954, -0.6799999999999997, -0.9200019999999967, 1.6182550417868202, 0.0, 0.0, -0.5, 0.009674168654935884
'2003-04-09', 39.0, 39.330002, 38.099998, 38.32, 2722800.0, 8.036633, -0.5999979999999994, 0.4599990000000034, 1.7441644008144594, 0.0, 0.0, -0.8, 0.0077093982905982955
'2003-04-08', 39.599998, 39.599998, 38.849998, 39.0, 4046800.0, 8.179245, 0.14999699999999905, 0.25, 1.8676451600170547, -1.0, 0.0, -1.0, 0.0
'2003-04-07', 39.450001, 40.029999, 39.349998, 39.599998, 4622000.0, 8.305079, 0.20999900000000338, 0.9500010000000003, 1.9850873169268726, 0.0, 0.0, -0.8, 0.0038022052268135314
'2003-04-04', 39.240002, 39.389999, 38.349998, 38.540001, 2662400.0, 8.082772, 0.7000010000000003, 1.8900039999999976, 2.078276666552149, 0.0, 0.0, -0.5, 0.004587104761105803
'2003-04-03', 38.540001, 39.18, 38.5, 38.830002, 5224800.0, 8.143592, -0.8099970000000027, 0.139998999999996, 2.161712047316388, 0.0, 0.1, -0.1, 0.00916793783511667
'2003-04-02', 39.349998, 39.349998, 38.360001, 38.529999, 7526000.0, 8.080674, 0.8499979999999994, 1.0899999999999963, 2.2615459533989184, 0.0, 0.5, 0.0, 0.0015883101188467659
'2003-04-01', 38.5, 38.529999, 37.0, 37.810001, 4422400.0, 7.929674, 1.1500020000000006, -1.2000010000000003, 2.306469118959254, 0.0, 0.8, 0.0, 0.005714275324675322
'2003-03-31', 37.349998, 38.799999, 37.25, 38.330002, 2710800.0, 8.03873, -1.0500040000000013, -0.7600029999999975, 2.381222310514174, 1.0, 1.0, 0.0, 0.010040161180196048
'2003-03-28', 38.400002, 38.720001, 38.130001, 38.299999, 1954000.0, 8.032438, 0.14000399999999757, -1.5399969999999996, 2.572899735620675, 0.0, 0.8, 0.0, 0.004464270600819234
'2003-03-27', 38.259998, 38.68, 37.91, 38.529999, 4422000.0, 8.080674, -1.4400029999999973, -0.7400019999999969, 2.6665917495478997, 0.0, 0.5, 0.0, 0.004377940636588625
'2003-03-26', 39.700001, 39.709999, 38.5, 38.5, 4804400.0, 8.074383, 1.5900000000000034, 1.0499989999999997, 2.7371745704895245, 0.0, 0.1, 0.0, -0.00027988524343978104
'2003-03-25', 38.110001, 39.98, 38.080002, 39.700001, 8078800.0, 8.326052, -1.8299980000000033, -0.5400010000000037, 2.6830662651279877, 0.0, 0.0, 0.0, 0.0039097270031559495
'2003-03-24', 39.939999, 39.939999, 37.68, 37.860001, 5694000.0, 7.94016, 0.9399990000000003, 0.5399969999999996, 2.7163170790983107, 0.0, 0.0, 0.0, -0.000773890400402411
'2003-03-21', 39.0, 39.990002, 38.759998, 39.93, 4106000.0, 8.374289, 0.34999799999999937, 2.020000000000003, 2.5844910320776906, 0.0, 0.0, -0.1, 0.0012820470085470072
'2003-03-20', 38.650002, 39.0, 37.869999, 39.0, 3390400.0, 8.179245, 0.0, 1.220002000000001, 2.486218757685624, 0.0, 0.1, -0.5, 0.001890727337727312
'2003-03-19', 38.650002, 38.75, 37.849998, 38.639999, 3487200.0, 8.103744, -0.75, 1.0600019999999972, 2.380456325688895, 0.0, 0.5, -0.8, 0.0017556753850325039
'2003-03-18', 39.400002, 39.400002, 38.25, 38.5, 3060400.0, 8.074383, 2.4200020000000038, 3.240002000000004, 2.2667785028981386, -1.0, 0.8, -1.0, 0.00033840269009800003
'2003-03-17', 36.98, 39.040001, 36.5, 38.799999, 5327200.0, 8.1373, -0.45000000000000284, 1.0999989999999968, 2.052484873053193, 1.0, 1.0, -0.8, 0.004428065846403466
'2003-03-14', 37.43, 37.630001, 36.720001, 36.98, 6040800.0, 7.755602, -0.1600000000000037, 1.3599999999999994, 1.9813189738434807, 0.0, 0.8, -0.5, 0.0034102842953906112
'2003-03-13', 37.59, 37.709999, 37.009998, 37.330002, 6180000.0, 7.829006, 1.4300000000000068, 1.7099990000000034, 1.8597756036686506, 0.0, 0.5, -0.1, 0.002970645266175986
'2003-03-12', 36.16, 37.0, 36.16, 36.860001, 7072000.0, 7.730435, 0.27999899999999656, 1.360000999999997, 1.711057742476852, 0.0, 0.1, 0.0, 0.00500698358174197
'2003-03-11', 35.880001, 36.25, 35.5, 36.16, 4882000.0, 7.583628, -0.18999900000000025, 0.9600030000000004, 1.6339524213802779, 0.0, 0.0, 0.0, 0.005183942163212314
'2003-03-10', 36.07, 36.080002, 35.5, 35.82, 2564400.0, 7.512322, 0.18999900000000025, 0.6699979999999996, 1.5571549642576445, 0.0, 0.0, 0.0, 0.004660247930611112
'2003-03-07', 35.880001, 36.740002, 34.48, 36.549999, 4202000.0, 7.665421, 1.0800020000000004, -0.11999899999999997, 1.441363688009458, 0.0, 0.0, 0.0, 0.004712674693829376
'2003-03-06', 34.799999, 36.02, 34.799999, 35.880001, 3793600.0, 7.524906, -0.11999899999999997, 0.30999700000000274, 1.3205797449609502, 0.0, 0.0, -0.1, 0.005997000422202661
'2003-03-05', 34.919998, 35.400002, 34.580002, 35.349998, 3819600.0, 7.413751, -0.480004000000001, 0.9199979999999996, 1.3278145921362585, 0.0, 0.0, -0.5, 0.005584192759690306
'2003-03-04', 35.400002, 35.43, 34.650002, 34.799999, 3912000.0, 7.298403, -0.5999979999999994, 1.9000020000000006, 1.2968804729473142, 0.0, 0.0, -0.8, 0.004745757923968478
'2003-03-03', 36.0, 36.5, 35.169998, 35.43, 5049200.0, 7.43053, 1.509998000000003, 3.0999979999999994, 1.190457767863896, -1.0, 0.0, -1.0, 0.0
'2003-02-28', 34.490002, 35.799999, 34.349998, 35.73, 7028000.0, 7.493447, 0.49000199999999694, 1.5899999999999963, 0.9752408570540352, 0.0, 0.0, -0.8, 0.04378074550416098
'2003-02-27', 34.0, 34.5, 33.700001, 34.490002, 4153600.0, 7.233389, 0.5, 1.2299999999999969, 0.9097967199085127, 0.0, 0.0, -0.5, 0.029411764705882353
'2003-02-26', 33.5, 33.970001, 33.259998, 33.939999, 5206800.0, 7.11804, 0.5999979999999994, 1.0, 0.8240548507638507, 0.0, 0.0, -0.1, 0.024875621890547265
'2003-02-25', 32.900002, 33.970001, 31.700001, 33.970001, 9320000.0, 7.124332, 0.0, 0.35000300000000095, 0.8267472128775516, 0.0, 0.0, 0.0, 0.023556214373482404
'2003-02-24', 32.900002, 32.900002, 31.6, 31.700001, 3921200.0, 6.648258, 0.1300019999999975, 0.7000010000000003, 0.8311476225881869, 0.0, 0.0, 0.0, 0.018844971498785924
'2003-02-21', 32.77, 33.25, 32.139999, 33.25, 2730000.0, 6.973331, 0.2700000000000031, 2.319999000000003, 0.8355115593059431, 0.0, 0.0, 0.0, 0.016427626894517326
'2003-02-20', 32.5, 32.950001, 32.310001, 32.52, 2647200.0, 6.820232, -0.04999899999999968, 1.4500010000000003, 0.979642777139025, 0.0, 0.1, 0.0, 0.015384615384615385
'2003-02-19', 32.549999, 33.0, 32.02, 32.419998, 2655200.0, 6.799259, 0.34999799999999937, 1.4399979999999992, 1.0462823622716277, 0.0, 0.5, 0.0, 0.013248852173543846
'2003-02-18', 32.200001, 33.0, 32.0, 32.799999, 2829600.0, 6.878955, 1.75, 0.30000100000000174, 1.066723168774727, 0.0, 0.8, 0.0, 0.013112487515485204
'2003-02-14', 30.450001, 31.950001, 30.360001, 31.780001, 4353200.0, 6.665036, -0.5999979999999994, -0.6499990000000011, 1.1167570959408337, 1.0, 1.0, 0.0, 0.018226597102574807
'2003-02-13', 31.049999, 31.049999, 29.799999, 30.360001, 4349200.0, 6.367228, -0.06000200000000078, -1.240001999999997, 1.1103114260726634, 0.0, 0.8, 0.0, 0.014492757017772882
'2003-02-12', 31.110001, 31.33, 30.41, 30.799999, 2852400.0, 6.459506, -0.7899989999999981, -1.099998000000003, 1.1020840236171163, 0.0, 0.5, 0.0, 0.013098678996078033
'2003-02-11', 31.9, 32.0, 31.18, 31.33, 2593600.0, 6.57066, 0.7999999999999972, -0.4899990000000045, 1.0832642295400223, 0.0, 0.1, 0.0, 0.009886665059078856
'2003-02-10', 31.1, 31.49, 30.32, 31.41, 3221600.0, 6.587438, -1.1900009999999952, -0.6999989999999983, 1.0812712998035041, 0.0, 0.0, 0.0, 0.011254019292604497
'2003-02-07', 32.290001, 32.389999, 31.0, 31.17, 2740400.0, 6.537104, 0.08000199999999325, 0.26000200000000007, 1.0589949435200945, 0.0, 0.0, 0.0, 0.0076597478788144645
'2003-02-06', 32.209999, 32.799999, 32.130001, 32.290001, 2993600.0, 6.771996, -0.17999999999999972, 0.20999900000000338, 1.0590524395268424, 0.0, 0.0, 0.0, 0.007354084751756738
'2003-02-05', 32.389999, 33.400002, 32.200001, 32.619999, 5068400.0, 6.841204, 0.5900000000000034, 0.2799980000000062, 1.074021912067469, 0.0, 0.0, 0.0, 0.006556128637114185
'2003-02-04', 31.799999, 31.91, 31.35, 31.889999, 2842800.0, 6.688106, -0.22999999999999687, 0.19999899999999826, 1.0746557462229265, 0.0, 0.0, 0.0, 0.007337528183220663
'2003-02-03', 32.029999, 32.5, 31.5, 32.200001, 3162400.0, 6.75312, 0.029998999999996556, 0.22999999999999687, 1.0696626901458446, 0.0, 0.0, 0.0, 0.006523491338623887
'2003-01-31', 32.0, 32.23, 31.4, 31.950001, 2813600.0, 6.700689, -0.1100009999999969, 0.14999999999999858, 1.071635497214475, 0.0, 0.0, 0.0, 0.00625
'2003-01-30', 32.110001, 32.700001, 31.85, 32.220001, 4091200.0, 6.757315, 0.5100009999999955, -0.3899990000000031, 1.0783203063103612, 0.0, 0.0, 0.0, 0.0057688583572154915
'2003-01-29', 31.6, 31.950001, 30.84, 31.940001, 3122400.0, 6.698592, -0.19999899999999826, -1.1999989999999983, 1.0794146457950788, 0.0, 0.0, 0.0, 0.00632911392405063
'2003-01-28', 31.799999, 31.9, 31.02, 31.719999, 2909600.0, 6.652453, -0.05000100000000174, 1.5499989999999997, 1.0701686728430768, 0.0, 0.0, -0.1, 0.005742413360781388
'2003-01-27', 31.85, 31.860001, 30.92, 31.379999, 3124800.0, 6.581146, -0.6499999999999986, 1.3399999999999999, 1.0618719461411026, 0.0, 0.1, -0.5, 0.005429094714808998
'2003-01-24', 32.5, 32.700001, 31.76, 32.099998, 3674400.0, 6.732148, -0.2999989999999997, 1.5199999999999996, 1.0573564406898532, 0.0, 0.5, -0.8, 0.0043076923076923075
'2003-01-23', 32.799999, 32.830002, 31.65, 32.650002, 6254400.0, 6.847497, 2.5499989999999997, 1.629998999999998, 1.0912861816842654, -1.0, 0.8, -1.0, 0.0037523465027685383
'2003-01-22', 30.25, 33.0, 30.25, 32.48, 14788000.0, 6.811843, -0.26000000000000156, -0.13999899999999954, 1.0899108003264832, 1.0, 1.0, -0.8, 0.007040097949188858
'2003-01-21', 30.51, 31.219999, 29.030001, 29.17, 4673200.0, 6.117656, -0.46999999999999886, -1.4599989999999998, 1.0091302100442303, 0.0, 0.8, -0.5, 0.006426464391066158
'2003-01-17', 30.98, 31.5, 30.23, 30.26, 2723600.0, 6.346255, -0.19000000000000128, -2.560000999999996, 0.9917358961389762, 0.0, 0.5, -0.1, 0.005587587097348678
'2003-01-16', 31.17, 31.23, 30.6, 31.129999, 3538800.0, 6.528715, 0.7800010000000022, -1.8299999999999983, 0.9454774780217011, 0.0, 0.1, 0.0, 0.00516522297080526
'2003-01-15', 30.389999, 30.9, 29.4, 30.75, 7184400.0, 6.44902, -1.5800000000000018, -2.6100010000000005, 0.9413945263524087, 0.0, 0.0, 0.0, 0.005954846335912956
'2003-01-14', 31.969999, 31.98, 30.0, 30.35, 9292400.0, 6.365131, -1.5700019999999952, -2.860002999999999, 0.9511531187644019, 0.0, 0.0, 0.0, 0.003939241013113574
'2003-01-13', 33.540001, 33.75, 31.209999, 31.959999, 8259200.0, 6.702786, 0.5400009999999966, -0.5, 0.9632964464689204, 0.0, 0.0, -0.1, 0.002222582648176556
'2003-01-10', 33.0, 34.0, 32.970001, 33.400002, 3348800.0, 7.00479, 0.0, -0.25999800000000306, 0.9627684708875659, 0.0, 0.0, -0.5, 0.00267379679144385
'2003-01-09', 33.0, 34.200001, 33.0, 33.380001, 5068400.0, 7.000595, -1.8300020000000004, -0.8499979999999994, 0.9627426132794329, 0.0, 0.0, -0.8, 0.0025974025974025974
'2003-01-08', 34.830002, 35.0, 32.75, 33.639999, 6080000.0, 7.055123, 0.7900010000000037, 1.1900029999999973, 0.9664045664912925, -1.0, 0.0, -1.0, 0.0
'2003-01-07', 34.040001, 34.950001, 33.900002, 34.59, 6397600.0, 7.254361, 0.7800029999999936, 0.9599989999999963, 0.9229305164659048, 0.0, 0.0, -0.8, 0.023208019294711647
'2003-01-06', 33.259998, 33.849998, 32.82, 33.790001, 3970800.0, 7.086582, -0.5899999999999963, 1.259998000000003, 0.906348353683076, 0.0, 0.0, -0.5, 0.023601985784845764
'2003-01-03', 33.849998, 33.98, 33.080002, 33.259998, 1970000.0, 6.975428, 0.20999899999999627, 1.4899970000000025, 0.9428933214323144, 0.0, 0.1, -0.1, 0.009650458472700659
'2003-01-02', 33.639999, 34.0, 33.200001, 33.73, 3895600.0, 7.073998, 0.5599970000000027, 1.3999970000000062, 0.9531833510933325, 0.0, 0.5, 0.0, 0.008843661083343056
'2002-12-31', 33.080002, 33.220001, 32.119999, 32.919998, 4086800.0, 6.904121, 1.0800020000000004, 0.8300020000000004, 0.9497753375528947, 0.0, 0.8, 0.0, 0.010580410484860308
'2002-12-30', 32.0, 33.139999, 31.4, 32.959999, 3146800.0, 6.912511, -0.3600009999999969, -1.3200000000000003, 1.0024914891305359, 1.0, 1.0, 0.0, 0.014739593750000002
'2002-12-27', 32.360001, 32.599998, 31.5, 31.51, 1668400.0, 6.608411, 0.11999899999999997, -0.20000000000000284, 1.031962947871269, 0.0, 0.8, 0.0, 0.010904118504640537
'2002-12-26', 32.240002, 33.349998, 32.049999, 32.59, 1449600.0, 6.834913, -0.00999800000000306, -0.1600000000000037, 1.1101487445189098, 0.0, 0.5, 0.0, 0.010041872826186564
'2002-12-24', 32.25, 32.279999, 32.0, 32.060001, 2209600.0, 6.723759, -1.0700000000000003, -0.6500020000000006, 1.2436670141610824, 0.0, 0.1, 0.0, 0.008888895779500432
'2002-12-23', 33.32, 33.41, 32.200001, 32.34, 2828800.0, 6.782482, 0.7599990000000005, 0.1100009999999969, 1.3485534566593562, 0.0, 0.0, 0.0, 0.004531818727490997
'2002-12-20', 32.560001, 33.560001, 32.560001, 33.400002, 3067200.0, 7.00479, 0.15999899999999911, -0.3400010000000009, 1.386520821000499, 0.0, 0.0, -0.1, 0.006337952117161401
'2002-12-19', 32.400002, 33.490002, 32.119999, 32.150002, 3483600.0, 6.742634, -0.5, -0.5499989999999997, 1.3955233124375794, 0.0, 0.0, -0.5, 0.006249999614197554
'2002-12-18', 32.900002, 32.91, 31.450001, 31.68, 3094400.0, 6.644064, -0.30999700000000274, 0.30000400000000127, 1.4435206893952617, 0.0, 0.0, -0.8, 0.00451250849351129
'2002-12-17', 33.209999, 33.259998, 32.759998, 33.049999, 2693200.0, 6.931386, 0.30999700000000274, 1.110001000000004, 1.4694924309210469, -1.0, 0.0, -1.0, 0.0
'2002-12-16', 32.900002, 33.939999, 32.540001, 33.27, 3036800.0, 6.977525, -0.04999899999999968, 1.850003000000001, 1.4607216117768727, 0.0, 0.0, -0.8, 0.009422400643015241
'2002-12-13', 32.950001, 33.049999, 32.34, 32.5, 1830000.0, 6.816038, 0.35000300000000095, 0.4500010000000003, 1.524100555154738, 0.0, 0.1, -0.5, 0.0039453413066664715
'2002-12-12', 32.599998, 33.439999, 32.259998, 33.240002, 3000800.0, 6.971234, 0.5, 0.389998999999996, 1.579541606500894, 0.0, 0.5, -0.1, 0.006237229421506958
'2002-12-11', 32.099998, 32.939999, 31.75, 32.310001, 2051600.0, 6.77619, 1.0499989999999997, -2.3800019999999975, 1.594837675090972, 0.0, 0.8, 0.0, 0.008644868139867205
'2002-12-10', 31.049999, 32.400002, 31.0, 32.209999, 5030800.0, 6.755217, -1.4500010000000003, -2.2999989999999997, 1.6428283955830345, 1.0, 1.0, 0.0, 0.013913043926346043
'2002-12-09', 32.5, 33.299999, 30.83, 30.950001, 8016800.0, 6.490965, 0.2900009999999966, -1.9099999999999966, 1.6356298730664067, 0.0, 0.8, 0.0, 0.00364102051282053
'2002-12-06', 32.209999, 33.990002, 32.110001, 33.91, 2293200.0, 7.111749, -2.2700009999999935, -3.4400029999999973, 1.6345765919651987, 0.0, 0.5, 0.0, 0.004435179984238523
'2002-12-05', 34.48, 34.48, 32.66, 33.029999, 2978000.0, 6.927191, 1.1300019999999975, -0.020000000000003126, 1.633896397858168, 0.0, 0.1, 0.0, -0.004604121954756357
'2002-12-04', 33.349998, 34.5, 33.02, 34.099998, 2688400.0, 7.151596, -1.0600019999999972, -0.15000200000000063, 1.6236386109943541, 0.0, 0.0, 0.0, -0.0004664301462460057
'2002-12-03', 34.41, 34.799999, 33.900002, 33.91, 2823600.0, 7.111749, -1.240002000000004, 1.130001, 1.6450784241894836, 0.0, 0.0, 0.0, -0.0034873612321999225
'2002-12-02', 35.650002, 35.700001, 34.02, 34.470001, 2783200.0, 7.229195, 1.1500020000000006, 2.990002000000004, 1.6370449704270376, 0.0, 0.0, 0.0, -0.0062221161879725635
'2002-11-29', 34.5, 34.560001, 34.0, 34.02, 1133600.0, 7.134818, 1.0, 0.7000010000000003, 1.4691664315448205, 0.0, 0.0, 0.0, -0.0031159444444444364
'2002-11-27', 33.5, 33.889999, 33.16, 33.889999, 3093200.0, 7.107554, 0.22000100000000344, 0.4599990000000034, 1.3629954393012305, 0.0, 0.0, -0.1, -0.000665903559127432
'2002-11-26', 33.279999, 33.849998, 32.34, 32.41, 3891600.0, 6.797162, 0.619999, 1.6799989999999951, 1.3780414486591541, 0.0, 0.0, -0.5, -0.00015024038912980477
'2002-11-25', 32.66, 33.279999, 31.83, 33.220001, 4265200.0, 6.967039, -1.139999000000003, 0.8399999999999963, 1.3705829103950737, 0.0, 0.0, -0.8, 0.001122676056338042
'2002-11-22', 33.799999, 34.150002, 32.5, 32.66, 3856800.0, 6.849593, 0.7599980000000031, 1.4399980000000028, 1.6385440995660208, -1.0, 0.0, -1.0, 0.0
'2002-11-21', 33.040001, 34.23, 33.040001, 33.75, 5511200.0, 7.078193, 1.4400009999999952, 1.9400009999999952, 1.7547036166829897, 0.0, 0.0, -0.8, 0.023002360078621158
'2002-11-20', 31.6, 32.75, 31.5, 32.540001, 2276400.0, 6.824427, -0.21999999999999886, 0.3500000000000014, 2.117496277105556, 0.0, 0.0, -0.5, 0.03481011075949364
'2002-11-19', 31.82, 32.209999, 31.200001, 31.5, 2088000.0, 6.606313, -0.5400009999999966, 1.3200000000000003, 2.3244074773824566, 0.0, 0.0, -0.1, 0.02074166142887072
'2002-11-18', 32.360001, 32.490002, 31.280001, 31.809999, 3922400.0, 6.671328, 1.2600009999999955, 2.7600009999999955, 2.474914841143322, 0.0, 0.0, 0.0, 0.011124829693299476
'2002-11-15', 31.1, 31.98, 30.860001, 31.5, 2958400.0, 6.606313, -0.14999999999999858, 1.360000000000003, 2.532434521606147, 0.0, 0.1, 0.0, 0.01736333762057877
'2002-11-14', 31.25, 31.75, 30.75, 31.08, 2671600.0, 6.518229, 0.75, 0.6499999999999986, 2.5764285456163925, 0.0, 0.5, 0.0, 0.013599994666666665
'2002-11-13', 30.5, 31.99, 29.92, 30.91, 3532400.0, 6.482576, 0.8999999999999986, -1.1000000000000014, 2.6440752522490523, 0.0, 0.8, 0.0, 0.015456669789227166
'2002-11-12', 29.6, 31.0, 29.200001, 30.5, 3786000.0, 6.396589, -0.13999999999999702, -0.7999999999999972, 2.669150885256776, 1.0, 1.0, 0.0, 0.017736482263513504
'2002-11-11', 29.74, 29.74, 28.0, 28.51, 2419600.0, 5.979238, -0.860000000000003, -1.0100000000000016, 2.718983428342358, 0.0, 0.8, 0.0, 0.015168493611297922
'2002-11-08', 30.6, 30.700001, 29.57, 29.74, 2066800.0, 6.237199, -1.0, -1.4499989999999983, 2.73524159227914, 0.0, 0.5, 0.0, 0.010457513071895418
'2002-11-07', 31.6, 31.799999, 30.4, 30.6, 2529600.0, 6.417562, 1.2000000000000028, 1.8500000000000014, 2.7039464780453266, 0.0, 0.1, 0.0, 0.006329111047180662
'2002-11-06', 30.4, 31.98, 30.4, 31.549999, 3129600.0, 6.616799, -0.3500000000000014, 0.6999989999999983, 2.633703008752412, 0.0, 0.0, 0.0, 0.009320172697368425
'2002-11-05', 30.75, 30.82, 30.110001, 30.48, 2498800.0, 6.392395, -1.2999989999999997, 0.04999899999999968, 2.6014757292481243, 0.0, 0.0, 0.0, 0.007629766103814883
'2002-11-04', 32.049999, 32.279999, 30.74, 30.75, 2715200.0, 6.44902, 2.2999989999999997, 2.25, 2.5607872827794265, 0.0, 0.0, 0.0, 0.0039001561279299888
'2002-11-01', 29.75, 31.639999, 29.5, 31.4, 4704800.0, 6.585341, 0.04999899999999968, -2.5, 2.4419243332531266, 0.0, 0.0, 0.0, 0.00907562801120448
'2002-10-31', 29.700001, 30.15, 29.530001, 29.75, 3069200.0, 6.239296, -1.0, -1.7999989999999997, 2.4182952326105878, 0.0, 0.0, -0.1, 0.008627941628688832
'2002-10-30', 30.700001, 30.91, 29.5, 29.66, 2179200.0, 6.220421, 0.9000020000000006, -1.3399999999999963, 2.3956642374646457, 0.0, 0.0, -0.5, 0.005939831191843013
'2002-10-29', 29.799999, 30.700001, 28.99, 30.67, 4116400.0, 6.432242, -2.4500010000000003, 0.3999990000000011, 2.3306284863864315, 0.0, 0.0, -0.8, 0.0074571218013202685
'2002-10-28', 32.25, 32.490002, 30.51, 30.700001, 3499600.0, 6.438534, 0.75, 2.7600000000000016, 2.315965855908437, -1.0, 0.0, -1.0, 0.0
'2002-10-25', 31.5, 32.240002, 31.309999, 31.870001, 3856800.0, 6.683911, -0.5400009999999966, 2.7000010000000003, 2.1620545923728116, 0.0, 0.0, -0.8, 0.023809523809523808
'2002-10-24', 32.040001, 33.09, 31.75, 31.889999, 11252400.0, 6.688106, 2.640000999999998, 2.410001999999995, 2.0291032553323634, 0.0, 0.1, -0.5, 0.0032771378502766493
'2002-10-23', 29.4, 31.790001, 29.15, 31.790001, 7223200.0, 6.667134, -0.08999999999999986, -0.30000100000000174, 1.855627781444065, 0.0, 0.5, -0.1, 0.03231292517006805
'2002-10-22', 29.49, 30.690001, 29.200001, 29.4, 7862400.0, 6.165892, 0.6900009999999988, 1.2399999999999984, 1.8596209343544305, 0.0, 0.8, -0.1, 0.02339776195320449
'2002-10-21', 28.799999, 30.24, 28.6, 29.42, 3520400.0, 6.170087, -0.8300000000000018, 0.2999989999999997, 1.8641835025913331, 1.0, 1.0, -0.5, 0.023958341109664622
'2002-10-18', 29.629999, 29.700001, 28.9, 29.16, 2871200.0, 6.115559, -0.07000199999999879, 4.330000000000002, 1.8701343425303543, 0.0, 0.8, -0.8, 0.014737321905860782
'2002-10-17', 29.700001, 29.700001, 28.700001, 29.629999, 4674400.0, 6.214129, 1.4500010000000003, 4.200001, 1.8228928333040892, -1.0, 0.5, -1.0, 0.0
'2002-10-16', 28.25, 28.85, 27.0, 27.84, 3736800.0, 5.838723, -0.25, 5.34, 1.7751369984752854, 0.0, 0.1, -0.8, 0.05132746902654868
'2002-10-15', 28.5, 29.200001, 27.799999, 28.98, 5940400.0, 6.077808, 3.2000010000000003, 4.299999, 1.771740656203603, 0.0, 0.1, -0.5, 0.021052649122807025
'2002-10-14', 25.299999, 26.700001, 25.0, 26.18, 1736400.0, 5.49058, -0.20000100000000032, 0.9799989999999994, 1.7676563484079795, 0.0, 0.5, -0.1, 0.05797104313456034
'2002-10-11', 25.5, 26.059999, 25.0, 25.5, 3088000.0, 5.347968, 2.59, 0.5, 1.822084998993156, 0.0, 0.8, 0.0, 0.041176480392156864
'2002-10-10', 22.91, 24.799999, 22.5, 24.280001, 2871200.0, 5.092105, -1.2900010000000002, -2.84, 1.8261988054122757, 1.0, 1.0, 0.0, 0.05927543430816238
'2002-10-09', 24.200001, 24.58, 23.58, 23.59, 1702800.0, 4.947395, -0.11999899999999997, -0.619999, 1.6770736179032308, 0.0, 0.8, 0.0, 0.037878786313548775
'2002-10-08', 24.32, 24.870001, 23.51, 24.700001, 2815600.0, 5.180189, -0.6799999999999997, -1.649999000000001, 1.6054955983746355, 0.0, 0.5, 0.0, 0.031602449483082704
'2002-10-07', 25.0, 25.0, 22.799999, 23.719999, 4616400.0, 4.974659, -0.75, -0.5, 1.5274793008527685, 0.0, 0.1, 0.0, 0.023500005
'2002-10-04', 25.75, 25.75, 24.200001, 24.99, 3736400.0, 5.241009, 0.9299999999999997, -0.5499989999999997, 1.478366109926126, 0.0, 0.0, 0.0, 0.01704423300970874
'2002-10-03', 24.82, 25.299999, 24.700001, 25.09, 4438400.0, 5.261981, -1.149999000000001, -3.0799999999999983, 1.454209422958942, 0.0, 0.0, 0.0, 0.019661567284448025
'2002-10-02', 25.969999, 25.969999, 24.4, 24.809999, 3882800.0, 5.203258, 0.4699990000000014, -1.6200009999999985, 1.3823824255732262, 0.0, 0.0, 0.0, 0.0130570313425538
'2002-10-01', 25.5, 25.5, 22.52, 25.41, 9968400.0, 5.329093, -0.7999989999999997, -2.0, 1.3606242348603255, 0.0, 0.0, 0.0, 0.013725493464052288
'2002-09-30', 26.299999, 26.6, 25.6, 25.6, 4289200.0, 5.36894, -1.600000999999999, -0.4500010000000003, 1.3158799709701328, 0.0, 0.0, 0.0, 0.009944434423157789
'2002-09-27', 27.9, 28.0, 27.01, 27.110001, 2670000.0, 5.685624, 0.3099999999999987, 0.27000099999999705, 1.302003423412591, 0.0, 0.0, 0.0, 0.004608297491039431
'2002-09-26', 27.59, 28.15, 27.299999, 28.09, 2574000.0, 5.891154, 0.08999999999999986, -0.9400009999999988, 1.3450797636490213, 0.0, 0.0, 0.0, 0.005098468043977287
'2002-09-25', 27.5, 27.75, 26.91, 27.66, 2574800.0, 5.800972, 0.75, -1.0700000000000003, 1.4182565206620166, 0.0, 0.0, 0.0, 0.005000002272727274
'2002-09-24', 26.75, 27.35, 26.549999, 26.76, 3343600.0, 5.612221, -0.8799990000000015, -1.3500000000000014, 1.5487531146916294, 0.0, 0.0, 0.0, 0.00648708301264431
'2002-09-23', 27.629999, 27.879999, 27.0, 27.5, 3136800.0, 5.767416, -0.9000019999999971, -1.650001999999997, 1.6195558635832923, 0.0, 0.0, 0.0, 0.004162146770657177
'2002-09-20', 28.530001, 28.870001, 27.700001, 28.139999, 2178000.0, 5.90164, -0.03999900000000167, -0.3199990000000028, 1.7450662488666906, 0.0, 0.0, 0.0, 0.0021583927518411634
'2002-09-19', 28.57, 29.0, 28.389999, 28.530001, 1773200.0, 5.983432, 0.46999999999999886, 0.7700010000000006, 1.849451018780156, 0.0, 0.0, 0.0, 0.0019776006300315017
'2002-09-18', 28.1, 29.200001, 28.0, 29.059999, 2609600.0, 6.094586, -1.1800009999999972, -0.75, 1.882095887379062, 0.0, 0.0, 0.0, 0.0027114065412641906
'2002-09-17', 29.280001, 29.5, 28.309999, 28.43, 3318800.0, 5.96246, 0.4300009999999972, -0.2199990000000014, 1.9830926756682803, 0.0, 0.0, 0.0, 0.0006520119002355624
'2002-09-16', 28.85, 29.969999, 28.83, 29.030001, 6320400.0, 6.088295, 1.0500010000000017, -0.75, 2.056635298475056, 0.0, 0.0, 0.0, 0.001280990128852383
'2002-09-13', 27.799999, 29.040001, 27.209999, 28.98, 2984000.0, 6.077808, -1.0500010000000017, -1.2000010000000003, 2.1156257536300016, 0.0, 0.0, -0.1, 0.0028477249225800343
'2002-09-12', 28.85, 28.85, 27.83, 28.049999, 4111600.0, 5.882765, -0.6499999999999986, 0.8500000000000014, 2.161760986258983, 0.0, 0.0, -0.5, 0.0011785109185441925
'2002-09-11', 29.5, 29.6, 29.1, 29.25, 1950000.0, 6.134434, -0.10000000000000142, 1.2000010000000003, 2.122656562706341, 0.0, 0.0, -0.8, 0.000260757496740548
'2002-09-10', 29.6, 29.700001, 28.969999, 29.35, 2085600.0, 6.155406, 0.6000000000000014, 3.479999000000003, 2.000057290735082, -1.0, 0.0, -1.0, 0.0
'2002-09-09', 29.0, 29.48, 28.98, 29.360001, 2573600.0, 6.157504, 1.0, 3.3099990000000012, 1.8844851196606875, 0.0, 0.0, -0.8, 0.02068965517241384
'2002-09-06', 28.0, 29.389999, 28.0, 29.18, 3699600.0, 6.119753, -0.2999989999999997, 3.9800000000000004, 1.8689883626057946, 0.0, 0.0, -0.5, 0.0285714285714286
'2002-09-05', 28.299999, 28.889999, 27.469999, 27.719999, 5051200.0, 5.813556, 2.179998000000001, 2.9499989999999983, 1.9044688774564853, 0.0, 0.1, -0.1, 0.015312144239533976
'2002-09-04', 26.120001, 28.9, 26.0, 28.9, 7504000.0, 6.06103, 0.4299999999999997, 0.07000199999999879, 2.1769449255423927, 0.0, 0.5, 0.0, 0.03330779926080404
'2002-09-03', 25.690001, 26.120001, 24.9, 26.120001, 8285600.0, 5.477997, 1.6700009999999992, -0.30999900000000125, 2.3565478540064824, 0.0, 0.8, 0.0, 0.03043985089763136
'2002-08-30', 24.02, 25.299999, 24.02, 24.629999, 3006000.0, 5.165508, -1.3300000000000018, -2.379999999999999, 2.514343653330774, 1.0, 1.0, 0.0, 0.03871773522064947
'2002-08-29', 25.35, 25.35, 25.01, 25.01, 3590400.0, 5.245203, -0.6999989999999983, -1.25, 2.6498637632150697, 0.0, 0.8, 0.0, 0.02395040856579318
'2002-08-28', 26.049999, 26.299999, 25.65, 25.719999, 3953600.0, 5.394107, 0.04999899999999968, -0.9200000000000017, 2.690870888706711, 0.0, 0.5, 0.0, 0.017034554396719945
'2002-08-27', 26.0, 26.9, 25.9, 26.52, 4786000.0, 5.561887, -0.3999999999999986, -1.3899989999999995, 2.6801310396820144, 0.0, 0.1, 0.0, 0.01538461538461539
'2002-08-26', 26.4, 26.91, 25.950001, 26.91, 2112000.0, 5.643679, -0.20000000000000284, -0.6000000000000014, 2.662386592864942, 0.0, 0.0, 0.0, 0.012121212121212132
'2002-08-23', 26.6, 26.9, 26.200001, 26.52, 2185600.0, 5.561887, -0.36999899999999997, -0.6600000000000001, 2.6068673445089217, 0.0, 0.0, 0.0, 0.010252904989747093
'2002-08-22', 26.969999, 27.15, 26.26, 27.0, 2893200.0, 5.662554, -0.41999999999999815, -0.010000999999999038, 2.5303759279074844, 0.0, 0.0, 0.0, 0.008126316578654674
'2002-08-21', 27.389999, 28.25, 26.59, 26.98, 4099200.0, 5.65836, 0.38999899999999954, 1.8899989999999995, 2.4475244000600327, 0.0, 0.0, 0.0, 0.006206647795900872
'2002-08-20', 27.0, 27.4, 26.17, 27.299999, 2983200.0, 5.725471, -0.26000000000000156, 2.1499999999999986, 2.3232815140515433, 0.0, 0.0, 0.0, 0.006878306878306882
'2002-08-19', 27.26, 27.299999, 26.620001, 27.25, 3198800.0, 5.714985, 0.28000000000000114, 3.460001000000002, 2.2691575519954705, 0.0, 0.0, 0.0, 0.005722670579603815
'2002-08-16', 26.98, 27.5, 26.610001, 27.26, 3780000.0, 5.717083, 1.4800000000000004, 2.4800000000000004, 2.188737840004363, 0.0, 0.0, 0.0, 0.006069310600444776
'2002-08-15', 25.5, 26.98, 25.5, 26.98, 4487200.0, 5.65836, 0.6499999999999986, 2.1000000000000014, 2.1174279787831427, 0.0, 0.0, 0.0, 0.00945790080738178
'2002-08-14', 24.85, 25.59, 23.9, 25.5, 4639600.0, 5.347968, 1.0500010000000017, 1.75, 5.480569700800607, 0.0, 0.0, 0.0, 0.010619271182651465
'2002-08-13', 23.799999, 25.43, 23.790001, 24.85, 4939600.0, 5.211647, -0.7000010000000003, -0.20000100000000032, 7.57982409752366, 0.0, 0.0, 0.0, 0.012826185855147132
'2002-08-12', 24.5, 24.5, 23.700001, 23.76, 3857600.0, 4.983048, 1.1000000000000014, 1.75, 9.33840590648701, 0.0, 0.0, 0.0, 0.010408163265306126
'2002-08-09', 23.4, 24.6, 23.02, 24.549999, 2612000.0, 5.14873, 0.29999999999999716, 1.2999999999999972, 10.738702947600352, 0.0, 0.0, 0.0, 0.012617012617012624
'2002-08-08', 23.1, 23.629999, 22.51, 23.469999, 2866400.0, 4.922228, -0.8999999999999986, 0.8999990000000011, 11.772116892961778, 0.0, 0.0, 0.0, 0.012790240062967334
'2002-08-07', 24.0, 24.34, 22.25, 23.200001, 3884000.0, 4.865602, 1.25, 1.2099989999999998, 12.41418661704604, 0.0, 0.0, 0.0, 0.010144927536231887
'2002-08-06', 22.75, 23.51, 22.0, 23.5, 4976400.0, 4.928519, 0.6499999999999986, -0.7699999999999996, 13.15686078110836, 0.0, 0.0, 0.0, 0.012545787545787548
'2002-08-05', 22.1, 22.15, 21.549999, 21.700001, 3686800.0, 4.551016, -0.1000009999999989, -2.770000999999997, 13.860777139115358, 0.0, 0.0, 0.0, 0.013574660633484163
'2002-08-02', 22.200001, 22.32, 21.799999, 22.32, 5260000.0, 4.681045, -0.5899999999999999, -1.0499989999999997, 14.369395949676475, 0.0, 0.0, -0.1, 0.012820510510510617
'2002-08-01', 22.790001, 22.790001, 21.799999, 22.32, 3848400.0, 4.681045, -0.7299989999999994, 1.2900010000000002, 14.857892519910859, 0.0, 0.0, -0.5, 0.011067230106097198
'2002-07-31', 23.52, 23.52, 22.0, 22.799999, 6842400.0, 4.781712, -1.350000999999999, 2.3199989999999993, 15.23403137078301, 0.0, 0.0, -0.8, 0.009232264334305153
'2002-07-30', 24.870001, 25.5, 23.0, 23.52, 7342800.0, 4.932714, 1.6200009999999985, 7.1200009999999985, 15.566582392259415, -1.0, 0.0, -1.0, 0.0
'2002-07-29', 23.25, 25.299999, 23.0, 24.719999, 7924000.0, 5.184383, 1.75, 4.200001, 15.797845230023572, 0.0, 0.0, -0.8, 0.06967746236559133
'2002-07-26', 21.5, 22.450001, 21.299999, 21.9, 3934000.0, 4.592961, 0.2999989999999997, 2.4800000000000004, 15.90236777490561, 0.0, 0.0, -0.5, 0.07837211627906973
'2002-07-25', 21.200001, 23.5, 20.0, 20.809999, 6919600.0, 4.364361, 3.4500010000000003, 1.890001999999999, 15.947861164296217, 0.0, 0.0, -0.1, 0.05770439979381759
'2002-07-24', 17.75, 21.059999, 17.190001, 21.01, 4628400.0, 4.406306, -1.2999989999999997, -2.959999, 15.91556827619146, 0.0, 0.0, 0.0, 0.1002817042253521
'2002-07-23', 19.049999, 19.049999, 17.75, 18.129999, 6565600.0, 3.8023, 0.02999900000000011, -2.4500010000000003, 15.735206129395207, 0.0, 0.0, 0.0, 0.06110238640957408
'2002-07-22', 19.02, 19.639999, 18.02, 19.219999, 3633200.0, 4.0309, -0.28999900000000167, -2.4800000000000004, 15.448159935974427, 0.0, 0.0, 0.0, 0.051261838415702754
'2002-07-19', 19.309999, 20.0, 19.0, 19.52, 5102800.0, 4.093817, -1.3999999999999986, -3.040001, 14.987413049638274, 0.0, 0.0, 0.0, 0.04113340451234614
'2002-07-18', 20.709999, 20.99, 20.25, 20.379999, 4496800.0, 4.27418, -0.7900010000000002, -2.4400009999999988, 14.444842810307415, 0.0, 0.0, 0.0, 0.025108656451407835
'2002-07-17', 21.5, 22.73, 20.110001, 20.700001, 4806400.0, 4.341292, 0.0, 0.2999989999999997, 13.817856065689497, 0.0, 0.0, 0.0, 0.017416025839793275
'2002-07-16', 21.5, 21.99, 20.5, 21.0, 3825200.0, 4.404209, -0.8500000000000014, -3.0, 13.166097425433284, 0.0, 0.0, 0.0, 0.015674423255813946
'2002-07-15', 22.35, 22.870001, 20.700001, 21.75, 5030000.0, 4.561502, -0.7999999999999972, -3.639999999999997, 12.46120817872279, 0.0, 0.0, 0.0, 0.01025015659955256
'2002-07-12', 23.15, 24.200001, 22.629999, 22.700001, 3744000.0, 4.76074, 1.9499989999999983, -2.6900000000000013, 11.660777040971395, 0.0, 0.0, 0.0, 0.006191508279337654
'2002-07-11', 21.200001, 23.299999, 21.200001, 23.209999, 7337600.0, 4.867699, -3.2999989999999997, -4.5099979999999995, 10.765315126425493, 0.0, 0.0, 0.0, 0.013316399952419445
'2002-07-10', 24.5, 24.51, 23.200001, 23.200001, 6991600.0, 4.865602, -1.4899999999999984, -26.409999999999997, 9.535954576968216, 0.0, 0.0, 0.0, 0.0010787201166180713
'2002-07-09', 25.99, 26.43, 24.5, 24.629999, 5236800.0, 5.165508, 0.14999999999999858, -26.710001000000002, 8.413286539761645, 0.0, 0.0, 0.0, -0.0028728972681800694
'2002-07-08', 25.84, 26.450001, 25.469999, 25.74, 3229600.0, 5.398302, 0.13000100000000003, -29.049999000000003, 7.11021205659712, 0.0, 0.0, 0.0, -0.002346166311919508
'2002-07-05', 25.709999, 26.0, 25.299999, 25.809999, 1957600.0, 5.412982, -25.200000999999997, -29.389999, 5.341743765783808, 0.0, 0.0, 0.0, -0.0019218844411010522
'2002-07-03', 50.91, 51.07, 48.509998, 50.43, 4806400.0, 5.288197, -1.7900010000000037, -2.7900010000000037, 2.127459085231628, 0.0, 0.0, 0.0, -0.028416158144001398
'2002-07-02', 52.700001, 52.700001, 49.869999, 51.16, 4111200.0, 5.364746, -2.1899980000000028, 2.5800020000000004, 2.3320172571881863, 0.0, 0.0, 0.0, -0.02779386744423901
'2002-07-01', 54.889999, 54.889999, 52.529999, 52.700001, 3272000.0, 5.526234, -0.20999899999999627, 1.5900000000000034, 2.568114340116569, 0.0, 0.1, 0.0, -0.027345598967855697
'2002-06-28', 55.099998, 55.290001, 54.220001, 54.900002, 4329600.0, 5.75693, 1.399996999999999, 0.19999599999999873, 2.7097252332419246, 0.0, 0.5, 0.0, -0.02612565733063487
'2002-06-27', 53.700001, 55.25, 53.549999, 55.099998, 5091200.0, 5.777902, 3.5800020000000004, 0.10000300000000095, 2.857944003957526, 0.0, 0.8, 0.0, -0.02440324992646733
'2002-06-26', 50.119999, 53.5, 48.990002, 53.200001, 8061600.0, 5.578665, -3.1799999999999997, -4.900001000000003, 2.9433810164429692, 1.0, 1.0, 0.0, -0.021903950955785137
'2002-06-25', 53.299999, 53.599998, 50.540001, 51.119999, 5895200.0, 5.360551, -1.600003000000001, -1.0, 2.912659202134545, 0.0, 0.8, 0.0, -0.02222482687100989
'2002-06-24', 54.900002, 54.900002, 50.75, 53.130001, 6535200.0, 5.571324, 1.3000040000000013, 0.17000200000000376, 2.9430433099167668, 0.0, 0.5, 0.0, -0.02187978135228483
'2002-06-21', 53.599998, 55.349998, 53.369999, 55.0, 4781600.0, 5.767416, -1.4200020000000038, 0.39999699999999905, 2.977028745813733, 0.0, 0.1, 0.0, -0.020615670258334422
'2002-06-20', 55.02, 55.5, 54.029999, 54.259998, 2784000.0, 5.689818, 0.7200010000000034, 2.5600009999999997, 2.97881219990287, 0.0, 0.0, 0.0, -0.020295649393486544
'2002-06-19', 54.299999, 56.0, 54.220001, 55.27, 2897600.0, 5.795729, -0.4300009999999972, 0.09999799999999937, 2.9799265370440096, 0.0, 0.0, 0.0, -0.019356747265186085
'2002-06-18', 54.73, 55.240002, 54.060001, 55.240002, 4792000.0, 5.792583, 1.5299989999999966, 0.2900009999999966, 2.979695203417305, 0.0, 0.0, 0.0, -0.01881335899746089
'2002-06-17', 53.200001, 55.200001, 53.150002, 54.73, 3872800.0, 5.739104, 0.7400019999999969, -3.649996999999999, 2.9877380855760207, 0.0, 0.0, 0.0, -0.017750626232757655
'2002-06-14', 52.459999, 53.099998, 51.099998, 52.459999, 4659200.0, 5.501067, -1.740001999999997, -2.490001999999997, 3.0227141470688963, 0.0, 0.0, -0.1, -0.016965305994075048
'2002-06-13', 54.200001, 54.200001, 52.299999, 52.459999, 3565600.0, 5.501067, -0.23999799999999993, 2.2000010000000003, 2.9980084855564226, 0.0, 0.0, -0.5, -0.016910746920465927
'2002-06-12', 54.439999, 55.09, 53.25, 54.189999, 4057600.0, 5.682478, -2.409998999999999, 2.4399990000000003, 2.9993782591288713, 0.0, 0.0, -0.8, -0.01645959885955445
'2002-06-11', 56.849998, 56.860001, 54.25, 54.439999, 6813600.0, 5.708693, 1.899996999999999, 9.849998, 2.998734562355994, -1.0, 0.0, -1.0, 0.0
'2002-06-10', 54.950001, 56.389999, 54.860001, 56.32, 5941600.0, 5.905834, 2.9500010000000003, 5.810001999999997, 2.978199364418678, 0.0, 0.1, -0.8, 0.03457683285574461
'2002-06-07', 52.0, 55.200001, 51.5, 54.799999, 6242400.0, 5.746444, 0.0, -0.9900019999999969, 3.004233810327131, 0.0, 0.5, -0.5, 0.046634596153846145
'2002-06-06', 52.0, 53.900002, 51.75, 52.830002, 8664800.0, 5.539866, 5.0, 0.5, 2.9593855892588086, 0.0, 0.8, -0.1, 0.031089730769230765
'2002-06-05', 47.0, 52.049999, 47.0, 52.0, 10935200.0, 5.45283, -2.139999000000003, -3.0, 2.914784271308664, 1.0, 1.0, 0.0, 0.05239360638297872
'2002-06-04', 49.139999, 49.779999, 47.599998, 47.860001, 10932000.0, 5.018701, -3.850002999999994, -2.860000999999997, 2.488183337618375, 0.0, 0.8, 0.0, 0.031379727948305396
'2002-06-03', 52.990002, 52.990002, 50.119999, 50.139999, 5036800.0, 5.257786, 1.490001999999997, -2.7099990000000034, 2.185307671092365, 0.0, 0.5, 0.0, 0.012140642430371433
'2002-05-31', 51.5, 52.599998, 51.349998, 52.259998, 4980000.0, 5.480094, 1.5, -1.9000020000000006, 2.124101562873523, 0.0, 0.1, 0.0, 0.014840493758668515
'2002-05-30', 50.0, 50.599998, 49.299999, 50.5, 8138400.0, 5.295537, -2.0, -4.549999, 1.9662063593466594, 0.0, 0.0, 0.0, 0.017124994999999997
'2002-05-29', 52.0, 52.0, 49.900002, 51.099998, 9713600.0, 5.358454, -3.7000010000000003, -3.25, 1.6488685567792374, 0.0, 0.0, 0.0, 0.010363243589743588
'2002-05-28', 55.700001, 55.98, 52.509998, 52.880001, 5386400.0, 5.545109, 2.2999989999999997, -3.3499979999999994, 1.5798503392205874, 0.0, 0.0, 0.0, 0.0020646265338487143
'2002-05-24', 53.400002, 55.599998, 53.0, 55.110001, 3622400.0, 5.778951, -1.149996999999999, -6.099997999999999, 1.6421948706133653, 0.0, 0.0, 0.0, 0.005873333113358308
'2002-05-23', 54.549999, 55.34, 51.75, 53.959999, 9894400.0, 5.65836, -0.7000010000000003, -4.049999, 1.6687268017203563, 0.0, 0.0, 0.0, 0.003513594625974848
'2002-05-22', 55.25, 55.849998, 53.799999, 54.389999, 7388000.0, 5.70345, -3.7999989999999997, -3.729999999999997, 1.6845012008972806, 0.0, 0.0, 0.0, 0.0022276338322311166
'2002-05-21', 59.049999, 59.060001, 56.900002, 56.900002, 3736800.0, 5.966655, -0.4500010000000003, 1.2000010000000003, 1.705255327171494, 0.0, 0.0, 0.0, -0.0026611842715091086
'2002-05-20', 59.5, 59.98, 59.02, 59.049999, 2228800.0, 6.192108, 0.9000020000000006, 2.0, 1.6261468813739701, 0.0, 0.0, 0.0, -0.002969189915966387
'2002-05-17', 58.599998, 60.18, 58.599998, 59.880001, 2868000.0, 6.279144, -0.3800019999999975, 1.6999959999999987, 1.7049909758321513, 0.0, 0.0, 0.0, -0.0018664676404937762
'2002-05-16', 58.98, 58.990002, 58.25, 58.349998, 2582400.0, 6.118704, 1.1300019999999975, 2.0299989999999966, 1.9033428069064255, 0.0, 0.0, 0.0, -0.0021243512257395304
'2002-05-15', 57.849998, 60.23, 57.400002, 58.98, 4919200.0, 6.184768, 0.34999799999999937, 2.25, 2.189991390125719, 0.0, 0.0, 0.0, -0.0009603380721906949
'2002-05-14', 57.5, 58.099998, 56.93, 58.099998, 3712000.0, 6.092489, 0.5999979999999994, 2.2999989999999997, 2.379605287886186, 0.0, 0.0, 0.0, -0.0005949675057208243
'2002-05-13', 56.900002, 56.98, 55.169998, 55.900002, 2092800.0, 5.861792, -0.04999899999999968, 2.1600000000000037, 2.4741205019163064, 0.0, 0.0, 0.0, -4.394024450122275e-05
'2002-05-10', 56.950001, 56.98, 55.82, 56.0, 2999200.0, 5.872279, 1.350003000000001, 1.1500020000000006, 2.5217597841812185, 0.0, 0.0, 0.0, -8.361804276434805e-05
'2002-05-09', 55.599998, 57.0, 55.599998, 56.700001, 3354400.0, 5.945682, 0.39999699999999905, -2.0, 2.512582805800155, 0.0, 0.0, 0.0, 0.0010219097816906724
'2002-05-08', 55.200001, 55.450001, 54.740002, 55.349998, 2860000.0, 5.804118, 0.4599990000000034, -0.649996999999999, 2.5485432929425746, 0.0, 0.0, -0.1, 0.0012996195416735583
'2002-05-07', 54.740002, 55.080002, 53.799999, 54.080002, 2213600.0, 5.670943, -1.0599970000000027, -1.009998000000003, 2.610671496995536, 0.0, 0.0, -0.5, 0.0016060741101178643
'2002-05-06', 55.799999, 56.52, 54.73, 54.73, 2333600.0, 5.739104, -1.7999989999999997, 1.2199969999999993, 2.6497452036589655, 0.0, 0.0, -0.8, 0.0007526874686861551
'2002-05-03', 57.599998, 57.75, 55.709999, 55.799999, 4264000.0, 5.851306, 1.75, 2.3499979999999994, 2.7155275268889185, -1.0, 0.1, -1.0, 0.0
'2002-05-02', 55.849998, 57.75, 55.810001, 57.099998, 4339200.0, 5.987627, 0.09999799999999937, -1.220002000000001, 2.609809117950155, 0.0, 0.5, -0.8, 0.03133393129217301
'2002-05-01', 55.75, 56.09, 54.48, 55.59, 4013600.0, 5.829285, 1.1699979999999996, -0.27999899999999656, 2.5669408398849, 0.0, 0.8, -0.5, 0.01659191031390134
'2002-04-30', 54.580002, 56.950001, 54.57, 56.0, 3180800.0, 5.872279, -0.6699979999999996, -2.019995999999999, 2.525651538378459, 1.0, 1.0, -0.1, 0.0184438493302608
'2002-04-29', 55.25, 55.25, 53.650002, 54.330002, 2636000.0, 5.697159, -1.8200000000000003, -1.25, 2.5095996490104704, 0.0, 0.8, 0.0, 0.01063347511312217
'2002-04-26', 57.07, 57.450001, 54.900002, 55.0, 2136800.0, 5.767416, 1.0400010000000037, 1.4000020000000006, 2.483356980679858, 0.0, 0.5, 0.0, 0.0018573611354476924
'2002-04-25', 56.029999, 57.189999, 55.919998, 56.82, 4359200.0, 5.958265, -0.5699990000000028, -0.06999900000000281, 2.396181046434384, 0.0, 0.1, 0.0, 0.004670114307872833
'2002-04-24', 56.599998, 56.98, 55.709999, 56.02, 5004800.0, 5.874376, 0.09999799999999937, 1.1999959999999987, 2.3960295020262947, 0.0, 0.0, 0.0, 0.0025239778781819544
'2002-04-23', 56.5, 56.849998, 55.299999, 56.599998, 6503200.0, 5.935196, 0.8300020000000004, 2.0, 2.375482693695514, 0.0, 0.0, 0.0, 0.002433623893805308
'2002-04-22', 55.669998, 55.779999, 53.75, 53.849998, 2428000.0, 5.646825, -0.4299999999999997, 2.769995999999999, 2.31368964384744, 0.0, 0.0, 0.0, 0.003852064885011212
'2002-04-19', 56.099998, 56.240002, 55.0, 55.419998, 1836000.0, 5.811458, 0.6999959999999987, 2.4499959999999987, 2.2025376345988996, 0.0, 0.0, 0.0, 0.0026737968867663773
'2002-04-18', 55.400002, 55.98, 54.759998, 55.889999, 1617600.0, 5.860744, 0.9000020000000006, 2.4500010000000003, 2.097795535456186, 0.0, 0.0, 0.0, 0.0036101016090872387
'2002-04-17', 54.5, 55.599998, 54.290001, 55.25, 2632800.0, 5.793632, 1.5999979999999994, 0.40000200000000063, 2.033928936560938, 0.0, 0.0, 0.0, 0.004740058103975534
'2002-04-16', 52.900002, 54.68, 52.900002, 54.459999, 977600.0, 5.710791, -0.75, -1.5, 1.9373282647335421, 0.0, 0.0, 0.0, 0.0068343693795352555
'2002-04-15', 53.650002, 54.049999, 52.32, 52.48, 1382400.0, 5.503164, 0.7000010000000003, -1.0999979999999994, 1.9051586314244364, 0.0, 0.0, 0.0, 0.00525894801324651
'2002-04-12', 52.950001, 53.470001, 52.52, 53.43, 1032800.0, 5.602783, -1.149996999999999, 1.850003000000001, 1.844711980470402, 0.0, 0.0, -0.1, 0.005854575904540586
'2002-04-11', 54.099998, 54.68, 52.509998, 52.75, 2114400.0, 5.531477, -0.30000400000000127, 4.199995999999999, 1.7988879447103885, 0.0, 0.0, -0.5, 0.004043438227114168
'2002-04-10', 54.400002, 54.799999, 53.0, 54.07, 2488000.0, 5.669895, -0.34999799999999937, 6.300004000000001, 1.7197721397330419, 0.0, 0.0, -0.8, 0.0034602031599838792
'2002-04-09', 54.75, 55.75, 54.200001, 54.599998, 4434400.0, 5.725471, 3.6500020000000006, 5.849997999999999, 1.845604571805292, -1.0, 0.1, -1.0, 0.0
'2002-04-08', 51.099998, 53.23, 50.919998, 52.990002, 2308000.0, 5.556644, 1.1999959999999987, 1.2899969999999996, 1.8856860737678287, 0.0, 0.5, -0.8, 0.07142861336315513
'2002-04-05', 49.900002, 52.5, 49.07, 51.599998, 2162400.0, 5.410885, 1.8000040000000013, -0.6999959999999987, 2.083418655021292, 0.0, 0.8, -0.5, 0.04859717240091493
'2002-04-04', 48.099998, 49.709999, 48.029999, 49.700001, 3926400.0, 5.211647, -0.8000040000000013, -3.4500010000000003, 2.252607453439391, 1.0, 1.0, -0.1, 0.04608456186075795
'2002-04-03', 48.900002, 49.599998, 48.099998, 48.110001, 2112000.0, 5.044916, -0.9099989999999991, -2.1999959999999987, 2.4745789600032366, 0.0, 0.8, 0.0, 0.029907964011944208
'2002-04-02', 49.810001, 50.189999, 48.82, 48.889999, 2072800.0, 5.126709, -0.7899969999999996, -0.5900010000000009, 2.682778627277974, 0.0, 0.5, 0.0, 0.019835370009328047
'2002-04-01', 50.599998, 50.610001, 48.25, 50.139999, 2224800.0, 5.257786, -0.9500010000000003, -0.35000300000000095, 2.8183539894022345, 0.0, 0.1, 0.0, 0.013669308840684145
'2002-03-28', 51.549999, 52.259998, 50.52, 50.709999, 1328000.0, 5.317558, 0.4500010000000003, 2.0499989999999997, 2.8938804515738994, 0.0, 0.0, 0.0, 0.008867953615285232
'2002-03-27', 51.099998, 52.889999, 51.0, 51.509998, 1983200.0, 5.401447, 0.6999959999999987, -0.9000020000000006, 2.9596028205489975, 0.0, 0.0, 0.0, 0.008928576670394392
'2002-03-26', 50.400002, 51.740002, 50.330002, 51.09, 1350400.0, 5.357406, -0.5499989999999997, -1.9099989999999991, 2.973833343481336, 0.0, 0.0, 0.0, 0.009589942300222747
'2002-03-25', 50.950001, 50.950001, 49.799999, 50.220001, 2048000.0, 5.266176, 1.4500010000000003, -0.9899979999999999, 3.037506410499199, 0.0, 0.0, 0.0, 0.0074582903344790905
'2002-03-22', 49.5, 51.48, 49.5, 50.91, 2634400.0, 5.33853, -2.5, -2.8300020000000004, 3.199949121797183, 0.0, 0.0, 0.0, 0.009641873278236915
'2002-03-21', 52.0, 52.009998, 49.0, 49.529999, 3439200.0, 5.19382, -0.31000099999999975, 0.5999979999999994, 3.3713082010600885, 0.0, 0.0, 0.0, 0.004407051282051282
'2002-03-20', 52.310001, 53.34, 52.0, 52.02, 1878400.0, 5.454927, 0.3700019999999995, 2.3100009999999997, 3.3291642306543476, 0.0, 0.0, 0.0, 0.003588075457487198
'2002-03-19', 51.939999, 52.810001, 51.799999, 52.549999, 2197600.0, 5.510504, -0.3900030000000001, 3.180000999999997, 3.2397655731174804, 0.0, 0.0, 0.0, 0.0038643504237044195
'2002-03-18', 52.330002, 52.700001, 50.450001, 51.259998, 1884000.0, 5.375232, 0.9299999999999997, 4.330002, 3.105815638808649, 0.0, 0.0, 0.0, 0.003082996251366472
'2002-03-15', 51.400002, 52.200001, 50.950001, 52.080002, 2908000.0, 5.461219, 1.4000020000000006, 3.1500020000000006, 2.929435509294023, 0.0, 0.0, 0.0, 0.004073440989360272
'2002-03-14', 50.0, 50.939999, 49.77, 50.700001, 2806400.0, 5.316509, 1.240001999999997, -0.4799999999999969, 2.786544597645666, 0.0, 0.0, 0.0, 0.005588235294117647
'2002-03-13', 48.759998, 50.5, 48.75, 49.830002, 4332800.0, 5.225279, 0.7599980000000031, 0.25999800000000306, 2.7031998078001034, 0.0, 0.0, -0.1, 0.006824813423677513
'2002-03-12', 48.0, 49.419998, 47.130001, 48.950001, 2515200.0, 5.133001, -0.25, 0.00999800000000306, 2.6631007336731587, 0.0, 0.0, -0.5, 0.007401315789473684
'2002-03-11', 48.25, 48.599998, 47.830002, 48.0, 2793600.0, 5.033382, -2.229999999999997, -3.630001, 2.6487012407848076, 0.0, 0.1, -0.8, 0.006735751295336788
'2002-03-08', 50.48, 51.0, 47.799999, 48.130001, 1686400.0, 5.047014, 1.9799999999999969, 0.07999799999999624, 2.6311721936897454, -1.0, 0.5, -1.0, 0.0
'2002-03-07', 48.5, 50.349998, 48.369999, 49.98, 3468000.0, 5.241009, 0.5099980000000031, -1.1500020000000006, 2.530240800872856, 0.0, 0.8, -0.8, 0.04082474226804117
'2002-03-06', 47.990002, 47.990002, 46.450001, 47.720001, 5020800.0, 5.00402, -3.889999000000003, -2.389999000000003, 2.520314152429229, 1.0, 1.0, -0.8, 0.02594288285297425
'2002-03-05', 51.880001, 51.880001, 47.540001, 48.0, 6778400.0, 5.033382, 1.4799989999999994, 3.380001, 2.528297599361103, -1.0, 0.8, -1.0, 0.0
'2002-03-04', 50.400002, 53.009998, 50.400002, 51.880001, 3028000.0, 5.440247, 0.75, 5.600003000000001, 2.288071961718397, 0.0, 0.5, -0.8, 0.029365058358529417
'2002-03-01', 49.650002, 49.990002, 49.419998, 49.900002, 2127200.0, 5.23262, -0.7299989999999994, 4.900002000000001, 2.1388073975314117, 0.0, 0.1, -0.5, 0.022457189427706362
'2002-02-28', 50.380001, 50.799999, 49.259998, 49.860001, 3543200.0, 5.228425, 1.880001, 5.729998999999999, 2.0086108122618227, 0.0, 0.5, -0.1, 0.00992457304635623
'2002-02-27', 48.5, 50.5, 48.02, 49.880001, 11186400.0, 5.230522, 3.7000010000000003, 3.7000010000000003, 1.8108515601541935, 0.0, 0.8, 0.0, 0.01742268556701031
'2002-02-26', 44.799999, 45.439999, 44.279999, 45.349998, 1426400.0, 4.755497, 0.04999899999999968, 1.2000010000000003, 1.7061297584369464, 1.0, 1.0, 0.0, 0.03160715249123108
'2002-02-25', 44.75, 45.220001, 44.18, 44.200001, 1965600.0, 4.634906, 0.09999799999999937, 1.25, 1.745666673872343, 0.0, 0.8, 0.0, 0.026554938547486032
'2002-02-22', 44.650002, 45.0, 43.299999, 44.75, 1557600.0, 4.69258, -0.14999699999999905, 0.4500010000000003, 1.8130076014554366, 0.0, 0.5, 0.0, 0.02313229459653775
'2002-02-21', 44.799999, 45.5, 44.549999, 44.740002, 1078400.0, 4.691531, 1.2000010000000003, 0.00999800000000306, 1.8092775288132357, 0.0, 0.1, 0.0, 0.019754470307019427
'2002-02-20', 43.599998, 44.900002, 43.599998, 44.830002, 1923200.0, 4.700969, 0.09999799999999937, -0.480004000000001, 1.8372610135203524, 0.0, 0.0, 0.0, 0.021100926044384988
'2002-02-19', 43.5, 43.849998, 43.099998, 43.529999, 1686400.0, 4.564648, -0.7000010000000003, -1.7000010000000003, 1.9987738636422774, 0.0, 0.0, 0.0, 0.019264370114942527
'2002-02-15', 44.200001, 44.389999, 43.110001, 44.080002, 1203200.0, 4.622322, -0.5899999999999963, 0.10000300000000095, 2.204323800020103, 0.0, 0.0, -0.1, 0.015795968379770358
'2002-02-14', 44.790001, 44.900002, 44.25, 44.27, 1089600.0, 4.642246, 0.7099989999999963, 3.1900029999999973, 2.393177498130318, 0.0, 0.0, -0.5, 0.013191188214827985
'2002-02-13', 44.080002, 44.540001, 43.759998, 44.540001, 1977600.0, 4.670559, -1.119999, 2.5800020000000004, 2.486197242238196, 0.0, 0.0, -0.8, 0.013611612882343405
'2002-02-12', 45.200001, 45.200001, 44.0, 44.0, 4300800.0, 4.613933, 1.100003000000001, 1.5, 2.597935523783246, -1.0, 0.1, -1.0, 0.0
'2002-02-11', 44.099998, 45.5, 44.099998, 45.34, 3132000.0, 4.754448, 2.5, 0.18999800000000278, 2.6998956674289607, 0.0, 0.5, -0.8, 0.024943379816026318
'2002-02-08', 41.599998, 44.0, 41.599998, 43.599998, 3860800.0, 4.571988, 0.09999799999999937, -4.390003999999998, 2.747286792916792, 0.0, 0.8, -0.5, 0.0432692689071764
'2002-02-07', 41.5, 42.450001, 41.5, 42.130001, 3537600.0, 4.417841, -2.2000010000000003, -4.25, 2.8635683619144214, 1.0, 1.0, -0.1, 0.02971888353413655
'2002-02-06', 43.700001, 44.099998, 42.529999, 42.799999, 4720000.0, 4.488098, -0.20999899999999627, -3.1899980000000028, 2.9301598567544165, 0.0, 0.8, 0.0, 0.008581235501573558
'2002-02-05', 43.91, 44.240002, 43.599998, 43.799999, 3908000.0, 4.592961, -2.0800020000000004, -2.139999000000003, 3.0938540057492405, 0.0, 0.5, 0.0, 0.005875659303120035
'2002-02-04', 45.990002, 45.990002, 43.720001, 43.919998, 4307200.0, 4.605544, 0.24000199999999694, -0.6099960000000024, 3.1269535335071694, 0.0, 0.1, 0.0, -0.0028629447185788944
'2002-02-01', 45.75, 47.5, 45.299999, 45.919998, 7473600.0, 4.815268, -1.139999000000003, 0.7999989999999997, 3.0614132219362653, 0.0, 0.0, 0.0, -0.0017174051522248234
'2002-01-31', 46.889999, 46.889999, 45.82, 46.150002, 1511200.0, 4.839387, 0.8400000000000034, 2.4399980000000028, 3.0819608696956347, 0.0, 0.0, 0.0, -0.004505219759121776
'2002-01-30', 46.049999, 46.98, 44.5, 46.900002, 2295200.0, 4.918033, -0.5499989999999997, 2.75, 3.077554337565544, 0.0, 0.0, 0.0, -0.002050906064563045
'2002-01-29', 46.599998, 46.700001, 45.759998, 46.16, 6467200.0, 4.840435, 1.649996999999999, 3.649996999999999, 3.1307022376247273, 0.0, 0.0, 0.0, -0.003004285536664613
'2002-01-28', 44.950001, 46.66, 44.860001, 46.66, 6645600.0, 4.892866, 0.5, 2.350003000000001, 3.0680065162181855, 0.0, 0.0, 0.0, 0.000505612285242724
'2002-01-25', 44.450001, 44.450001, 43.860001, 44.290001, 3641600.0, 4.644343, 1.1500020000000006, 2.5499989999999997, 3.058434659466176, 0.0, 0.0, 0.0, 0.0014060742090871942
'2002-01-24', 43.299999, 44.950001, 43.299999, 44.43, 5752800.0, 4.659024, 0.34999799999999937, 1.7999989999999997, 3.024097225289182, 0.0, 0.0, 0.0, 0.003375381140309034
'2002-01-23', 42.950001, 43.0, 41.48, 43.0, 5142400.0, 4.509071, 0.35000300000000095, 1.5300030000000007, 2.9654337864807756, 0.0, 0.0, 0.0, 0.0037418924789847084
'2002-01-22', 42.599998, 42.650002, 41.849998, 42.23, 2789600.0, 4.428327, 0.6999959999999987, 2.2199969999999993, 2.87155970619175, 0.0, 0.0, 0.0, 0.004068862475846441
'2002-01-18', 41.900002, 42.25, 41.599998, 42.25, 3268800.0, 4.430424, 0.40000200000000063, 1.0500040000000013, 2.776280057239192, 0.0, 0.0, 0.0, 0.004922432640934002
'2002-01-17', 41.5, 42.139999, 41.299999, 42.110001, 3174400.0, 4.415744, 0.08000200000000035, 0.0, 2.761469587794292, 0.0, 0.0, 0.0, 0.005244508858965273
'2002-01-16', 41.419998, 41.740002, 40.75, 41.099998, 3860000.0, 4.309833, 1.0399969999999996, 0.6699979999999996, 2.817276722593714, 0.0, 0.0, 0.0, 0.0050700187543868715
'2002-01-15', 40.380001, 41.48, 40.380001, 41.419998, 1356800.0, 4.343389, -0.46999699999999933, -2.2700010000000006, 2.8084505529723174, 0.0, 0.0, 0.0, 0.006282422096183599
'2002-01-14', 40.849998, 40.950001, 40.259998, 40.299999, 1777600.0, 4.225943, -0.6500020000000006, -0.40000200000000063, 2.8248641296532724, 0.0, 0.0, -0.1, 0.00532436133779003
'2002-01-11', 41.5, 41.5, 40.869999, 40.939999, 2564000.0, 4.293055, 0.75, 2.5, 2.8232534955735793, 0.0, 0.0, -0.5, 0.004245554790590936
'2002-01-10', 40.75, 42.0, 40.75, 41.509998, 2899200.0, 4.352826, -1.9000020000000006, 2.7000010000000003, 2.742632119406812, 0.0, 0.0, -0.8, 0.004963749023982153
'2002-01-09', 42.650002, 42.689999, 40.259998, 40.650002, 6316000.0, 4.262645, 1.4000020000000006, 4.950001, 2.67486649301766, -1.0, 0.0, -1.0, 0.0
'2002-01-08', 41.25, 43.509998, 41.23, 42.099998, 7367200.0, 4.414695, 2.25, 2.729999999999997, 2.4102119660869037, 0.0, 0.1, -0.8, 0.03393944242424244
'2002-01-07', 39.0, 40.360001, 39.0, 40.25, 2712000.0, 4.2207, 0.9500010000000003, 0.869999, 2.218782431635692, 0.0, 0.5, -0.5, 0.046794897435897445
'2002-01-04', 38.049999, 39.130001, 38.0, 38.91, 3583200.0, 4.080185, 0.34999799999999937, 0.7000010000000003, 2.14295640880684, 0.0, 0.8, -0.1, 0.04029788104155623
'2002-01-03', 37.700001, 38.48, 37.470001, 38.040001, 2372800.0, 3.988955, -0.8199990000000028, -0.9500010000000003, 2.1184232578347677, 1.0, 1.0, 0.0, 0.03282493944761434
'2002-01-02', 38.52, 38.990002, 37.509998, 37.950001, 1868000.0, 3.979517, 0.3899990000000031, 1.0299980000000062, 2.0928532544197287, 0.0, 0.8, 0.0, 0.021443416407061253
'2001-12-31', 38.130001, 39.349998, 37.950001, 38.98, 2259200.0, 4.087525, 0.7800030000000007, -0.25999800000000306, 1.9850402895888324, 0.0, 0.5, 0.0, 0.019756975616129675
'2001-12-28', 37.349998, 38.5, 37.349998, 38.380001, 2138400.0, 4.024608, -1.3000040000000013, 1.5499989999999997, 1.9139602109999687, 0.0, 0.1, -0.1, 0.020271578825022396
'2001-12-27', 38.650002, 38.950001, 37.209999, 37.220001, 1714400.0, 3.902968, 1.1600000000000037, 0.8000040000000013, 1.8806293855166338, 0.0, 0.0, -0.5, 0.012936609938597157
'2001-12-26', 37.490002, 38.799999, 37.400002, 38.639999, 1109600.0, 4.051872, -0.8999970000000062, -0.30999700000000274, 1.784230066244479, 0.0, 0.0, -0.8, 0.015292966197583392
'2001-12-24', 38.389999, 38.389999, 37.349998, 37.490002, 829600.0, 3.931281, 2.5900000000000034, 2.819999000000003, 1.751138397412006, -1.0, 0.0, -1.0, 0.0
'2001-12-21', 35.799999, 38.400002, 35.799999, 38.25, 5320800.0, 4.010976, -2.0499989999999997, 1.7000010000000003, 1.5789072161050064, 0.0, 0.0, -0.8, 0.07234637073593224
'2001-12-20', 37.849998, 38.5, 36.27, 36.68, 5276800.0, 3.846342, 0.04999899999999968, 4.599997999999999, 1.5469625113972667, 0.0, 0.0, -0.5, 0.007133434987235716
'2001-12-19', 37.799999, 38.0, 37.0, 37.849998, 4325600.0, 3.969031, 2.2299989999999994, 4.299999, 1.3795636565642135, 0.0, 0.1, -0.1, 0.00520282200712936
'2001-12-18', 35.57, 38.0, 35.549999, 37.98, 8343200.0, 3.982663, 1.470002000000001, 1.970002000000001, 1.2661229867598416, 0.0, 0.5, 0.0, 0.019820066066910336
'2001-12-17', 34.099998, 35.5, 34.0, 35.07, 4124000.0, 3.677514, 0.8499979999999994, 0.2999989999999997, 1.3809886864777132, 0.0, 0.8, 0.0, 0.02516129766341924
'2001-12-14', 33.25, 34.150002, 33.099998, 33.91, 3520800.0, 3.555874, -0.25, -1.75, 1.7420846061611832, 1.0, 1.0, 0.0, 0.02576440601503761
'2001-12-13', 33.5, 33.610001, 33.049999, 33.200001, 2570400.0, 3.481422, -0.09999799999999937, -2.4000020000000006, 1.9277202970582719, 0.0, 0.8, 0.0, 0.020852874200426454
'2001-12-12', 33.599998, 33.740002, 33.099998, 33.099998, 2034400.0, 3.470936, -0.20000100000000032, -2.25, 2.166929498499711, 0.0, 0.5, -0.1, 0.017819945257139612
'2001-12-11', 33.799999, 33.799999, 32.900002, 33.25, 9067200.0, 3.486665, -1.2000010000000003, -0.1800009999999972, 2.3829820425399855, 0.0, 0.1, -0.5, 0.015088757842862668
'2001-12-10', 35.0, 35.0, 33.400002, 33.779999, 3920000.0, 3.542242, -0.9000020000000006, 2.5299989999999966, 2.389134958599307, 0.0, 0.0, -0.8, 0.009685711428571437
'2001-12-07', 35.900002, 35.900002, 34.52, 35.0, 2050400.0, 3.670174, 0.05000400000000127, 2.7100030000000004, 2.3954196866940274, -1.0, 0.1, -1.0, 0.0
'2001-12-06', 35.849998, 35.98, 35.32, 35.939999, 2488800.0, 3.768744, 1.8699980000000025, 2.6999959999999987, 2.3111448783908686, 0.0, 0.5, -0.8, 0.001394811793294975
'2001-12-05', 33.98, 35.799999, 33.799999, 35.189999, 6648800.0, 3.690098, 1.5099989999999934, 1.3999979999999965, 2.1880736683619277, 0.0, 0.8, -0.5, 0.02825194231901124
'2001-12-04', 32.470001, 32.77, 32.330002, 32.650002, 3105600.0, 3.423748, -0.7199979999999968, -0.4300009999999972, 2.177553640069246, 1.0, 1.0, -0.1, 0.03521199973682371
'2001-12-03', 33.189999, 33.189999, 32.0, 32.470001, 3068800.0, 3.404873, 0.039996999999999616, 0.23999799999999993, 2.286401813000053, 0.0, 0.8, 0.0, 0.020412798144404887
'2001-11-30', 33.150002, 33.740002, 32.68, 33.0, 2558400.0, 3.46045, 0.5700000000000003, -0.3199990000000028, 2.4297506835066396, 0.0, 0.5, 0.0, 0.016591250884389088
'2001-11-29', 32.580002, 33.200001, 32.299999, 33.200001, 3699200.0, 3.481422, -0.3200000000000003, -0.619999, 2.596005363288591, 0.0, 0.1, 0.0, 0.016983833620800068
'2001-11-28', 32.900002, 32.950001, 32.200001, 32.580002, 1370400.0, 3.416408, -0.04999899999999968, -0.5999979999999994, 2.6941564240656404, 0.0, 0.0, 0.0, 0.013026486398737257
'2001-11-27', 32.950001, 33.349998, 32.389999, 33.110001, 2256800.0, 3.471985, -0.5200000000000031, 0.04999899999999968, 2.76152469151869, 0.0, 0.0, 0.0, 0.011191202240024213
'2001-11-26', 33.470001, 33.490002, 32.32, 32.950001, 1951200.0, 3.455207, 0.2700000000000031, 0.47000100000000344, 2.7769345578414453, 0.0, 0.0, 0.0, 0.008066928683722201
'2001-11-23', 33.200001, 33.490002, 32.849998, 33.459999, 405600.0, 3.508686, -0.2999989999999997, -1.2000010000000003, 2.752927182735707, 0.0, 0.0, 0.0, 0.008132532887574312
'2001-11-21', 33.5, 33.5, 32.32, 33.200001, 3078400.0, 3.481422, 0.5999979999999994, 0.6500020000000006, 2.7722537989634684, 0.0, 0.0, -0.1, 0.006512895522388061
'2001-11-20', 32.900002, 33.099998, 32.099998, 33.02, 3115200.0, 3.462547, -0.09999799999999937, 0.40000200000000063, 2.8270196605221005, 0.0, 0.0, -0.5, 0.007598783732596734
'2001-11-19', 33.0, 33.59, 32.349998, 32.650002, 4748000.0, 3.423748, -1.4000020000000006, 1.5, 2.8533322691899463, 0.0, 0.0, -0.8, 0.006759911421911424
'2001-11-16', 34.400002, 34.490002, 32.700001, 33.0, 3545600.0, 3.46045, 1.5500040000000013, 3.100003000000001, 2.8643793865921476, -1.0, 0.0, -1.0, 0.0
'2001-11-15', 32.849998, 34.0, 32.57, 34.0, 1616000.0, 3.565312, 0.34999799999999937, 0.649996999999999, 2.7694527549320207, 0.0, 0.1, -0.8, 0.04718429511015499
'2001-11-14', 32.5, 32.799999, 32.200001, 32.799999, 6792800.0, 3.439477, 1.0, -0.15000200000000063, 2.6899175576958583, 0.0, 0.5, -0.5, 0.029230800000000008
'2001-11-13', 31.5, 32.200001, 31.25, 32.0, 2260000.0, 3.355588, 0.20000100000000032, -0.25, 2.7183518085782143, 0.0, 0.8, -0.1, 0.03068785185185186
'2001-11-12', 31.299999, 31.299999, 30.73, 30.950001, 3320000.0, 3.245483, -0.9000020000000006, 1.1999989999999983, 2.7076182117623486, 1.0, 1.0, -0.5, 0.024760408139310172
'2001-11-09', 32.200001, 32.799999, 31.110001, 31.780001, 2470400.0, 3.332518, -0.4500010000000003, 2.9500010000000003, 2.619259252282435, 0.0, 0.8, -0.8, 0.01366460206010553
'2001-11-08', 32.650002, 34.0, 31.700001, 32.200001, 5833600.0, 3.37656, 0.9000020000000006, 5.680002999999999, 2.514770567533708, -1.0, 0.5, -1.0, 0.0
'2001-11-07', 31.75, 33.0, 31.51, 32.650002, 4452800.0, 3.423748, 1.6499999999999986, 3.6000000000000014, 2.4953672154125757, 0.0, 0.1, -0.8, 0.02834651968503939
'2001-11-06', 30.1, 32.0, 30.01, 31.91, 4254400.0, 3.34615, 0.8500000000000014, 3.1000000000000014, 2.3207276946108286, 0.0, 0.0, -0.5, 0.04235883720930231
'2001-11-05', 29.25, 30.25, 29.15, 29.98, 5552800.0, 3.143766, 2.2800009999999986, 2.5499989999999997, 2.210842136266008, 0.0, 0.0, -0.1, 0.03874646153846155
'2001-11-02', 26.969999, 28.690001, 26.969999, 28.33, 2787200.0, 2.970744, -1.1800009999999972, -3.2100009999999983, 2.1498057237393753, 0.0, 0.1, 0.0, 0.052651123568821775
'2001-11-01', 28.15, 28.200001, 26.85, 26.969999, 2534400.0, 2.828131, 1.1499999999999986, -0.6000000000000014, 2.2997821856960194, 0.0, 0.5, -0.1, 0.031971595026643
'2001-10-31', 27.0, 28.42, 27.0, 27.9, 2752800.0, 2.925653, 0.2999989999999997, -2.3999999999999986, 2.311332187645203, 0.0, 0.8, -0.5, 0.034876555555555556
'2001-10-30', 26.700001, 27.6, 26.700001, 27.0, 2536000.0, 2.831277, -3.4799989999999994, -3.399999000000001, 2.337877210129899, 1.0, 1.0, -0.8, 0.03183521015063418
'2001-10-29', 30.18, 30.18, 27.4, 28.030001, 3916000.0, 2.939285, 1.4299999999999997, 1.1799999999999997, 2.326551763509503, -1.0, 0.8, -1.0, 0.0
'2001-10-26', 28.75, 30.299999, 28.75, 30.18, 2875200.0, 3.164739, -0.6499999999999986, 1.6000000000000014, 2.175026650549434, 0.0, 0.5, -0.8, 0.0497391304347826
'2001-10-25', 29.4, 29.4, 28.200001, 28.5, 2838400.0, 2.98857, -0.7000000000000028, 3.4499989999999983, 2.581674693962206, 0.0, 0.1, -0.5, 0.013265306122449
'2001-10-24', 30.1, 30.4, 29.290001, 29.290001, 3454400.0, 3.071411, 1.1000000000000014, 4.950000000000003, 3.0377536375494394, 0.0, 0.0, -0.1, 0.0008859357696566809
'2001-10-23', 29.0, 30.799999, 28.969999, 30.1, 8520800.0, 3.15635, 1.8500000000000014, 3.0, 3.6064182077143743, 0.0, 0.1, 0.0, 0.010172413793103446
'2001-10-22', 27.15, 28.4, 27.01, 27.950001, 2504800.0, 2.930896, 1.1999989999999983, 1.1499999999999986, 4.048574247748679, 0.0, 0.5, 0.0, 0.022320441988950286
'2001-10-19', 25.950001, 27.26, 25.950001, 27.200001, 3366400.0, 2.85225, 0.8000010000000017, -0.75, 4.44700790364343, 0.0, 0.8, 0.0, 0.027167622588274012
'2001-10-18', 25.15, 26.969999, 25.15, 26.0, 2420800.0, 2.726415, -0.8500000000000014, -1.6000000000000014, 4.771721649262967, 1.0, 1.0, 0.0, 0.02857142857142858
'2001-10-17', 26.0, 26.200001, 24.9, 24.9, 3376800.0, 2.611067, 0.0, 0.4699990000000014, 5.0457671034839136, 0.0, 0.8, -0.1, 0.020096153846153843
'2001-10-16', 26.0, 26.48, 26.0, 26.0, 3340800.0, 2.726415, -0.7000010000000003, 1.8999999999999986, 5.304427548215463, 0.0, 0.5, -0.5, 0.01786324786324786
'2001-10-15', 26.700001, 26.700001, 25.65, 25.75, 1472000.0, 2.700199, -0.04999899999999968, 2.1500020000000006, 5.557436139690116, 0.0, 0.1, -0.8, 0.013033703631696493
'2001-10-12', 26.75, 27.1, 25.1, 26.85, 3900800.0, 2.815548, 1.2199990000000014, 2.5499989999999997, 5.726865713168691, -1.0, 0.5, -1.0, 0.0
'2001-10-11', 25.530001, 28.98, 25.530001, 28.219999, 5301600.0, 2.959209, 1.4300009999999972, 1.630001, 5.86306619020765, 0.0, 0.8, -0.8, 0.04778687631073737
'2001-10-10', 24.1, 25.48, 23.969999, 25.48, 2454400.0, 2.671887, -0.44999899999999826, -0.8599989999999984, 5.948388743165894, 1.0, 1.0, -0.5, 0.05497925311203316
'2001-10-09', 24.549999, 24.66, 23.700001, 24.0, 1154400.0, 2.516691, 0.34999799999999937, 1.9499989999999983, 5.9676936225275545, 0.0, 0.8, -0.1, 0.02987102633554758
'2001-10-08', 24.200001, 25.299999, 23.85, 24.549999, 1836000.0, 2.574365, 0.30000100000000174, 0.5, 5.983043080707379, 0.0, 0.5, 0.0, 0.02634296378748083
'2001-10-05', 23.9, 25.4, 23.57, 24.950001, 2237600.0, 2.61631, -1.0599990000000012, -1.899999000000001, 5.947449757026618, 0.0, 0.1, 0.0, 0.02384937238493725
'2001-10-04', 24.959999, 25.5, 23.780001, 23.780001, 3858400.0, 2.493621, 2.3599989999999984, 1.1799980000000012, 5.9307078459939255, 0.0, 0.0, -0.1, 0.011952464421172454
'2001-10-03', 22.6, 26.0, 22.299999, 24.84, 7568000.0, 2.604775, -1.100000999999999, 1.6000000000000014, 5.9165719301204795, 0.0, 0.0, -0.5, 0.02623261694058153
'2001-10-02', 23.700001, 23.969999, 22.66, 22.83, 5852800.0, 2.394002, -2.0999979999999994, -0.7999989999999997, 5.820578232913591, 0.0, 0.1, -0.8, 0.01608649193727882
'2001-10-01', 25.799999, 25.799999, 23.92, 24.0, 4024000.0, 2.516691, 2.019998000000001, 0.20999899999999982, 5.724616123976322, -1.0, 0.5, -1.0, 0.0
'2001-09-28', 23.780001, 28.0, 23.6, 26.51, 6754400.0, 2.779895, 2.7800009999999986, -0.7199990000000014, 5.692016041222498, 0.0, 0.8, -0.8, 0.08494524453552382
'2001-09-27', 21.0, 23.75, 20.9, 23.709999, 5085600.0, 2.486281, -3.5, -0.25, 5.587947512630373, 1.0, 1.0, -0.5, 0.11428569047619047
'2001-09-26', 24.5, 24.5, 20.690001, 21.9, 16683200.0, 2.29648, -1.0899999999999999, 1.6000000000000014, 5.259012365439479, 0.0, 0.8, -0.8, 0.017687061224489792
'2001-09-25', 25.59, 25.59, 24.299999, 24.99, 3765600.0, 2.620504, 1.0899999999999999, 2.4899999999999984, 5.090654169231312, -1.0, 0.5, -1.0, 0.0
'2001-09-24', 24.5, 26.299999, 24.4, 25.6, 5820800.0, 2.68447, 3.25, -1.0, 4.9361216185450525, 0.0, 0.8, -0.8, 0.04448979591836734
'2001-09-21', 21.25, 23.200001, 20.0, 23.0, 6763200.0, 2.411829, -1.6499999999999986, -2.25, 4.724435408222655, 1.0, 1.0, -0.5, 0.10211764705882352
'2001-09-20', 22.9, 22.9, 21.799999, 22.5, 4357600.0, 2.359398, -0.20000000000000284, -10.750002000000002, 4.192452559652246, 0.0, 0.8, -0.1, 0.039155749636099
'2001-09-19', 23.1, 23.65, 22.709999, 23.02, 7360000.0, 2.413926, -2.3999999999999986, -11.969999999999999, 3.6578379251685504, 0.0, 0.5, 0.0, 0.02694805194805193
'2001-09-18', 25.5, 25.809999, 23.0, 23.0, 5908000.0, 2.411829, 2.0, -11.700001, 3.0224336389298494, 0.0, 0.1, 0.0, 0.0007058823529411753
'2001-09-17', 23.5, 27.51, 23.5, 25.35, 10522400.0, 2.658255, -10.150002, -12.950001, 2.541985405583878, 0.0, 0.0, 0.0, 0.014822695035460992
'2001-09-10', 33.650002, 33.98, 33.119999, 33.200001, 1718400.0, 3.481422, -1.4199979999999996, -2.659998999999999, 1.3616991455128244, 0.0, 0.0, 0.0, -0.03421779461240024
'2001-09-07', 35.07, 35.07, 33.860001, 34.150002, 1732000.0, 3.581041, -2.130001, -0.9299999999999997, 1.5818951386097067, 0.0, 0.0, 0.0, -0.03378956372968349
'2001-09-06', 37.200001, 37.200001, 34.799999, 35.32, 1308000.0, 3.70373, 0.75, 1.2000010000000003, 1.6905414325927095, 0.0, 0.0, 0.0, -0.03467742140950779
'2001-09-05', 36.450001, 37.240002, 36.0, 37.0, 1276000.0, 3.879898, 0.14000000000000057, 0.20000100000000032, 1.6962027047893762, 0.0, 0.0, 0.0, -0.02979424060921151
'2001-09-04', 36.310001, 36.549999, 36.009998, 36.09, 2128000.0, 3.784474, 0.31000099999999975, -0.4599990000000034, 1.772452173121052, 0.0, 0.0, 0.0, -0.026839590157393425
'2001-08-31', 36.0, 37.0, 36.0, 36.299999, 1248000.0, 3.806495, 0.0, 0.4500010000000003, 1.919147531136745, 0.0, 0.0, -0.1, -0.02409722222222222
'2001-08-30', 36.0, 36.080002, 35.450001, 35.900002, 2131200.0, 3.76455, -0.25, 0.7999989999999997, 2.0549859037152243, 0.0, 0.0, -0.5, -0.022243589743589743
'2001-08-29', 36.25, 36.25, 35.82, 36.009998, 1313600.0, 3.776085, -0.5200000000000031, 1.5499989999999997, 2.20442626804987, 0.0, 0.0, -0.8, -0.021004926108374386
'2001-08-28', 36.77, 36.790001, 35.0, 36.009998, 1589600.0, 3.776085, 1.2200010000000034, 2.6100000000000065, 2.3732710769178893, -1.0, 0.0, -1.0, 0.0
'2001-08-27', 35.549999, 37.630001, 35.549999, 36.799999, 1085600.0, 3.858926, 0.34999799999999937, 1.2999989999999997, 2.4746065810776603, 0.0, 0.0, -0.8, 0.03431789126070027
'2001-08-24', 35.200001, 35.98, 34.650002, 35.349998, 871200.0, 3.706876, 0.5, 1.9500010000000003, 2.488570442545862, 0.0, 0.0, -0.5, 0.02230112152553636
'2001-08-23', 34.700001, 35.580002, 34.380001, 35.200001, 1724000.0, 3.691147, 0.5400010000000037, -0.39999699999999905, 2.543118450136361, 0.0, 0.1, -0.1, 0.019884716045589383
'2001-08-22', 34.16, 35.200001, 34.0, 35.0, 1044000.0, 3.670174, -0.09000000000000341, -0.5999980000000065, 2.5650921177744004, 0.0, 0.5, 0.0, 0.019101288056206138
'2001-08-21', 34.25, 36.200001, 33.709999, 34.040001, 6105600.0, 3.569507, 1.0, -1.5999979999999994, 2.4711090356180105, 0.0, 0.8, 0.0, 0.014715328467153304
'2001-08-20', 33.25, 33.650002, 32.209999, 33.119999, 3686400.0, 3.473033, -1.8499979999999994, -2.0, 2.385510618109459, 1.0, 1.0, -0.1, 0.01764411027568924
'2001-08-17', 35.099998, 35.099998, 33.549999, 33.650002, 1864800.0, 3.52861, 0.3399999999999963, -0.5, 2.283957343418969, 0.0, 0.8, -0.5, 0.006796915324203575
'2001-08-16', 34.759998, 35.23, 34.349998, 35.150002, 2407200.0, 3.685904, -1.0899999999999963, -2.0600019999999972, 2.266938927296182, 0.0, 0.5, -0.8, 0.007228143396325857
'2001-08-15', 35.849998, 35.880001, 34.849998, 35.0, 1158400.0, 3.670174, 0.5999979999999994, -0.35000300000000095, 2.179610605692274, -1.0, 0.1, -1.0, 0.0
'2001-08-14', 35.25, 36.130001, 35.150002, 35.950001, 598400.0, 3.769793, -0.34999799999999937, -0.9000020000000006, 2.138876752306511, 0.0, 0.0, -0.8, 0.01702121985815601
'2001-08-13', 35.599998, 35.599998, 34.34, 35.0, 968800.0, 3.670174, -1.220002000000001, -0.05000400000000127, 2.0627764215578654, 0.0, 0.0, -0.5, 0.0035112361523166376
'2001-08-10', 36.82, 36.849998, 35.599998, 35.599998, 1597600.0, 3.733091, 0.619999, -0.5299979999999991, 1.9963617209818878, 0.0, 0.0, -0.1, -0.00878147745790332
'2001-08-09', 36.200001, 36.98, 35.799999, 36.82, 736000.0, 3.861023, 0.04999899999999968, -1.5, 1.9733704144211943, 0.0, 0.0, 0.0, -0.0024171477232832186
'2001-08-08', 36.150002, 36.950001, 36.02, 36.25, 1676800.0, 3.801252, 0.5, -0.14999699999999905, 1.9250784222125683, 0.0, 0.0, 0.0, -0.0016597730755312338
'2001-08-07', 35.650002, 36.240002, 35.200001, 36.060001, 2730400.0, 3.781328, -1.6999959999999987, -2.069999000000003, 1.9204284025537302, 0.0, 0.1, 0.0, 0.0009349976100048032
'2001-08-06', 37.349998, 37.349998, 35.150002, 35.650002, 1598400.0, 3.738335, -0.35000300000000095, -1.7000010000000003, 1.8819114383878195, 0.0, 0.5, 0.0, -0.005737234960112028
'2001-08-03', 37.700001, 39.0, 36.349998, 37.150002, 2589600.0, 3.895628, 1.4000020000000006, -1.3499979999999994, 1.8845920172108754, 0.0, 0.8, 0.0, -0.0061339620388869516
'2001-08-02', 36.299999, 37.75, 36.220001, 37.75, 3233600.0, 3.958545, -1.4200020000000038, -4.850003000000001, 1.979714907152437, 1.0, 1.0, 0.0, -0.0013774135671769893
'2001-08-01', 37.720001, 38.75, 36.0, 36.400002, 6897600.0, 3.816981, -1.3299979999999962, -2.0799979999999962, 2.0231490151910063, 0.0, 0.8, 0.0, -0.004957590006426574
'2001-07-31', 39.049999, 39.060001, 37.299999, 37.77, 10376800.0, 3.960642, 0.0, 1.5499989999999997, 2.106638018661094, 0.0, 0.5, 0.0, -0.0074496591361803075
'2001-07-30', 39.049999, 39.450001, 38.299999, 39.200001, 3790400.0, 4.110595, -2.100003000000001, -0.20999900000000338, 2.178561976014225, 0.0, 0.1, 0.0, -0.0068288542081652815
'2001-07-27', 41.150002, 41.150002, 38.799999, 38.799999, 2897600.0, 4.06865, 1.350003000000001, 0.5500040000000013, 2.226857965894651, 0.0, 0.0, 0.0, -0.009907474983466964
'2001-07-26', 39.799999, 41.5, 39.650002, 41.099998, 7313600.0, 4.309833, 2.2999989999999997, -1.0, 2.167847113644109, 0.0, 0.0, 0.0, -0.007089018483930832
'2001-07-25', 37.5, 39.98, 36.75, 39.75, 2112800.0, 4.168269, -1.759998000000003, -3.8400000000000034, 2.1647255087633583, 0.0, 0.0, 0.0, -0.00293333688888889
'2001-07-24', 39.259998, 40.349998, 37.009998, 37.98, 2984000.0, 3.982663, -1.3399999999999963, -2.6900029999999973, 2.1924650932129905, 0.0, 0.0, 0.0, -0.005428553511388366
'2001-07-23', 40.599998, 40.98, 39.209999, 39.209999, 1695200.0, 4.111643, -0.20000100000000032, -0.5, 2.2076187242017915, 0.0, 0.0, 0.0, -0.006882063509113531
'2001-07-20', 40.799999, 40.950001, 39.599998, 40.599998, 904000.0, 4.257402, -0.5400010000000037, 1.0999979999999994, 2.178284021717192, 0.0, 0.0, 0.0, -0.006740197605288068
'2001-07-19', 41.34, 41.970001, 40.700001, 40.919998, 3206400.0, 4.290958, -0.6100009999999969, 0.09000000000000341, 2.15709632200366, 0.0, 0.0, 0.0, -0.006989537341175876
'2001-07-18', 41.950001, 41.98, 41.049999, 41.25, 4532800.0, 4.325562, 0.850003000000001, 0.630001, 2.0486887490949868, 0.0, 0.0, 0.0, -0.007270563593073575
'2001-07-17', 41.099998, 42.75, 40.849998, 42.200001, 3805600.0, 4.425181, 1.399996999999999, 3.1999959999999987, 1.878137460890893, 0.0, 0.0, -0.1, -0.006082725356823618
'2001-07-16', 39.700001, 41.369999, 39.700001, 40.970001, 3047200.0, 4.296201, -1.5499989999999997, 3.0200010000000006, 1.740581266448841, 0.0, 0.0, -0.5, -0.004408063777218454
'2001-07-13', 41.25, 41.25, 39.299999, 40.0, 1928800.0, 4.194485, -0.07000000000000028, 6.200001, 1.6882184226447454, 0.0, 0.0, -0.8, -0.005691701712779974
'2001-07-12', 41.32, 41.5, 40.799999, 41.5, 8627200.0, 4.351778, 3.4199979999999996, 5.810001999999997, 1.4667690985751267, -1.0, 0.1, -1.0, 0.0
'2001-07-11', 37.900002, 40.5, 37.25, 40.5, 6111200.0, 4.246916, 1.220002000000001, 0.10000300000000095, 1.170252043887888, 0.0, 0.5, -0.8, 0.09023740948615253
'2001-07-10', 36.68, 37.900002, 36.68, 37.900002, 5926400.0, 3.974274, 1.630001, -0.8200000000000003, 1.13778204312957, 0.0, 0.8, -0.5, 0.06324972737186478
'2001-07-09', 35.049999, 36.68, 35.049999, 36.68, 5735200.0, 3.846342, -0.4599990000000034, -3.1500020000000006, 1.1361603408563405, 1.0, 1.0, -0.1, 0.05962911249536223
'2001-07-06', 35.509998, 35.630001, 31.76, 35.02, 7346400.0, 3.672271, -2.2900009999999966, -3.1400039999999976, 1.111448858283295, 0.0, 0.8, 0.0, 0.04090398709681705
'2001-07-05', 37.799999, 38.080002, 35.68, 35.68, 2525600.0, 3.74148, 0.2999989999999997, -1.2000010000000003, 1.102931168458387, 0.0, 0.5, 0.0, 0.01862434440805144
'2001-07-03', 37.5, 38.919998, 37.450001, 38.549999, 1352800.0, 4.042435, -0.7000010000000003, -0.7200010000000034, 1.0734167046716496, 0.0, 0.1, -0.1, 0.01697777777777778
'2001-07-02', 38.200001, 38.299999, 37.599998, 37.650002, 3320000.0, 3.948059, -0.4500010000000003, 1.9400029999999973, 1.0703029790055447, 0.0, 0.0, -0.5, 0.011667909193435435
'2001-06-29', 38.650002, 39.150002, 37.299999, 38.049999, 7129600.0, 3.990003, -0.34999799999999937, 2.1500020000000006, 1.0108464774970178, 0.0, 0.0, -0.8, 0.008635180665708632
'2001-06-28', 39.0, 39.790001, 38.150002, 38.400002, 3834400.0, 4.026705, 0.7799989999999966, 1.759998000000003, 0.9112026681023908, -1.0, 0.0, -1.0, 0.0
'2001-06-27', 38.220001, 38.880001, 38.150002, 38.490002, 5855200.0, 4.036143, 1.9600030000000004, 3.0400010000000037, 0.7761853984578578, 0.0, 0.0, -0.8, 0.020408136567029302
'2001-06-26', 36.259998, 39.349998, 36.119999, 37.970001, 3476800.0, 3.981615, -0.24000199999999694, 0.9100000000000037, 0.7492519322788863, 0.0, 0.1, -0.5, 0.03778271030241089
'2001-06-25', 36.5, 36.68, 36.060001, 36.41, 1590400.0, 3.81803, -0.7400019999999969, 1.2999989999999997, 1.0156976261013597, 0.0, 0.5, -0.1, 0.0228310502283105
'2001-06-22', 37.240002, 37.259998, 36.0, 36.599998, 1374400.0, 3.837953, 2.0600019999999972, 1.9400029999999973, 1.1864050931378851, 0.0, 0.8, 0.0, 0.011815238355787435
'2001-06-21', 35.18, 37.400002, 35.18, 37.25, 2535200.0, 3.906114, -0.16999799999999965, -0.4700020000000009, 1.336781609563758, 1.0, 1.0, 0.0, 0.021716884593519045
'2001-06-20', 35.349998, 35.849998, 34.52, 35.25, 2042400.0, 3.69639, 0.14999699999999905, -1.75, 1.509487109841943, 0.0, 0.8, 0.0, 0.017208874146659548
'2001-06-19', 35.200001, 36.25, 35.099998, 35.25, 1117600.0, 3.69639, -0.09999799999999937, -1.2000010000000003, 1.6623717209393398, 0.0, 0.5, -0.1, 0.015422073425509275
'2001-06-18', 35.299999, 35.5, 34.57, 35.009998, 2198400.0, 3.671223, -0.35000300000000095, -0.7000010000000003, 1.7707789570195507, 0.0, 0.1, -0.5, 0.013101986915070453
'2001-06-15', 35.650002, 35.700001, 33.150002, 34.959999, 3108800.0, 3.665979, -1.4499959999999987, -0.25, 1.8798889956061176, 0.0, 0.0, -0.8, 0.01044100923192094
'2001-06-14', 37.099998, 37.150002, 35.349998, 35.689999, 1756000.0, 3.742529, 0.6999959999999987, 1.4399980000000028, 1.8751354861155451, -1.0, 0.0, -1.0, 0.0
'2001-06-13', 36.400002, 37.799999, 36.299999, 37.049999, 6325600.0, 3.885141, 0.40000200000000063, 1.6300019999999975, 1.8341042746379561, 0.0, 0.0, -0.8, 0.019230658284029728
'2001-06-12', 36.0, 36.0, 35.029999, 35.98, 3774400.0, 3.772939, 0.09999799999999937, 0.09000000000000341, 1.8433568361372696, 0.0, 0.1, -0.5, 0.015277749999999991
'2001-06-11', 35.900002, 36.599998, 35.639999, 35.759998, 2740000.0, 3.749869, 0.24000200000000405, 0.40000200000000063, 1.9832762707871494, 0.0, 0.5, -0.1, 0.01114202352040722
'2001-06-08', 35.66, 36.0, 35.66, 35.889999, 3640800.0, 3.763501, 0.8899999999999935, 0.1599999999999966, 2.19246997823625, 0.0, 0.8, 0.0, 0.010095330902972538
'2001-06-07', 34.77, 35.200001, 34.349998, 35.16, 2916000.0, 3.686952, -1.1399999999999935, -0.27999899999999656, 2.3332392765710783, 1.0, 1.0, 0.0, 0.013402346850733368
'2001-06-06', 35.91, 36.099998, 34.799999, 35.02, 2140000.0, 3.672271, 0.4099999999999966, -0.11000000000000654, 2.67983106307107, 0.0, 0.8, 0.0, 0.005523057644110289
'2001-06-05', 35.5, 36.380001, 35.360001, 35.900002, 2904800.0, 3.76455, 0.0, -0.5, 2.983100396083205, 0.0, 0.5, 0.0, 0.006438623742454725
'2001-06-04', 35.5, 35.98, 35.0, 35.299999, 1789600.0, 3.701633, 0.4500010000000003, -1.25, 3.4169343508928844, 0.0, 0.1, 0.0, 0.005633795774647885
'2001-06-01', 35.049999, 36.0, 35.049999, 35.5, 4426400.0, 3.722605, -0.9700010000000034, -1.4000020000000006, 3.7670505953952, 0.0, 0.0, 0.0, 0.006498649733675217
'2001-05-31', 36.02, 36.18, 34.919998, 35.049999, 4641600.0, 3.675417, 0.020000000000003126, -0.27999899999999656, 3.9383207746281053, 0.0, 0.0, 0.0, 0.0029983287062742814
'2001-05-30', 36.0, 36.349998, 35.75, 36.02, 1851200.0, 3.777133, -0.75, -0.8300020000000004, 4.161862998570155, 0.0, 0.0, 0.0, 0.0027777727272727255
'2001-05-29', 36.75, 36.75, 35.799999, 36.02, 4305600.0, 3.777133, 0.2999989999999997, 0.09999799999999937, 4.270198189907534, 0.0, 0.0, 0.0, 0.0007936462585034
'2001-05-25', 36.450001, 37.0, 36.450001, 36.75, 3122400.0, 3.853683, 0.15000200000000063, 1.2000010000000003, 4.289882377113316, 0.0, 0.0, 0.0, 0.0013717357437320553
'2001-05-24', 36.299999, 36.5, 36.16, 36.450001, 1200800.0, 3.822224, -0.5300030000000007, 0.2999989999999997, 4.3118825201993545, 0.0, 0.0, 0.0, 0.0015741814680018502
'2001-05-23', 36.830002, 36.849998, 36.080002, 36.25, 5021600.0, 3.801252, 0.17999999999999972, 0.08000200000000035, 4.2189827140833405, 0.0, 0.0, 0.0, 0.0004887247449330377
'2001-05-22', 36.650002, 37.25, 35.860001, 36.830002, 3612800.0, 3.862072, 1.4000020000000006, 1.850003000000001, 4.070722878097607, 0.0, 0.0, -0.1, 0.0007673874069638501
'2001-05-21', 35.25, 36.98, 35.200001, 36.599998, 2070400.0, 3.837953, -0.75, 1.2900009999999966, 3.90650125260734, 0.0, 0.0, -0.5, 0.00308718898623279
'2001-05-18', 36.0, 36.0, 34.759998, 35.0, 1802400.0, 3.670174, -0.75, 3.979999999999997, 3.7854846884588036, 0.0, 0.0, -0.8, 0.0016975277777777768
'2001-05-17', 36.75, 36.75, 35.5, 36.099998, 4332000.0, 3.785522, 1.9500010000000003, 4.549999, 3.6117623962856023, -1.0, 0.1, -1.0, 0.0
'2001-05-16', 34.799999, 36.66, 34.799999, 36.5, 7289600.0, 3.827467, 0.8399999999999963, 3.0999979999999994, 3.3576884773110205, 0.0, 0.5, -0.8, 0.05603451310444004
'2001-05-15', 33.959999, 35.299999, 33.889999, 35.02, 4774400.0, 3.672271, 1.9399990000000003, 2.4599990000000034, 3.1966484258952033, 0.0, 0.8, -0.5, 0.041077754448697074
'2001-05-14', 32.02, 34.0, 32.02, 33.950001, 3224800.0, 3.560069, -0.1800009999999972, 0.6200000000000045, 3.058745520303753, 1.0, 1.0, -0.1, 0.04924005829689774
'2001-05-11', 32.200001, 32.380001, 31.549999, 32.110001, 3056800.0, 3.367123, 0.5, 0.4500010000000003, 3.000194518627167, 0.0, 0.8, 0.0, 0.03532607809546341
'2001-05-10', 31.700001, 32.689999, 31.700001, 32.07, 2581600.0, 3.362928, 0.20000100000000032, 0.20000100000000032, 2.931761521330827, 0.0, 0.5, 0.0, 0.03186119142393718
'2001-05-09', 31.5, 31.950001, 31.5, 31.799999, 7036000.0, 3.334615, 0.10000000000000142, -3.2000010000000003, 2.872272921050587, 0.0, 0.1, 0.0, 0.027777777777777776
'2001-05-08', 31.4, 32.240002, 31.219999, 31.4, 3772800.0, 3.29267, -0.3500000000000014, -2.649999000000001, 2.822431362200648, 0.0, 0.0, -0.1, 0.024340309372156515
'2001-05-07', 31.75, 31.950001, 31.299999, 31.48, 6393600.0, 3.301059, 0.25, -1.0, 2.763634256815637, 0.0, 0.0, -0.5, 0.01968503937007874
'2001-05-04', 31.5, 32.18, 30.6, 31.9, 5235200.0, 3.345101, -3.2000010000000003, 1.2000010000000003, 2.6871927577762107, 0.0, 0.0, -0.8, 0.018518518518518517
'2001-05-03', 34.700001, 34.700001, 31.65, 31.799999, 5105600.0, 3.334615, 0.6500020000000006, 5.700001, 2.605072975262865, -1.0, 0.0, -1.0, 0.0
'2001-05-02', 34.049999, 35.189999, 33.549999, 34.75, 8204000.0, 3.643959, 1.2999989999999997, 4.549999, 2.2693911769656006, 0.0, 0.0, -0.8, 0.01908963345344006
'2001-05-01', 32.75, 34.5, 32.700001, 34.299999, 7440800.0, 3.596771, 2.4500010000000003, 6.1299990000000015, 1.9256097869507336, 0.0, 0.0, -0.5, 0.029771007633587792
'2001-04-30', 30.299999, 32.450001, 30.299999, 32.439999, 5860800.0, 3.401727, 1.2999989999999997, 4.25, 1.6442849517986717, 0.0, 0.0, -0.1, 0.0484048640837689
'2001-04-27', 29.0, 30.4, 28.799999, 30.299999, 2013600.0, 3.177322, -0.5, 5.170000000000002, 1.5381005136496488, 0.0, 0.0, 0.0, 0.049137939655172415
'2001-04-26', 29.5, 30.110001, 28.6, 29.0, 4340800.0, 3.041001, 2.8799990000000015, 5.739999999999998, 1.4961321839182455, 0.0, 0.0, 0.0, 0.03525424406779661
'2001-04-25', 26.620001, 30.0, 26.620001, 29.52, 17748000.0, 3.09553, 0.5700019999999988, 0.9199999999999982, 1.4226229084102917, 0.0, 0.1, 0.0, 0.05058852802697743
'2001-04-24', 26.049999, 27.59, 26.049999, 26.620001, 17843200.0, 2.79143, 2.2199990000000014, 2.25, 1.4356363707817927, 0.0, 0.5, 0.0, 0.04743626176064619
'2001-04-23', 23.83, 24.6, 23.610001, 24.0, 11970400.0, 2.516691, 0.06999999999999673, -1.1700000000000017, 1.4403258010604345, 0.0, 0.8, 0.0, 0.05701846936634496
'2001-04-20', 23.76, 23.76, 23.059999, 23.59, 5872000.0, 2.473697, -1.9400009999999988, -1.7899989999999981, 1.3335309475392112, 1.0, 1.0, 0.0, 0.05115975028058361
'2001-04-19', 25.700001, 25.879999, 23.5, 23.76, 9121600.0, 2.491524, 1.9000020000000006, 0.6500020000000006, 1.177177336003536, 0.0, 0.8, 0.0, 0.03501945389029363
'2001-04-18', 23.799999, 25.85, 23.799999, 25.25, 10092800.0, 2.647768, -1.2000010000000003, -4.050001000000002, 1.1520869637316185, 0.0, 0.5, 0.0, 0.04163484514126546
'2001-04-17', 25.0, 25.01, 23.42, 23.799999, 12680000.0, 2.495718, -0.5499989999999997, -3.2199990000000014, 0.950413791473261, 0.0, 0.1, 0.0, 0.03233333666666667
'2001-04-16', 25.549999, 25.99, 25.0, 25.5, 1620000.0, 2.673984, 0.5, -2.6500020000000006, 0.8399434868822502, 0.0, 0.0, 0.0, 0.02754780177065008
'2001-04-12', 25.049999, 25.620001, 24.65, 25.450001, 5520000.0, 2.668741, -2.8000010000000017, -3.6900009999999988, 0.7694434842868189, 0.0, 0.0, 0.0, 0.027516402581207976
'2001-04-11', 27.85, 27.860001, 25.049999, 25.049999, 3432000.0, 2.626796, -0.36999899999999997, -0.25, 0.7314767435357276, 0.0, 0.0, 0.0, 0.01639736923997606
'2001-04-10', 28.219999, 28.65, 27.799999, 28.0, 3284800.0, 2.936139, 0.01999800000000107, 0.26999800000000107, 1.1257057719988115, 0.0, 0.0, 0.0, 0.01435152868006834
'2001-04-09', 28.200001, 28.5, 28.0, 28.25, 3430400.0, 2.962355, -0.5399989999999981, 0.20000100000000032, 1.4186258070401438, 0.0, 0.0, 0.0, 0.013558614454533905
'2001-04-06', 28.74, 28.74, 27.74, 28.049999, 9994400.0, 2.941382, 0.639999999999997, -0.059999000000001246, 1.6710515665693015, 0.0, 0.0, 0.0, 0.011520917420552081
'2001-04-05', 28.1, 28.75, 27.049999, 28.75, 28403200.0, 3.014786, 0.1499990000000011, -0.14999999999999858, 1.940065045988678, 0.0, 0.0, -0.1, 0.012361867390897171
'2001-04-04', 27.950001, 29.700001, 27.950001, 28.49, 25472800.0, 2.987522, -0.04999899999999968, 0.3100020000000008, 2.1054630484634083, 0.0, 0.0, -0.5, 0.012075133736131173
'2001-04-03', 28.0, 28.0, 27.200001, 27.549999, 4797600.0, 2.888951, -0.7999989999999997, 0.030000999999998612, 2.467213764282906, 0.0, 0.0, -0.8, 0.011394559523809524
'2001-04-02', 28.799999, 28.799999, 27.91, 28.0, 3791200.0, 2.936139, 0.5499989999999997, 1.779999, 2.6531723943444607, -1.0, 0.0, -1.0, 0.0
'2001-03-30', 28.25, 29.25, 28.01, 28.91, 3380800.0, 3.031564, 0.6100010000000005, 0.8500000000000014, 2.805883541996144, 0.0, 0.0, -0.8, 0.019468991150442466
'2001-03-29', 27.639999, 28.299999, 27.6, 28.25, 5948000.0, 2.962355, -0.33000000000000185, 0.8099990000000012, 2.9828271004610416, 0.0, 0.0, -0.5, 0.020984081801160705
'2001-03-28', 27.969999, 27.969999, 27.5, 27.629999, 4691200.0, 2.89734, 0.9499990000000018, 0.4599989999999998, 3.0217162842847287, 0.0, 0.1, -0.1, 0.009891550824391023
'2001-03-27', 27.02, 27.02, 26.799999, 27.0, 3907200.0, 2.831277, -0.379999999999999, -0.23000000000000043, 3.058901021961326, 0.0, 0.5, 0.0, 0.01646927276091784
'2001-03-26', 27.4, 27.4, 26.9, 27.0, 2141600.0, 2.831277, 0.5700000000000003, -0.5400010000000002, 3.0936491678419804, 0.0, 0.8, 0.0, 0.010218970802919716
'2001-03-23', 26.83, 27.4, 26.83, 27.4, 1296800.0, 2.873222, -0.6800000000000033, -0.4200000000000017, 3.129925298157302, 1.0, 1.0, 0.0, 0.01223753882469873
'2001-03-22', 27.51, 27.51, 26.24, 26.82, 2184800.0, 2.812402, 0.26000000000000156, 0.41000000000000014, 3.143639804844182, 0.0, 0.8, 0.0, 0.0066988575582904815
'2001-03-21', 27.25, 27.58, 27.25, 27.5, 974400.0, 2.883708, -0.6900009999999988, 0.0, 3.1548026153012927, 0.0, 0.5, 0.0, 0.0071100871559633015
'2001-03-20', 27.940001, 28.200001, 27.940001, 28.01, 4213600.0, 2.937188, 0.6900009999999988, 0.9400009999999988, 3.1788806681074755, 0.0, 0.1, 0.0, 0.0034200189661171966
'2001-03-19', 27.25, 27.940001, 27.25, 27.940001, 2302400.0, 2.929848, 0.14999999999999858, -0.7999989999999997, 3.247283790438604, 0.0, 0.0, 0.0, 0.005688069724770641
'2001-03-16', 27.1, 27.379999, 27.1, 27.27, 669600.0, 2.85959, -0.14999999999999858, -1.0499999999999972, 3.289108434069581, 0.0, 0.0, 0.0, 0.005702780945991272
'2001-03-15', 27.25, 27.5, 26.549999, 27.200001, 6079200.0, 2.85225, 0.25, -1.25, 3.2072190594069574, 0.0, 0.0, 0.0, 0.004740058103975534
'2001-03-14', 27.0, 27.549999, 27.0, 27.299999, 1640000.0, 2.862736, -1.0499989999999997, 0.3500000000000014, 3.0968057305375023, 0.0, 0.0, -0.1, 0.005128202279202279
'2001-03-13', 28.049999, 28.059999, 27.25, 27.799999, 1292800.0, 2.915167, -0.1000009999999989, 1.649999000000001, 2.9666655309999554, 0.0, 0.0, -0.5, 0.0019098549191188413
'2001-03-12', 28.15, 28.450001, 28.049999, 28.16, 1716800.0, 2.952917, -0.3500000000000014, 0.9499989999999983, 2.8865142928223437, 0.0, 0.1, -0.8, 0.0015393700414446443
'2001-03-09', 28.5, 28.5, 28.200001, 28.209999, 1976000.0, 2.95816, 1.8500000000000014, 0.5799999999999983, 2.814040642800729, -1.0, 0.5, -1.0, 0.0
'2001-03-08', 26.65, 28.200001, 26.65, 28.1, 2920800.0, 2.946626, 0.25, -1.75, 2.7450809507131084, 0.0, 0.8, -0.8, 0.06941838649155728
'2001-03-07', 26.4, 26.75, 26.4, 26.690001, 2145600.0, 2.79877, -0.8000010000000017, -3.610000000000003, 2.5543261400983455, 1.0, 1.0, -0.5, 0.0397727272727273
'2001-03-06', 27.200001, 27.200001, 26.25, 26.4, 5880000.0, 2.76836, -0.7199990000000014, -5.349997999999999, 2.3009532675226247, 0.0, 0.8, -0.1, 0.01593135970840589
'2001-03-05', 27.92, 28.1, 27.92, 28.030001, 455200.0, 2.939285, -0.4799999999999969, -4.829999999999998, 2.114024460555603, 0.0, 0.5, 0.0, 0.005193409742120328
'2001-03-02', 28.4, 28.4, 27.549999, 27.92, 503200.0, 2.92775, -1.610000000000003, -4.6099980000000045, 1.965207216409356, 0.0, 0.1, 0.0, 0.0007042253521126861
'2001-03-01', 30.01, 30.02, 28.0, 28.5, 1388000.0, 2.98857, -2.539998999999998, -3.7399999999999984, 1.9231075517056784, 0.0, 0.0, 0.0, -0.00838609352438077
'2001-02-28', 32.549999, 32.549999, 30.139999, 30.139999, 609600.0, 3.160544, -0.20000100000000032, -0.4500010000000003, 2.0176108283583054, 0.0, 0.0, 0.0, -0.01777484803346033
'2001-02-27', 32.75, 32.84, 32.439999, 32.450001, 882400.0, 3.402776, -0.25999800000000306, -3.0499989999999997, 2.319854501334931, 0.0, 0.0, 0.0, -0.016221374045801526
'2001-02-26', 33.009998, 33.279999, 32.75, 32.950001, 2472000.0, 3.455207, -0.7400019999999969, -1.370002999999997, 2.5235235084935304, 0.0, 0.0, -0.1, -0.015180579195699715
'2001-02-23', 33.75, 33.759998, 33.0, 33.0, 1180000.0, 3.46045, 0.75, -0.4099999999999966, 2.82283037550512, 0.0, 0.0, -0.5, -0.015555555555555555
'2001-02-22', 33.0, 34.0, 33.0, 34.0, 620800.0, 3.565312, -2.7999989999999997, -2.0, 3.0590741676721116, 0.0, 0.0, -0.8, -0.012396694214876033
'2001-02-21', 35.799999, 35.799999, 34.450001, 34.59, 1096800.0, 3.627181, 1.4199979999999996, 2.989998, 3.4332433235753004, -1.0, 0.0, -1.0, 0.0
'2001-02-20', 34.380001, 34.5, 33.75, 33.849998, 632000.0, 3.549582, 0.22000100000000344, 1.5300030000000007, 3.5717091879187137, 0.0, 0.1, -0.8, 0.04130302381317556
'2001-02-16', 34.16, 34.299999, 33.950001, 34.049999, 158400.0, 3.570555, -0.8400000000000034, 0.4099999999999966, 3.6857591146274573, 0.0, 0.5, -0.5, 0.02400466920374712
'2001-02-15', 35.0, 35.599998, 34.25, 34.25, 696800.0, 3.591527, 2.1899990000000003, 1.0999979999999994, 3.7268083583846976, 0.0, 0.8, -0.1, 0.0076190380952380924
'2001-02-14', 32.810001, 33.950001, 32.810001, 33.950001, 1584800.0, 3.560069, -0.039996999999999616, -1.4300009999999972, 3.7149836877335067, 1.0, 1.0, 0.0, 0.022782672271177317
'2001-02-13', 32.849998, 33.720001, 32.799999, 32.799999, 660000.0, 3.439477, -0.9000020000000006, -1.1500020000000006, 3.6929928540282124, 0.0, 0.8, 0.0, 0.017960433361365807
'2001-02-12', 33.75, 33.75, 32.549999, 32.799999, 436800.0, 3.439477, -0.15000200000000063, -1.25, 3.6695497866529867, 0.0, 0.5, 0.0, 0.01012345185185185
'2001-02-09', 33.900002, 34.099998, 33.529999, 33.75, 856000.0, 3.539096, -0.3399999999999963, -2.0, 3.7003923580333544, 0.0, 0.1, 0.0, 0.008006729405418404
'2001-02-08', 34.240002, 34.349998, 33.5, 33.799999, 2738400.0, 3.544339, 0.24000199999999694, -2.1600000000000037, 3.7450548349216253, 0.0, 0.0, 0.0, 0.005695082173184463
'2001-02-07', 34.0, 36.200001, 34.0, 34.25, 1839200.0, 3.591527, -1.0, 0.20000100000000032, 3.8233768564224495, 0.0, 0.0, -0.1, 0.005882349673202614
'2001-02-06', 35.0, 35.200001, 34.0, 34.119999, 3628000.0, 3.577895, -0.9000020000000006, 3.3999999999999986, 3.9547184394234316, 0.0, 0.0, -0.5, 0.0022857114285714276
'2001-02-05', 35.900002, 36.0, 34.82, 35.18, 2656800.0, 3.689049, -0.5, 4.920002, 4.019619967994406, 0.0, 0.0, -0.8, -0.00025323624823703087
'2001-02-02', 36.400002, 38.400002, 35.849998, 36.0, 3716800.0, 3.775036, 2.600003000000001, 5.780001000000002, 3.9467099367164526, -1.0, 0.1, -1.0, 0.0
'2001-02-01', 33.799999, 36.299999, 33.700001, 35.630001, 2373600.0, 3.736237, 2.1999989999999983, 3.5499989999999997, 3.77193398541742, 0.0, 0.5, -0.8, 0.07692316795630677
'2001-01-31', 31.6, 34.0, 31.6, 33.75, 3824800.0, 3.539096, 0.620000000000001, 0.9124809999999997, 3.6827557572099705, 0.0, 0.8, -0.5, 0.07594939873417719
'2001-01-30', 30.98, 31.6, 30.950001, 31.35, 1567200.0, 3.287427, 0.35999900000000196, 0.04248099999999866, 3.681256657537439, 1.0, 1.0, -0.1, 0.058317215407789974
'2001-01-29', 30.620001, 31.48, 30.51, 30.98, 936800.0, 3.248628, 0.37000099999999847, -1.3799990000000015, 3.58946351908492, 0.0, 0.8, 0.0, 0.04719138480759686
'2001-01-26', 30.25, 30.5, 30.25, 30.5, 2942400.0, 3.198295, -0.43751900000000177, -0.18751900000000177, 3.4869536592072876, 0.0, 0.5, -0.1, 0.040661170247933885
'2001-01-25', 30.687519, 30.75, 30.12496, 30.25, 5560000.0, 3.172079, -0.25, 0.18751900000000177, 3.3855233630289003, 0.0, 0.1, -0.5, 0.031025007267612602
'2001-01-24', 30.937519, 30.937519, 29.75, 30.75, 4156800.0, 3.22451, -1.0624809999999982, 1.9375190000000018, 3.250030150092751, 0.0, 0.0, -0.8, 0.025223571233547012
'2001-01-23', 32.0, 32.5, 30.87504, 31.0, 2376000.0, 3.250726, 1.5624809999999982, 3.5624809999999982, 3.088172495583217, -1.0, 0.0, -1.0, 0.0
'2001-01-22', 30.437519, 31.62496, 30.437519, 31.0, 2515200.0, 3.250726, -0.06248099999999823, 4.062479000000003, 2.8318752209579827, 0.0, 0.0, -0.8, 0.0513340459844969
'2001-01-19', 30.5, 30.5, 30.0, 30.37504, 424800.0, 3.185191, 1.5, 3.5, 2.6781863397821977, 0.0, 0.0, -0.5, 0.02459016393442623
'2001-01-18', 29.0, 30.187519, 29.0, 30.0, 450400.0, 3.145863, 0.5624809999999982, 3.75, 2.455933497184692, 0.0, 0.0, -0.1, 0.034482758620689655
'2001-01-17', 28.437519, 30.5, 28.25, 29.0, 1263200.0, 3.041001, 2.0624790000000033, 3.1875190000000018, 2.3382772558332507, 0.0, 0.0, 0.0, 0.03131849336083079
'2001-01-16', 26.37504, 28.75, 26.37504, 28.437519, 269600.0, 2.982018, -0.6249600000000015, 3.3750399999999985, 2.229627907059137, 0.0, 0.0, 0.0, 0.0426536604304676
'2001-01-12', 27.0, 27.5, 26.62496, 26.62496, 578400.0, 2.79195, 1.75, 2.75, 2.2067529001269857, 0.0, 0.1, 0.0, 0.030864197530864196
'2001-01-11', 25.25, 27.37504, 25.25, 27.25, 760000.0, 2.857493, 0.0, 0.3749600000000015, 2.1247470544872384, 0.0, 0.5, 0.0, 0.03818953323903819
'2001-01-10', 25.25, 26.37504, 24.87504, 25.12496, 2014400.0, 2.634656, 2.25, -0.75, 2.103656434542411, 0.0, 0.8, 0.0, 0.03341584158415842
'2001-01-09', 23.0, 23.62496, 22.812481, 23.25, 709600.0, 2.438044, -1.25, -3.0, 2.0814213325227016, 1.0, 1.0, 0.0, 0.043478260869565216
'2001-01-08', 24.25, 24.25, 22.0, 22.437519, 480000.0, 2.352846, -0.6250399999999985, -4.3749600000000015, 2.0814213325227016, 0.0, 0.8, 0.0, 0.031958762886597936
'2001-01-05', 24.87504, 25.0, 24.37504, 24.37504, 274400.0, 2.556018, -1.1249600000000015, -3.3749600000000015, 2.081271175703424, 0.0, 0.5, -0.1, 0.026039099288428746
'2001-01-04', 26.0, 26.0, 24.937519, 25.0, 1032000.0, 2.621553, 0.0, 1.0, 2.0690082226809365, 0.0, 0.1, -0.5, 0.019230769230769232
'2001-01-03', 26.0, 26.25, 25.75, 26.062481, 487200.0, 2.732967, -2.6249600000000015, 2.0, 2.011726818755247, 0.0, 0.0, -0.8, 0.01775147928994083
'2001-01-02', 28.62496, 29.0, 26.0, 26.12496, 1202400.0, 2.739519, 0.3749600000000015, 6.187441, 1.9485071694654847, -1.0, 0.0, -1.0, 0.0
'2000-12-29', 28.25, 29.37504, 28.25, 28.75, 590400.0, 3.014786, 3.25, 7.25, 1.669027292739575, 0.0, 0.0, -0.8, 0.013272920353982354
'2000-12-28', 25.0, 28.62496, 25.0, 28.25, 1199200.0, 2.962355, 1.0, 4.6249600000000015, 1.3569431045408546, 0.0, 0.0, -0.5, 0.07249920000000003
'2000-12-27', 24.0, 25.0, 24.0, 25.0, 406400.0, 2.621553, 1.5624809999999982, 3.3124809999999982, 1.3033782524505206, 0.0, 0.1, -0.1, 0.06423555555555557
'2000-12-26', 22.437519, 24.0, 22.437519, 23.5, 272000.0, 2.46426, 1.4375190000000018, 1.8750380000000035, 1.322472574832157, 0.0, 0.5, 0.0, 0.06894078841782818
'2000-12-22', 21.0, 22.5, 21.0, 22.37504, 232000.0, 2.346294, 0.6249600000000015, -0.25, 1.3361039926363185, 0.0, 0.8, 0.0, 0.07261866666666668
'2000-12-21', 20.37504, 21.0, 20.25, 21.0, 652000.0, 2.202104, -0.3124790000000033, -0.749920000000003, 1.3094872250129228, 1.0, 1.0, 0.0, 0.06748387569627678
'2000-12-20', 20.687519, 20.687519, 20.12496, 20.25, 838400.0, 2.123458, 0.12503800000000354, -3.3124809999999982, 1.2296988528950583, 0.0, 0.8, 0.0, 0.054811799465037
'2000-12-19', 20.562481, 20.75, 20.37504, 20.75, 316800.0, 2.175889, -0.6875190000000018, -4.25, 1.1674200567657078, 0.0, 0.5, 0.0, 0.04901207568289063
'2000-12-18', 21.25, 21.312481, 20.12496, 20.62496, 369600.0, 2.162777, 0.12503999999999849, -4.062480999999998, 1.1338949375241567, 0.0, 0.1, 0.0, 0.03856188235294118
'2000-12-15', 21.12496, 21.12496, 21.0, 21.062481, 32800.0, 2.208656, -2.8750399999999985, -4.250079999999997, 1.0741379449001367, 0.0, 0.0, 0.0, 0.0355030258045459
'2000-12-14', 24.0, 24.0, 20.12496, 21.062481, 1654400.0, 2.208656, -0.8124809999999982, -0.25, 0.9946095945673936, 0.0, 0.0, -0.1, 0.017518787878787884
'2000-12-13', 24.812481, 24.812481, 24.0, 24.0, 324000.0, 2.516691, -0.5, 1.5, 0.9889119178233122, 0.0, 0.0, -0.5, 0.01280430535476616
'2000-12-12', 25.312481, 25.75, 24.87504, 24.937519, 470400.0, 2.615001, -0.06255900000000025, 3.1875209999999967, 0.9619955926249586, 0.0, 0.0, -0.8, 0.010066420471508786
'2000-12-11', 25.37504, 26.0, 25.25, 25.812481, 264800.0, 2.706751, 1.1250399999999985, 2.250079999999997, 1.1275088588993492, -1.0, 0.0, -1.0, 0.0
'2000-12-08', 24.25, 25.75, 24.062481, 25.37504, 424800.0, 2.66088, 0.9375190000000018, 2.3749600000000015, 1.3403538260222372, 0.0, 0.0, -0.8, 0.046393402061855604
'2000-12-07', 23.312481, 24.5, 23.312481, 24.0, 440000.0, 2.516691, 1.1875209999999967, 1.4374409999999997, 1.5589505248651252, 0.0, 0.1, -0.5, 0.04423722640245799
'2000-12-06', 22.12496, 23.187519, 22.12496, 23.062481, 408800.0, 2.418381, -1.0, 0.12496000000000151, 1.8048259344194515, 0.0, 0.5, -0.1, 0.0489655122540334
'2000-12-05', 23.12496, 23.12496, 22.25, 22.25, 1095200.0, 2.333182, 1.249920000000003, -0.12503999999999849, 2.0524712445964854, 0.0, 0.8, 0.0, 0.024325231265264858
'2000-12-04', 21.87504, 23.12496, 21.87504, 23.12496, 1025600.0, 2.424932, 0.0, -1.6874409999999997, 2.252452669526379, 1.0, 1.0, 0.0, 0.03199994148582128
'2000-12-01', 21.87504, 22.0, 21.5, 22.0, 416800.0, 2.306967, -0.12496000000000151, -1.3749600000000015, 2.4170419222327517, 0.0, 0.8, 0.0, 0.026666617904851073
'2000-11-30', 22.0, 22.12496, 21.75, 22.12496, 688000.0, 2.32007, -1.25, -1.0, 2.540105390864149, 0.0, 0.5, 0.0, 0.021915844155844147
'2000-11-29', 23.25, 23.25, 22.0, 22.25, 128000.0, 2.333182, -0.31248099999999823, 0.5, 2.616762711512792, 0.0, 0.1, 0.0, 0.011424946236559132
'2000-11-28', 23.562481, 24.187519, 23.5, 23.5, 1260800.0, 2.46426, 0.31248099999999823, 0.8749619999999965, 2.713843362287228, 0.0, 0.0, 0.0, 0.008547293659120382
'2000-11-27', 23.25, 23.812481, 23.0, 23.75, 833600.0, 2.490475, 0.25, 0.0, 2.785190620824302, 0.0, 0.0, 0.0, 0.009139956989247305
'2000-11-24', 23.0, 23.0, 22.937519, 23.0, 242400.0, 2.411829, 0.25, -0.12496000000000151, 2.877647715377393, 0.0, 0.0, -0.1, 0.00938750988142292
'2000-11-22', 22.75, 23.0, 22.5, 23.0, 404000.0, 2.411829, 0.06248099999999823, -0.12503999999999849, 2.920073141860787, 0.0, 0.0, -0.5, 0.00961553113553113
'2000-11-21', 22.687519, 22.75, 22.562481, 22.62496, 712800.0, 2.372501, -0.5624809999999982, -0.18752099999999672, 2.9313961402217057, 0.0, 0.0, -0.8, 0.009112163591593439
'2000-11-20', 23.25, 23.25, 22.0, 22.75, 264800.0, 2.385613, 0.12503999999999849, 1.25, 2.9451882541084693, -1.0, 0.0, -1.0, 0.0
