Date, Open, High, Low, Close, Volume, Adj Close, 2 Day Slope, 5 Day Slope, Standard Dev, Optimal Dates, Desired Level 1 Out Buy, Desired Level 1 Out Sell, Profit Speed
'2016-09-27', 5.72, 5.72, 5.45, 5.55, 87000.0, 5.489892, 0.019999999999999574, 0.05999999999999961, 0.13240048673962226, -1.0, 0.0, -1.0, 0.0
'2016-09-26', 5.7, 5.72, 5.61, 5.68, 31200.0, 5.618483, 0.020000000000000462, 0.020000000000000462, 0.13601674733486152, 0.0, 0.0, -0.8, 0.0035087719298244864
'2016-09-23', 5.68, 5.77, 5.65, 5.69, 35400.0, 5.628375, 0.009999999999999787, 0.13999999999999968, 0.13617961994692485, 0.0, 0.0, -0.5, 0.0035211267605633834
'2016-09-22', 5.67, 5.75, 5.67, 5.73, 35500.0, 5.667942, 0.009999999999999787, 0.1299999999999999, 0.13722851987348209, 0.0, 0.1, -0.1, 0.002939447383891818
'2016-09-21', 5.66, 5.7, 5.56, 5.66, 46000.0, 5.5987, -0.019999999999999574, 0.11000000000000032, 0.13722851987348206, 0.0, 0.5, 0.0, 0.0026501766784452125
'2016-09-20', 5.68, 5.72, 5.6, 5.61, 22400.0, 5.549242, 0.13999999999999968, 0.04999999999999982, 0.13494690313848134, 0.0, 0.8, 0.0, 0.0014084507042253535
'2016-09-19', 5.54, 5.7, 5.54, 5.63, 73600.0, 5.569025, 0.0, -0.16999999999999993, 0.13219556220488893, 1.0, 1.0, 0.0, 0.005415162454873637
'2016-09-16', 5.54, 5.61, 5.5, 5.53, 53800.0, 5.470108, -0.009999999999999787, -0.20000000000000018, 0.1204293245942292, 0.0, 0.8, 0.0, 0.004641567818463118
'2016-09-15', 5.55, 5.64, 5.54, 5.59, 28600.0, 5.529459, -0.08000000000000007, -0.41000000000000014, 0.10606077922063785, 0.0, 0.5, 0.0, 0.0038288288288288275
'2016-09-14', 5.63, 5.69, 5.5, 5.55, 70600.0, 5.489892, -0.08000000000000007, -0.27000000000000046, 0.08840563079100532, 0.0, 0.1, 0.0, 0.0017761989342806365
'2016-09-13', 5.71, 5.75, 5.65, 5.66, 53700.0, 5.5987, -0.03000000000000025, -0.2599999999999998, 0.07650417563041169, 0.0, 0.0, 0.0, 0.0001751313485113798
'2016-09-12', 5.74, 5.84, 5.65, 5.81, 99700.0, 5.687726, -0.21999999999999975, -0.14999999999999947, 0.07106257023840949, 0.0, 0.0, 0.0, -0.00031675641431739725
'2016-09-09', 5.96, 6.0, 5.62, 5.72, 161400.0, 5.59962, 0.05999999999999961, 0.25, 0.06585843403341236, 0.0, 0.0, 0.0, -0.00335570469798658
'2016-09-08', 5.9, 5.99, 5.9, 5.98, 52000.0, 5.854148, -0.0699999999999994, 0.16999999999999993, 0.06597642676660263, 0.0, 0.0, 0.0, -0.002346805736636253
'2016-09-07', 5.97, 5.97, 5.88, 5.9, 77500.0, 5.775832, 0.08000000000000007, 0.13999999999999968, 0.06594694837519012, 0.0, 0.0, 0.0, -0.0029911462072266092
'2016-09-06', 5.89, 6.0, 5.81, 5.94, 104900.0, 5.81499, 0.17999999999999972, 0.040000000000000036, 0.06435060217278463, 0.0, 0.0, 0.0, -0.001924165251839275
'2016-09-02', 5.71, 5.91, 5.62, 5.85, 83700.0, 5.726884, -0.020000000000000462, -0.15000000000000036, 0.06567258856546529, 0.0, 0.0, 0.0, 0.00010945709281961238
'2016-09-01', 5.73, 5.75, 5.65, 5.68, 43900.0, 5.560461, -0.09999999999999964, -0.1899999999999995, 0.05744175794276799, 0.0, 0.0, 0.0, -0.00010265886459296452
'2016-08-31', 5.83, 5.83, 5.68, 5.74, 59800.0, 5.619199, -0.019999999999999574, -0.05999999999999961, 0.04937948291885339, 0.0, 0.0, 0.0, -0.001048218029350108
'2016-08-30', 5.85, 5.88, 5.8, 5.8, 36800.0, 5.677936, -0.010000000000000675, -0.08000000000000007, 0.049125689138508136, 0.0, 0.0, 0.0, -0.001169590643274853
'2016-08-29', 5.86, 5.89, 5.8, 5.82, 24200.0, 5.697515, -0.05999999999999961, 0.0, 0.048437818099313926, 0.0, 0.0, 0.0, -0.0011945392491467626
'2016-08-26', 5.92, 5.93, 5.81, 5.84, 84200.0, 5.717094, 0.03000000000000025, -0.03000000000000025, 0.053955743181076, 0.0, 0.0, 0.0, -0.0016087516087516102
'2016-08-25', 5.89, 5.92, 5.86, 5.9, 75400.0, 5.775832, -0.040000000000000036, 0.02999999999999936, 0.054877641672684545, 0.0, 0.0, 0.0, -0.0013119308535267783
'2016-08-24', 5.93, 5.97, 5.86, 5.88, 39900.0, 5.756253, 0.0699999999999994, 0.05999999999999961, 0.058004789074313196, 0.0, 0.0, 0.0, -0.001539702324217318
'2016-08-23', 5.86, 5.94, 5.85, 5.9, 39000.0, 5.775832, -0.08999999999999986, -0.0699999999999994, 0.058508309001561745, 0.0, 0.0, 0.0, -0.0009954493742889688
'2016-08-22', 5.95, 5.95, 5.81, 5.87, 57000.0, 5.746463, 0.08999999999999986, -0.009999999999999787, 0.058462713663401736, 0.0, 0.0, 0.0, -0.0015462184873949608
'2016-08-19', 5.86, 5.91, 5.85, 5.87, 42000.0, 5.746463, -0.009999999999999787, -0.1200000000000001, 0.057812916665165276, 0.0, 0.0, 0.0, -0.0009188763454975095
'2016-08-18', 5.87, 6.02, 5.87, 5.91, 74100.0, 5.785621, -0.05999999999999961, -0.040000000000000036, 0.06513234390241325, 0.0, 0.0, 0.0, -0.0009464319515426863
'2016-08-17', 5.93, 5.95, 5.9, 5.91, 43500.0, 5.785621, -0.03000000000000025, -0.040000000000000036, 0.06606730574867493, 0.0, 0.0, 0.0, -0.0012647554806070826
'2016-08-16', 5.96, 6.01, 5.91, 5.93, 60400.0, 5.8052, -0.020000000000000462, -0.009999999999999787, 0.08780027841008757, 0.0, 0.0, 0.0, -0.0013885674612358263
'2016-08-15', 5.98, 6.02, 5.96, 5.97, 71500.0, 5.844358, 0.07000000000000028, 0.05000000000000071, 0.09526571028211334, 0.0, 0.0, 0.0, -0.0014492753623188443
'2016-08-12', 5.91, 6.05, 5.91, 5.98, 84100.0, 5.854148, -0.05999999999999961, 0.020000000000000462, 0.1143950270869421, 0.0, 0.0, 0.0, -0.0010370612957808002
'2016-08-11', 5.97, 5.99, 5.87, 5.96, 69900.0, 5.834569, 0.0, 0.04999999999999982, 0.13333999983334166, 0.0, 0.0, 0.0, -0.0013086264656616416
'2016-08-10', 5.97, 6.0, 5.92, 5.99, 130200.0, 5.8052, 0.040000000000000036, 0.040000000000000036, 0.1619039495777941, 0.0, 0.0, 0.0, -0.0012689711182173494
'2016-08-09', 5.93, 5.97, 5.9, 5.95, 61300.0, 5.766434, 0.040000000000000036, 0.08000000000000007, 0.18263533794604664, 0.0, 0.0, 0.0, -0.0010415633369705384
'2016-08-08', 5.89, 5.97, 5.87, 5.91, 51300.0, 5.727668, -0.03000000000000025, -0.0600000000000005, 0.19436620648204828, 0.0, 0.0, 0.0, -0.0008246422507882607
'2016-08-05', 5.92, 5.99, 5.82, 5.89, 144400.0, 5.708285, -0.009999999999999787, 0.1200000000000001, 0.20866480297357293, 0.0, 0.0, -0.1, -0.0009384384384384393
'2016-08-04', 5.93, 5.94, 5.83, 5.92, 75600.0, 5.73736, 0.08000000000000007, 0.08000000000000007, 0.21386807979583008, 0.0, 0.1, -0.5, -0.0009571122555945489
'2016-08-03', 5.85, 5.94, 5.85, 5.93, 36300.0, 5.747051, -0.10000000000000053, 0.02999999999999936, 0.21796559361513917, 0.0, 0.5, -0.8, -0.0005847953216374265
'2016-08-02', 5.95, 5.95, 5.85, 5.86, 64900.0, 5.679211, 0.15000000000000036, 0.0600000000000005, 0.22287415482484477, -1.0, 0.8, -1.0, -0.0009911656970480517
'2016-08-01', 5.8, 5.95, 5.8, 5.93, 73000.0, 5.747051, -0.04999999999999982, -0.11000000000000032, 0.22354616724267243, 1.0, 1.0, -0.8, -0.00034482758620689685
'2016-07-29', 5.85, 5.99, 5.82, 5.85, 88800.0, 5.669519, 0.02999999999999936, -0.11000000000000032, 0.228274688332573, 0.0, 0.8, -0.5, -0.0005420054200542001
'2016-07-28', 5.82, 5.91, 5.78, 5.88, 32700.0, 5.698594, -0.0699999999999994, -0.1299999999999999, 0.23544968794958201, 0.0, 0.5, -0.1, -0.0004090983472426793
'2016-07-27', 5.89, 5.89, 5.76, 5.84, 74100.0, 5.659828, -0.020000000000000462, -0.07000000000000028, 0.24539401423470422, 0.0, 0.1, 0.0, -0.0006712204366881192
'2016-07-26', 5.91, 5.95, 5.83, 5.84, 48600.0, 5.659828, -0.04999999999999982, -0.07000000000000028, 0.2524933442467125, 0.0, 0.0, 0.0, -0.0007306568220273818
'2016-07-25', 5.96, 5.99, 5.85, 5.87, 42100.0, 5.688902, 0.009999999999999787, 0.08999999999999986, 0.25141400120120594, 0.0, 0.0, 0.0, -0.0008948545861297547
'2016-07-22', 5.95, 5.99, 5.89, 5.95, 95200.0, 5.766434, -0.009999999999999787, 0.1800000000000006, 0.24503265088555032, 0.0, 0.0, 0.0, -0.0008403361344537831
'2016-07-21', 5.96, 5.96, 5.89, 5.94, 17900.0, 5.756743, -0.020000000000000462, 0.11000000000000032, 0.23705812695530087, 0.0, 0.0, 0.0, -0.0008567756675710417
'2016-07-20', 5.98, 5.98, 5.89, 5.96, 49500.0, 5.776126, 0.11000000000000032, 0.1800000000000006, 0.22611919177480022, 0.0, 0.0, 0.0, -0.0009057971014492777
'2016-07-19', 5.87, 5.96, 5.83, 5.92, 37900.0, 5.73736, 0.10000000000000053, 0.020000000000000462, 0.21261754918684914, 0.0, 0.0, 0.0, -0.0005215033202378067
'2016-07-18', 5.77, 5.9, 5.77, 5.87, 36400.0, 5.688902, -0.08000000000000007, -0.17000000000000082, 0.209433362512598, 0.0, 0.0, 0.0, -0.00017331022530329228
'2016-07-15', 5.85, 5.87, 5.8, 5.81, 54400.0, 5.630754, 0.04999999999999982, -0.0600000000000005, 0.21271890685440567, 0.0, 0.0, -0.1, -0.0004357298474945531
'2016-07-14', 5.8, 5.94, 5.76, 5.86, 56600.0, 5.679211, -0.04999999999999982, 0.0699999999999994, 0.21873474549986086, 0.0, 0.0, -0.5, -0.00026525198938992067
'2016-07-13', 5.85, 5.89, 5.8, 5.81, 51700.0, 5.630754, -0.09000000000000075, 0.019999999999999574, 0.229414956404813, 0.0, 0.0, -0.8, -0.00041928721174004164
'2016-07-12', 5.94, 6.02, 5.9, 5.96, 120200.0, 5.717977, 0.03000000000000025, 0.3700000000000001, 0.2349281213950817, -1.0, 0.0, -1.0, 0.0
'2016-07-11', 5.91, 5.99, 5.85, 5.97, 90200.0, 5.72757, 0.17999999999999972, 0.25, 0.22592255310172119, 0.0, 0.0, -0.8, 0.0050761421319797375
'2016-07-08', 5.73, 5.9, 5.7, 5.89, 77200.0, 5.650819, -0.09999999999999964, 0.23000000000000043, 0.21090282122342513, 0.0, 0.0, -0.5, 0.018324607329842927
'2016-07-07', 5.83, 5.87, 5.68, 5.74, 79600.0, 5.50691, 0.2599999999999998, 0.3600000000000003, 0.2095328136593408, 0.0, 0.0, -0.1, 0.006289308176100647
'2016-07-06', 5.57, 6.19, 5.55, 5.83, 140700.0, 5.593256, -0.08999999999999986, 0.2600000000000007, 0.1967559119540984, 0.0, 0.0, 0.0, 0.016606822262118497
'2016-07-05', 5.66, 5.66, 5.55, 5.62, 62600.0, 5.391783, 0.16000000000000014, 0.33999999999999986, 0.19724913744354436, 0.0, 0.1, 0.0, 0.0098939929328622
'2016-07-01', 5.5, 5.63, 5.47, 5.6, 57500.0, 5.372596, 0.03000000000000025, 0.09999999999999964, 0.1943319039398547, 0.0, 0.5, 0.0, 0.013333333333333345
'2016-06-30', 5.47, 5.5, 5.4, 5.48, 44200.0, 5.257469, 0.16000000000000014, 0.1299999999999999, 0.199557566186357, 0.0, 0.8, 0.0, 0.012274745364324905
'2016-06-29', 5.31, 5.44, 5.31, 5.44, 34400.0, 5.219093, -0.010000000000000675, -0.14000000000000057, 0.19785769296811967, 1.0, 1.0, 0.0, 0.01483050847457629
'2016-06-28', 5.32, 5.35, 5.28, 5.31, 40500.0, 5.094372, -0.08000000000000007, -0.1200000000000001, 0.19858415512489086, 0.0, 0.8, -0.1, 0.01294903926482874
'2016-06-27', 5.4, 5.4, 5.2, 5.26, 96600.0, 5.046403, 0.0600000000000005, -0.040000000000000036, 0.20006915471073175, 0.0, 0.5, -0.5, 0.01
'2016-06-24', 5.34, 5.46, 5.3, 5.43, 61500.0, 5.209499, -0.11000000000000032, -0.11000000000000032, 0.20146132796809096, 0.0, 0.1, -0.8, 0.010214504596527079
'2016-06-23', 5.45, 5.46, 5.4, 5.45, 33700.0, 5.228687, 0.009999999999999787, 0.03000000000000025, 0.20265049277567093, -1.0, 0.0, -1.0, 0.0
'2016-06-22', 5.44, 5.45, 5.4, 5.4, 31100.0, 5.180717, 0.0, 0.1200000000000001, 0.24328309983775426, 0.0, 0.0, -0.8, 0.0018382352941176078
'2016-06-21', 5.44, 5.44, 5.4, 5.44, 30400.0, 5.219093, -0.009999999999999787, 0.1900000000000004, 0.2863959962476199, 0.0, 0.0, -0.5, 0.0009191176470588039
'2016-06-20', 5.45, 5.45, 5.4, 5.41, 47800.0, 5.190311, 0.03000000000000025, 0.21999999999999975, 0.31819997206508716, 0.0, 0.0, -0.1, 0.0
'2016-06-17', 5.42, 5.44, 5.36, 5.39, 108400.0, 5.171123, 0.09999999999999964, 0.05999999999999961, 0.3472285510534332, 0.0, 0.1, 0.0, 0.0013837638376383878
'2016-06-16', 5.32, 5.41, 5.21, 5.36, 51700.0, 5.142342, 0.07000000000000028, -0.09999999999999964, 0.37383374201196273, 0.0, 0.5, 0.0, 0.004887218045112778
'2016-06-15', 5.25, 5.39, 5.2, 5.33, 91100.0, 5.11356, 0.019999999999999574, -0.20000000000000018, 0.3878116667776885, 0.0, 0.8, 0.0, 0.006349206349206355
'2016-06-14', 5.23, 5.25, 5.21, 5.22, 68900.0, 5.008026, -0.1299999999999999, -0.34999999999999964, 0.4032045248864265, 1.0, 1.0, 0.0, 0.0060092870800327715
'2016-06-13', 5.36, 5.4, 5.2, 5.32, 47900.0, 5.103966, -0.05999999999999961, -0.22999999999999954, 0.42246222710833375, 0.0, 0.8, 0.0, 0.002098880597014922
'2016-06-10', 5.42, 5.5, 5.36, 5.45, 81000.0, 5.171123, -0.03000000000000025, 0.13999999999999968, 0.4397753214237168, 0.0, 0.5, -0.1, 0.0006150061500615057
'2016-06-09', 5.45, 5.58, 5.35, 5.43, 77900.0, 5.152146, -0.1299999999999999, 0.25, 0.4603946374820435, 0.0, 0.1, -0.5, 0.0
'2016-06-08', 5.58, 5.58, 5.44, 5.47, 62700.0, 5.1901, -0.009999999999999787, 0.5300000000000002, 0.47601633958883766, 0.0, 0.0, -0.8, -0.002117953730856955
'2016-06-07', 5.59, 5.59, 5.51, 5.56, 38200.0, 5.275494, 0.3099999999999996, 0.6200000000000001, 0.4886285796889995, -1.0, 0.0, -1.0, 0.0
'2016-06-06', 5.28, 5.6, 5.28, 5.56, 119400.0, 5.275494, 0.08000000000000007, 0.33000000000000007, 0.4984103619397262, 0.0, 0.0, -0.8, 0.05871212121212113
'2016-06-03', 5.2, 5.35, 5.2, 5.31, 76500.0, 5.038287, 0.15000000000000036, 0.1800000000000006, 0.5051450836695884, 0.0, 0.1, -0.5, 0.03749999999999997
'2016-06-02', 5.05, 5.2, 5.01, 5.18, 52800.0, 4.914939, 0.08000000000000007, -0.04999999999999982, 0.5134663247640168, 0.0, 0.5, -0.1, 0.03564356435643565
'2016-06-01', 4.97, 5.09, 4.96, 5.07, 41400.0, 4.810568, 0.019999999999999574, -0.040000000000000036, 0.5131736764704735, 0.0, 0.8, -0.1, 0.031187122736418518
'2016-05-31', 4.95, 5.07, 4.94, 5.0, 65200.0, 4.74415, -0.0699999999999994, -0.08000000000000007, 0.5067023013784546, 1.0, 1.0, -0.5, 0.025858585858585845
'2016-05-27', 5.02, 5.06, 5.0, 5.01, 45600.0, 4.753638, -0.08000000000000007, -0.020000000000000462, 0.49522789366782105, 0.0, 0.8, -0.8, 0.018924302788844632
'2016-05-26', 5.1, 5.1, 4.99, 5.0, 44500.0, 4.74415, 0.08999999999999986, 0.1299999999999999, 0.4854849808868105, -1.0, 0.5, -1.0, 0.0
'2016-05-25', 5.01, 5.14, 5.0, 5.05, 42700.0, 4.791591, -0.020000000000000462, 0.08000000000000007, 0.48353375155090145, 0.0, 0.1, -0.8, 0.017964071856287397
'2016-05-24', 5.03, 5.09, 5.0, 5.03, 53100.0, 4.772615, -0.009999999999999787, -0.05999999999999961, 0.4661479259729565, 0.0, 0.1, -0.5, 0.006958250497017832
'2016-05-23', 5.04, 5.04, 4.9, 4.99, 61100.0, 4.734661, 0.07000000000000028, -0.08999999999999986, 0.4460747321544527, 0.0, 0.5, -0.1, 0.003968253968253942
'2016-05-20', 4.97, 5.01, 4.88, 4.99, 53400.0, 4.734661, 0.040000000000000036, -0.11000000000000032, 0.4230397932425113, 0.0, 0.8, -0.1, 0.006539235412474844
'2016-05-19', 4.93, 5.02, 4.86, 4.89, 62000.0, 4.639778, -0.16000000000000014, -0.08000000000000007, 0.392784362666789, 1.0, 1.0, -0.5, 0.006896551724137928
'2016-05-18', 5.09, 5.17, 4.91, 4.94, 57100.0, 4.68722, -0.040000000000000036, -0.2999999999999998, 0.35764678416312123, 0.0, 0.8, -0.8, 0.0003274394237066073
'2016-05-17', 5.13, 5.17, 5.02, 5.09, 54700.0, 4.829545, 0.04999999999999982, -0.8700000000000001, 0.3313945282187582, -1.0, 0.5, -1.0, 0.0
'2016-05-16', 5.08, 5.2, 5.08, 5.11, 59200.0, 4.848521, 0.07000000000000028, -1.0199999999999996, 0.30511564292175447, 0.0, 0.1, -0.8, 0.009842519685039335
'2016-05-13', 5.01, 5.12, 4.87, 5.09, 117800.0, 4.829545, -0.3799999999999999, -1.04, 0.2721511018207023, 0.0, 0.0, -0.5, 0.011976047904191628
'2016-05-12', 5.39, 5.4, 5.05, 5.07, 133400.0, 4.810568, -0.6100000000000003, -0.6800000000000006, 0.22438582842951563, 0.0, 0.0, -0.1, -0.016079158936301782
'2016-05-11', 6.0, 6.06, 5.19, 5.43, 415200.0, 5.095217, -0.09999999999999964, -0.08000000000000007, 0.21821218012648969, 0.0, 0.0, 0.0, -0.036250000000000004
'2016-05-10', 6.1, 6.2, 6.05, 6.16, 49000.0, 5.780209, 0.04999999999999982, 0.1999999999999993, 0.23193605440580678, 0.0, 0.0, 0.0, -0.03180327868852458
'2016-05-09', 6.05, 6.22, 5.98, 6.1, 71200.0, 5.723909, -0.020000000000000462, 0.08000000000000007, 0.26020611488245665, 0.0, 0.1, 0.0, -0.02534435261707989
'2016-05-06', 6.07, 6.07, 5.96, 6.04, 42400.0, 5.667608, -0.009999999999999787, -0.019999999999999574, 0.26720695267068856, 0.0, 0.5, 0.0, -0.02212285243586727
'2016-05-05', 6.08, 6.08, 5.95, 6.05, 39600.0, 5.676991, 0.17999999999999972, 0.0, 0.27991586037395044, 0.0, 0.8, 0.0, -0.019531250000000003
'2016-05-04', 5.9, 6.1, 5.75, 6.02, 185000.0, 5.648841, -0.0699999999999994, -0.27999999999999936, 0.289397074392031, 1.0, 1.0, 0.0, -0.014500941619585695
'2016-05-03', 5.97, 5.97, 5.9, 5.9, 44600.0, 5.53624, -0.1200000000000001, -0.15000000000000036, 0.2984336888936413, 0.0, 0.8, 0.0, -0.014070351758793969
'2016-05-02', 6.09, 6.17, 6.0, 6.02, 76400.0, 5.648841, 0.009999999999999787, 0.0, 0.30339999267560236, 0.0, 0.5, 0.0, -0.01433049708911778
'2016-04-29', 6.08, 6.08, 5.88, 6.05, 89600.0, 5.676991, -0.09999999999999964, 0.040000000000000036, 0.3213609946600379, 0.0, 0.1, 0.0, -0.013020833333333334
'2016-04-28', 6.18, 6.19, 6.0, 6.03, 87600.0, 5.658225, 0.05999999999999961, 0.16000000000000014, 0.3407711842277748, 0.0, 0.0, 0.0, -0.013069454817027629
'2016-04-27', 6.12, 6.2, 6.04, 6.17, 38500.0, 5.789593, 0.03000000000000025, -0.03000000000000025, 0.34881083698761434, 0.0, 0.0, 0.0, -0.011554621848739498
'2016-04-26', 6.09, 6.17, 6.02, 6.14, 71500.0, 5.761442, 0.04999999999999982, 0.0, 0.3552345078332841, 0.0, 0.0, 0.0, -0.010509031198686371
'2016-04-25', 6.04, 6.1, 6.02, 6.09, 33100.0, 5.714525, 0.020000000000000462, -0.03000000000000025, 0.3548941939351628, 0.0, 0.0, 0.0, -0.009416390728476822
'2016-04-22', 6.02, 6.09, 6.02, 6.06, 38700.0, 5.686375, -0.13000000000000078, 0.0, 0.35260869088678026, 0.0, 0.0, 0.0, -0.008696501856556575
'2016-04-21', 6.15, 6.15, 6.0, 6.03, 48900.0, 5.658225, 0.0600000000000005, 0.08000000000000007, 0.3484090826727813, 0.0, 0.0, 0.0, -0.009214092140921414
'2016-04-20', 6.09, 6.2, 6.09, 6.14, 33900.0, 5.761442, 0.019999999999999574, -0.20000000000000018, 0.3346142057155774, 0.0, 0.0, 0.0, -0.008296603577910294
'2016-04-19', 6.07, 6.17, 6.06, 6.15, 40100.0, 5.770826, 0.05000000000000071, 0.07000000000000028, 0.32007221407398406, 0.0, 0.0, -0.1, -0.007742998352553545
'2016-04-18', 6.02, 6.13, 6.01, 6.05, 85900.0, 5.676991, -0.05000000000000071, 0.07999999999999918, 0.3045762083069961, 0.0, 0.0, -0.5, -0.0070400253124505595
'2016-04-15', 6.07, 6.13, 6.01, 6.08, 52400.0, 5.705142, -0.21999999999999975, 0.25, 0.29020318552505403, 0.0, 0.0, -0.8, -0.007039089411412313
'2016-04-14', 6.29, 6.29, 6.02, 6.08, 27600.0, 5.705142, 0.29000000000000004, 0.5800000000000001, 0.2705978976677798, -1.0, 0.0, -1.0, 0.0
'2016-04-13', 6.0, 6.19, 5.98, 6.15, 56900.0, 5.770826, 0.05999999999999961, 0.41999999999999993, 0.24233493809647474, 0.0, 0.1, -0.8, 0.04833333333333334
'2016-04-12', 5.94, 6.15, 5.81, 6.05, 135500.0, 5.620691, 0.1200000000000001, 0.35000000000000053, 0.2379066109959022, 0.0, 0.5, -0.5, 0.029461279461279428
'2016-04-11', 5.82, 5.97, 5.82, 5.95, 125100.0, 5.527786, 0.11000000000000032, 0.22000000000000064, 0.24413316038588445, 0.0, 0.8, -0.1, 0.02691867124856814
'2016-04-08', 5.71, 5.87, 5.5, 5.77, 125300.0, 5.360559, 0.1299999999999999, 0.15000000000000036, 0.265313441465415, 1.0, 1.0, 0.0, 0.025394045534150617
'2016-04-07', 5.58, 5.67, 5.52, 5.65, 78800.0, 5.249075, -0.009999999999999787, 0.020000000000000462, 0.2853154199984447, 0.0, 0.8, 0.0, 0.025448028673835124
'2016-04-06', 5.59, 5.69, 5.51, 5.59, 49100.0, 5.193332, -0.009999999999999787, 0.1200000000000001, 0.3111055555059515, 0.0, 0.5, 0.0, 0.02087060226595111
'2016-04-05', 5.6, 5.6, 5.56, 5.56, 33800.0, 5.165461, 0.040000000000000036, 0.09999999999999964, 0.33079382635647175, 0.0, 0.1, 0.0, 0.017602040816326544
'2016-04-04', 5.56, 5.67, 5.56, 5.6, 40200.0, 5.202623, 0.0, 0.3199999999999994, 0.34725526953845093, 0.0, 0.0, 0.0, 0.016411870503597135
'2016-04-01', 5.56, 5.63, 5.48, 5.55, 40300.0, 5.156171, 0.08999999999999986, 0.040000000000000036, 0.3658720176965346, 0.0, 0.0, 0.0, 0.014588329336530785
'2016-03-31', 5.47, 5.7, 5.47, 5.6, 98400.0, 5.202623, -0.03000000000000025, 0.09999999999999964, 0.3809636903083198, 0.0, 0.0, 0.0, 0.014990859232175508
'2016-03-30', 5.5, 5.55, 5.37, 5.47, 61300.0, 5.081847, 0.2599999999999998, 0.1200000000000001, 0.4064595100785973, 0.0, 0.0, 0.0, 0.013057851239669422
'2016-03-29', 5.24, 5.5, 5.24, 5.43, 61600.0, 5.044686, -0.27999999999999936, -0.17999999999999972, 0.4291320698029143, 0.0, 0.0, 0.0, 0.016698473282442745
'2016-03-28', 5.52, 5.6, 5.24, 5.25, 94900.0, 4.877459, 0.14999999999999947, 0.04999999999999982, 0.46291395888797016, 0.0, 0.0, 0.0, 0.010730211817168347
'2016-03-24', 5.37, 5.55, 5.33, 5.51, 68000.0, 5.119009, -0.009999999999999787, 0.2400000000000002, 0.47920304209755965, 0.0, 0.0, -0.1, 0.012237297153498269
'2016-03-23', 5.38, 5.48, 5.33, 5.33, 30800.0, 4.951782, -0.040000000000000036, 0.33000000000000007, 0.4856633493366459, 0.0, 0.0, -0.5, 0.011276332094175962
'2016-03-22', 5.42, 5.52, 5.31, 5.48, 30900.0, 5.091138, -0.04999999999999982, 0.3200000000000003, 0.48129466603688387, 0.0, 0.1, -0.8, 0.01003228782287823
'2016-03-21', 5.47, 5.47, 5.4, 5.42, 38700.0, 5.035396, 0.33999999999999986, 0.35999999999999943, 0.4716137779534813, -1.0, 0.5, -1.0, 0.0
'2016-03-18', 5.13, 5.48, 5.13, 5.45, 90200.0, 5.063267, 0.08000000000000007, -0.08999999999999986, 0.4565474296889159, 0.0, 0.8, -0.8, 0.06627680311890835
'2016-03-17', 5.05, 5.3, 5.02, 5.22, 64500.0, 4.849587, -0.04999999999999982, -0.21999999999999975, 0.45290678462080425, 1.0, 1.0, -0.5, 0.04158415841584158
'2016-03-16', 5.1, 5.18, 4.99, 5.11, 41300.0, 4.747393, -0.010000000000000675, -0.20000000000000018, 0.4512137951003813, 0.0, 0.8, -0.1, 0.02418300653594772
'2016-03-15', 5.11, 5.27, 5.0, 5.18, 56100.0, 4.812426, -0.10999999999999943, -0.23999999999999932, 0.44773752231512703, 0.0, 0.5, 0.0, 0.0176125244618395
'2016-03-14', 5.22, 5.25, 5.12, 5.15, 36700.0, 4.784555, -0.04999999999999982, -0.25, 0.4434591300221476, 0.0, 0.1, 0.0, 0.009578544061302683
'2016-03-11', 5.27, 5.31, 5.2, 5.27, 36700.0, 4.89604, -0.03000000000000025, -0.22000000000000064, 0.43705326397998173, 0.0, 0.0, 0.0, 0.006325110689437071
'2016-03-10', 5.3, 5.3, 5.2, 5.25, 21700.0, 4.821716, -0.04999999999999982, -0.25, 0.4277435628452584, 0.0, 0.0, 0.0, 0.004582210242587599
'2016-03-09', 5.35, 5.35, 5.24, 5.29, 60900.0, 4.858453, -0.1200000000000001, -0.10000000000000053, 0.4138190694279594, 0.0, 0.0, -0.1, 0.002803738317757012
'2016-03-08', 5.47, 5.49, 5.3, 5.33, 52100.0, 4.89519, -0.020000000000000462, 0.5099999999999998, 0.4013899461731558, 0.0, 0.0, -0.5, 0.0
'2016-03-07', 5.49, 5.54, 5.43, 5.47, 60000.0, 5.023769, -0.05999999999999961, 0.5899999999999999, 0.37098682216788004, 0.0, 0.0, -0.8, -0.000364298724954471
'2016-03-04', 5.55, 5.55, 5.4, 5.47, 81900.0, 5.023769, 0.09999999999999964, 0.7999999999999998, 0.3361760451509497, -1.0, 0.0, -1.0, 0.0
'2016-03-03', 5.45, 5.54, 5.35, 5.49, 112700.0, 5.042137, 0.4900000000000002, 0.8500000000000005, 0.28979858906182115, 0.0, 0.0, -0.8, 0.018348623853210944
'2016-03-02', 4.96, 5.43, 4.96, 5.31, 80100.0, 4.876822, 0.05999999999999961, 0.3600000000000003, 0.23485432837304832, 0.0, 0.0, -0.5, 0.05947580645161289
'2016-03-01', 4.9, 5.0, 4.85, 4.99, 48000.0, 4.582926, 0.15000000000000036, 0.3800000000000008, 0.2173397238324269, 0.0, 0.0, -0.1, 0.04421768707482989
'2016-02-29', 4.75, 4.9, 4.75, 4.82, 51900.0, 4.426795, 0.15000000000000036, 0.23000000000000043, 0.2013976166691156, 0.0, 0.0, 0.0, 0.04210526315789473
'2016-02-26', 4.6, 4.82, 4.59, 4.82, 69000.0, 4.426795, 0.0, 0.10999999999999943, 0.20411979053704934, 0.0, 0.0, 0.0, 0.04130434782608696
'2016-02-25', 4.6, 4.6, 4.48, 4.57, 104500.0, 4.197189, 0.08000000000000007, 0.1899999999999995, 0.25007110100040664, 0.0, 0.0, 0.0, 0.03442028985507247
'2016-02-24', 4.52, 4.56, 4.42, 4.56, 23000.0, 4.188005, 0.0, 0.1299999999999999, 0.3196762250917151, 0.0, 0.0, 0.0, 0.03255372945638434
'2016-02-23', 4.52, 4.59, 4.51, 4.59, 17800.0, 4.215558, 0.02999999999999936, 0.3099999999999996, 0.3845957473619397, 0.0, 0.0, 0.0, 0.028484513274336293
'2016-02-22', 4.49, 4.55, 4.45, 4.54, 29400.0, 4.169637, 0.08000000000000007, 0.33999999999999986, 0.43076482369540503, 0.0, 0.0, 0.0, 0.02623113090819103
'2016-02-19', 4.41, 4.5, 4.29, 4.41, 47200.0, 4.050242, 0.020000000000000462, 0.40000000000000036, 0.4915580671022839, 0.0, 0.0, 0.0, 0.025850340136054414
'2016-02-18', 4.39, 4.54, 4.35, 4.46, 72500.0, 4.096163, 0.17999999999999972, 0.33000000000000007, 0.5206431919590743, 0.0, 0.1, 0.0, 0.024021536550010356
'2016-02-17', 4.21, 4.36, 4.21, 4.31, 85700.0, 3.958399, 0.05999999999999961, -0.05999999999999961, 0.5483170210339596, 0.0, 0.5, 0.0, 0.026524148851939825
'2016-02-16', 4.15, 4.21, 4.15, 4.17, 25500.0, 3.82982, 0.14000000000000057, -0.35999999999999943, 0.555318127042709, 0.0, 0.8, 0.0, 0.025949953660797023
'2016-02-12', 4.01, 4.18, 4.01, 4.13, 38900.0, 3.793084, -0.04999999999999982, -0.6000000000000005, 0.5522760984225996, 1.0, 1.0, 0.0, 0.027431421446384042
'2016-02-11', 4.06, 4.08, 3.83, 3.96, 84900.0, 3.636952, -0.20999999999999996, -0.6900000000000004, 0.5378546891741921, 0.0, 0.8, 0.0, 0.024466338259441715
'2016-02-10', 4.27, 4.47, 4.03, 4.2, 53700.0, 3.802267, -0.2400000000000002, -0.4300000000000006, 0.528528775627843, 0.0, 0.5, 0.0, 0.018735362997658087
'2016-02-09', 4.51, 4.58, 4.25, 4.27, 40200.0, 3.865639, -0.10000000000000053, -0.1200000000000001, 0.5257904102925001, 0.0, 0.1, 0.0, 0.013564627624885875
'2016-02-08', 4.61, 4.64, 4.5, 4.51, 78900.0, 4.082911, -0.13999999999999968, -0.040000000000000036, 0.5252829925118672, 0.0, 0.0, 0.0, 0.011328030850807417
'2016-02-05', 4.75, 4.78, 4.67, 4.68, 52900.0, 4.236812, 0.04999999999999982, 0.09999999999999964, 0.524351027461566, 0.0, 0.0, 0.0, 0.008864265927977837
'2016-02-04', 4.7, 4.79, 4.58, 4.74, 33000.0, 4.29113, 0.07000000000000028, 0.21999999999999975, 0.5243243271106158, 0.0, 0.0, 0.0, 0.009042553191489357
'2016-02-03', 4.63, 4.71, 4.55, 4.69, 47300.0, 4.245866, -0.020000000000000462, 0.1899999999999995, 0.5223494998561787, 0.0, 0.0, 0.0, 0.009462100174843155
'2016-02-02', 4.65, 4.67, 4.55, 4.55, 64100.0, 4.119123, 0.0, 0.14000000000000057, 0.5185587934094091, 0.0, 0.0, 0.0, 0.008797653958944275
'2016-02-01', 4.65, 4.67, 4.56, 4.66, 22300.0, 4.218706, 0.16999999999999993, 0.4300000000000006, 0.5151837859767457, 0.0, 0.0, -0.1, 0.008415147265077133
'2016-01-29', 4.48, 4.68, 4.46, 4.66, 55900.0, 4.218706, 0.040000000000000036, 0.03000000000000025, 0.5112516231976406, 0.0, 0.0, -0.5, 0.009951636904761899
'2016-01-28', 4.44, 4.48, 4.35, 4.48, 43700.0, 4.055752, -0.0699999999999994, 0.17000000000000082, 0.5025556906674347, 0.0, 0.0, -0.8, 0.009999999999999993
'2016-01-27', 4.51, 4.51, 4.3, 4.37, 61500.0, 3.956169, 0.29000000000000004, 0.3799999999999999, 0.5060049406873416, -1.0, 0.0, -1.0, 0.0
'2016-01-26', 4.22, 4.55, 4.2, 4.53, 130900.0, 4.101017, -0.23000000000000043, -0.03000000000000025, 0.5191703852194277, 0.0, 0.1, -0.8, 0.06872037914691945
'2016-01-25', 4.45, 4.45, 4.11, 4.23, 76500.0, 3.829427, 0.1800000000000006, -0.10999999999999943, 0.5256556752179975, 0.0, 0.5, -0.5, 0.006741573033707821
'2016-01-22', 4.27, 4.48, 4.2, 4.42, 88900.0, 4.001434, 0.13999999999999968, -0.23000000000000043, 0.535346305363796, 0.0, 0.8, -0.1, 0.018735362997658097
'2016-01-21', 4.13, 4.39, 4.01, 4.27, 137900.0, 3.865639, -0.1200000000000001, -0.6699999999999999, 0.5326271366224845, 1.0, 1.0, 0.0, 0.023002421307506047
'2016-01-20', 4.25, 4.25, 3.82, 4.13, 225900.0, 3.738897, -0.3099999999999996, -1.0099999999999998, 0.5187163643713842, 0.0, 0.8, 0.0, 0.012235294117647049
'2016-01-19', 4.56, 4.56, 4.17, 4.23, 231900.0, 3.829427, 0.05999999999999961, -1.0200000000000005, 0.5064775963017076, 0.0, 0.5, 0.0, -0.0018274853801169527
'2016-01-15', 4.5, 4.64, 4.24, 4.62, 233500.0, 4.182494, -0.2999999999999998, -1.1900000000000004, 0.5060285455277092, 0.0, 0.1, 0.0, 0.0003174603174603107
'2016-01-14', 4.8, 4.85, 4.44, 4.65, 260700.0, 4.209653, -0.45999999999999996, -0.8200000000000003, 0.5137791354268875, 0.0, 0.0, 0.0, -0.007552083333333334
'2016-01-13', 5.26, 5.26, 4.83, 4.86, 222800.0, 4.399767, -0.3200000000000003, -0.6400000000000006, 0.5409071598301833, 0.0, 0.0, 0.0, -0.015842839036755388
'2016-01-12', 5.58, 5.62, 5.2, 5.4, 166200.0, 4.834312, -0.11000000000000032, -0.03000000000000025, 0.570656639320003, 0.0, 0.0, 0.0, -0.019175627240143375
'2016-01-11', 5.69, 5.69, 5.52, 5.58, 116100.0, 4.995455, 0.07000000000000028, 0.020000000000000462, 0.6019162917069301, 0.0, 0.0, 0.0, -0.018852851893273695
'2016-01-08', 5.62, 5.71, 5.59, 5.71, 79800.0, 5.111837, -0.28000000000000025, 0.1900000000000004, 0.6225275540532769, 0.0, 0.0, 0.0, -0.01645907473309609
'2016-01-07', 5.9, 5.9, 5.56, 5.59, 111100.0, 5.004408, 0.29000000000000004, 0.6100000000000003, 0.6424675521421729, 0.0, 0.0, 0.0, -0.01812255541069101
'2016-01-06', 5.61, 5.87, 5.61, 5.87, 160200.0, 5.255076, -0.05999999999999961, 0.41000000000000014, 0.6621064869037306, 0.0, 0.0, 0.0, -0.014005602240896364
'2016-01-05', 5.67, 5.75, 5.55, 5.74, 96400.0, 5.138694, 0.2400000000000002, 0.2599999999999998, 0.6712907136421762, 0.0, 0.0, 0.0, -0.013639035861258086
'2016-01-04', 5.43, 5.73, 5.43, 5.65, 96100.0, 5.058123, 0.13999999999999968, 0.0, 0.6757708355812807, 0.0, 0.0, 0.0, -0.010589318600368323
'2015-12-31', 5.29, 5.49, 5.25, 5.46, 160900.0, 4.888026, 0.08999999999999986, -0.019999999999999574, 0.6739954665195375, 0.0, 0.0, -0.1, -0.00867341265428667
'2015-12-30', 5.2, 5.36, 5.15, 5.25, 225300.0, 4.700025, -0.20999999999999996, -0.03000000000000025, 0.6677541130951988, 0.0, 0.0, -0.5, -0.007371794871794875
'2015-12-29', 5.41, 5.47, 5.19, 5.21, 150300.0, 4.664216, -0.019999999999999574, 0.2400000000000002, 0.6575810892117329, 0.0, 0.0, -0.8, -0.008755715536530794
'2015-12-28', 5.43, 5.53, 5.3, 5.42, 105600.0, 4.852217, 0.1200000000000001, 0.33999999999999986, 0.6560766384772099, -1.0, 0.0, -1.0, 0.0
'2015-12-24', 5.31, 5.58, 5.31, 5.48, 85400.0, 4.905931, 0.07999999999999918, 0.21999999999999975, 0.6535925506171427, 0.0, 0.0, -0.8, 0.022598870056497196
'2015-12-23', 5.23, 5.43, 5.16, 5.4, 152000.0, 4.834312, 0.0600000000000005, 0.08000000000000007, 0.6489167041222541, 0.0, 0.0, -0.5, 0.019120458891013315
'2015-12-22', 5.17, 5.22, 5.16, 5.22, 156300.0, 4.673168, 0.08000000000000007, 0.2699999999999996, 0.6328479719139152, 0.0, 0.0, -0.1, 0.016763378465506112
'2015-12-21', 5.09, 5.23, 5.02, 5.15, 141200.0, 4.610501, 0.0, 0.25, 0.6117330572507369, 0.0, 0.0, 0.0, 0.016699410609037322
'2015-12-18', 5.09, 5.27, 5.06, 5.11, 393500.0, 4.574691, -0.0600000000000005, -0.6600000000000001, 0.5803010712839787, 0.0, 0.1, 0.0, 0.013359528487229858
'2015-12-17', 5.15, 5.34, 5.13, 5.16, 151900.0, 4.619453, 0.25, -0.8199999999999994, 0.5423718486630942, 0.0, 0.5, 0.0, 0.009061488673139138
'2015-12-16', 4.9, 5.36, 4.9, 5.15, 273600.0, 4.610501, 0.0600000000000005, -1.2999999999999998, 0.5045235376075135, 0.0, 0.8, 0.0, 0.015451895043731758
'2015-12-15', 4.84, 5.14, 4.84, 5.07, 210200.0, 4.538882, -0.9100000000000001, -1.33, 0.41972477754939475, 1.0, 1.0, 0.0, 0.01523760330578512
'2015-12-14', 5.75, 5.77, 4.8, 4.84, 458400.0, 4.332976, -0.21999999999999975, -0.5, 0.28586107737073185, 0.0, 0.8, 0.0, -0.006183574879227059
'2015-12-11', 5.97, 5.98, 5.7, 5.78, 184400.0, 5.174504, -0.23000000000000043, -0.41000000000000014, 0.24554700839825624, 0.0, 0.5, 0.0, -0.009045226130653268
'2015-12-10', 6.2, 6.2, 6.09, 6.13, 69100.0, 5.398315, 0.03000000000000025, -0.22999999999999954, 0.219240101765672, 0.0, 0.1, 0.0, -0.011290322580645168
'2015-12-09', 6.17, 6.28, 6.12, 6.2, 56000.0, 5.45996, -0.08000000000000007, -0.25, 0.2052694705881894, 0.0, 0.0, 0.0, -0.009994597514856839
'2015-12-08', 6.25, 6.28, 6.1, 6.16, 58800.0, 5.424734, -0.1299999999999999, -0.4800000000000004, 0.18832035353502166, 0.0, 0.0, 0.0, -0.010092307692307696
'2015-12-07', 6.38, 6.38, 6.25, 6.27, 68700.0, 5.521604, -0.04999999999999982, -0.5, 0.17723211396985086, 0.0, 0.0, 0.0, -0.010635915808329604
'2015-12-04', 6.43, 6.5, 6.32, 6.33, 85700.0, 5.574443, 0.009999999999999787, -0.35000000000000053, 0.17457917656149277, 0.0, 0.0, -0.1, -0.010368066355624678
'2015-12-03', 6.42, 6.5, 6.36, 6.44, 81300.0, 5.671313, -0.3100000000000005, -0.3799999999999999, 0.17085048694366917, 0.0, 0.0, -0.5, -0.009637850467289722
'2015-12-02', 6.73, 6.73, 6.38, 6.44, 77900.0, 5.671313, -0.14999999999999947, 0.08000000000000007, 0.17266409264490654, 0.0, 0.0, -0.8, -0.011362643125600914
'2015-12-01', 6.88, 6.88, 6.7, 6.72, 49100.0, 5.917892, 0.09999999999999964, 0.17999999999999972, 0.17633175802698972, -1.0, 0.0, -1.0, 0.0
'2015-11-30', 6.78, 6.86, 6.75, 6.83, 79400.0, 6.014762, -0.019999999999999574, 0.0600000000000005, 0.18233089577895328, 0.0, 0.0, -0.8, 0.014749262536873104
'2015-11-27', 6.8, 6.96, 6.75, 6.82, 58400.0, 6.005956, 0.14999999999999947, 0.2699999999999996, 0.18717816824263092, 0.0, 0.0, -0.5, 0.005882352941176476
'2015-11-25', 6.65, 6.8, 6.59, 6.77, 66300.0, 5.961924, -0.04999999999999982, 0.27000000000000046, 0.1915506895489198, 0.0, 0.0, -0.1, 0.011528822055137819
'2015-11-24', 6.7, 6.72, 6.62, 6.68, 64900.0, 5.882666, -0.019999999999999574, 0.3600000000000003, 0.1939541755730518, 0.0, 0.0, 0.0, 0.006716417910447751
'2015-11-23', 6.72, 6.74, 6.63, 6.73, 69500.0, 5.926698, 0.1899999999999995, 0.3199999999999994, 0.19695487356808972, 0.0, 0.1, 0.0, 0.004761904761904766
'2015-11-20', 6.53, 6.8, 6.53, 6.71, 70000.0, 5.909085, 0.15000000000000036, 0.04999999999999982, 0.21358968972203585, 0.0, 0.5, 0.0, 0.008933129147524237
'2015-11-19', 6.38, 6.56, 6.36, 6.49, 105900.0, 5.715345, 0.040000000000000036, -0.2400000000000002, 0.21829872499245917, 0.0, 0.8, 0.0, 0.011195700850873265
'2015-11-18', 6.34, 6.41, 6.28, 6.33, 115500.0, 5.574443, -0.0600000000000005, -0.3100000000000005, 0.20874466061035746, 1.0, 1.0, 0.0, 0.010646687697160885
'2015-11-17', 6.4, 6.56, 6.24, 6.33, 98600.0, 5.574443, -0.08000000000000007, -0.41999999999999993, 0.19120204554926234, 0.0, 0.8, 0.0, 0.008333333333333325
'2015-11-16', 6.48, 6.48, 6.2, 6.4, 147500.0, 5.636088, -0.13999999999999968, -0.21999999999999975, 0.1709645837268318, 0.0, 0.5, 0.0, 0.0061728395061728305
'2015-11-13', 6.62, 6.63, 6.5, 6.5, 67800.0, 5.724151, -0.03000000000000025, -0.17999999999999972, 0.18129043610246573, 0.0, 0.1, 0.0, 0.003570447679209005
'2015-11-12', 6.65, 6.69, 6.6, 6.62, 68500.0, 5.829828, -0.16999999999999993, -0.17999999999999972, 0.1880200934888491, 0.0, 0.0, 0.0, 0.0028822055137844547
'2015-11-11', 6.82, 6.84, 6.75, 6.77, 68800.0, 5.87386, 0.1200000000000001, -0.05999999999999961, 0.2040503750438983, 0.0, 0.0, 0.0, 0.0006767426122264789
'2015-11-10', 6.7, 6.89, 6.7, 6.75, 117500.0, 5.856507, -0.09999999999999964, -0.3199999999999994, 0.2168553024996673, 0.0, 0.0, 0.0, 0.0019189765458422145
'2015-11-09', 6.8, 6.85, 6.7, 6.7, 99700.0, 5.813125, -0.03000000000000025, 0.019999999999999574, 0.21879594755540302, 0.0, 0.0, -0.1, 0.0007843137254901968
'2015-11-06', 6.83, 6.87, 6.7, 6.74, 185300.0, 5.84783, -0.04999999999999982, 0.20000000000000018, 0.21981330462210175, 0.0, 0.0, -0.5, 0.0004575402635431902
'2015-11-05', 6.88, 6.93, 6.81, 6.83, 83500.0, 5.925917, -0.13999999999999968, 0.1200000000000001, 0.22423722557446463, 0.0, 0.1, -0.8, 0.0
'2015-11-04', 7.02, 7.02, 6.8, 6.86, 132400.0, 5.951946, 0.23999999999999932, 0.22999999999999954, 0.22578381991040308, -1.0, 0.5, -1.0, 0.0
'2015-11-03', 6.78, 7.07, 6.75, 7.07, 117200.0, 6.134149, 0.15000000000000036, 0.10000000000000053, 0.22416363071054443, 0.0, 0.8, -0.8, 0.03539823008849548
'2015-11-02', 6.63, 6.77, 6.6, 6.73, 72000.0, 5.839154, -0.1299999999999999, -0.16999999999999993, 0.22442048827046868, 1.0, 1.0, -0.5, 0.029411764705882328
'2015-10-30', 6.76, 6.76, 6.62, 6.66, 63000.0, 5.77842, -0.03000000000000025, -0.1299999999999999, 0.22214009593547543, 0.0, 0.8, -0.1, 0.01282051282051281
'2015-10-29', 6.79, 6.81, 6.68, 6.71, 71500.0, 5.821802, 0.11000000000000032, -0.15000000000000036, 0.23575316658648632, 0.0, 0.5, 0.0, 0.0084683357879234
'2015-10-28', 6.68, 6.83, 6.58, 6.79, 57200.0, 5.891212, -0.1200000000000001, -0.20999999999999996, 0.25268865339693347, 0.0, 0.1, 0.0, 0.010179640718562871
'2015-10-27', 6.8, 6.8, 6.6, 6.62, 80500.0, 5.743715, -0.08999999999999986, -0.25, 0.26893225086544675, 0.0, 0.0, 0.0, 0.005392156862745092
'2015-10-26', 6.89, 7.05, 6.78, 6.79, 32300.0, 5.891212, -0.05000000000000071, -0.040000000000000036, 0.27940333251810406, 0.0, 0.0, 0.0, 0.0026954177897574104
'2015-10-23', 6.94, 6.94, 6.85, 6.91, 30300.0, 5.995328, 0.05000000000000071, -0.08999999999999986, 0.28595726176398384, 0.0, 0.0, 0.0, 0.0014409221902017143
'2015-10-22', 6.89, 6.94, 6.85, 6.91, 36500.0, 5.995328, -0.16000000000000014, -0.09000000000000075, 0.29253015039289354, 0.0, 0.0, 0.0, 0.002096436058700208
'2015-10-21', 7.05, 7.05, 6.9, 6.9, 43900.0, 5.986652, 0.1200000000000001, 0.0699999999999994, 0.29605949101865026, 0.0, 0.0, 0.0, -0.00042553191489362054
'2015-10-20', 6.93, 7.0, 6.91, 6.96, 36700.0, 6.038709, -0.10000000000000053, -0.03000000000000025, 0.2923888202757114, 0.0, 0.0, 0.0, 0.0011806375442739061
'2015-10-19', 7.03, 7.05, 6.89, 6.95, 82600.0, 6.030033, 0.04999999999999982, 0.0600000000000005, 0.29524170888725515, 0.0, 0.0, 0.0, -0.00011853959222381075
'2015-10-16', 6.98, 7.05, 6.94, 7.01, 117000.0, 6.082091, 0.0, -0.2599999999999998, 0.3004790619438677, 0.0, 0.0, 0.0, 0.0004408199250606033
'2015-10-15', 6.98, 7.0, 6.84, 6.97, 50700.0, 6.047386, 0.020000000000000462, -0.1899999999999995, 0.3071908563454034, 0.0, 0.0, -0.1, 0.0004093327875562745
'2015-10-14', 6.96, 6.96, 6.8, 6.95, 47000.0, 6.030033, -0.009999999999999787, -0.13999999999999968, 0.312407141759311, 0.0, 0.0, -0.5, 0.0005747126436781571
'2015-10-13', 6.97, 7.08, 6.83, 6.92, 85600.0, 6.004004, -0.27000000000000046, -0.10000000000000053, 0.31519464885474613, 0.0, 0.0, -0.8, 0.0004483500717360099
'2015-10-12', 7.24, 7.31, 7.04, 7.1, 93000.0, 6.073415, 0.07000000000000028, 0.3799999999999999, 0.31794898263016286, -1.0, 0.0, -1.0, 0.0
'2015-10-09', 7.17, 7.2, 7.07, 7.18, 109100.0, 6.141847, 0.07000000000000028, 0.8099999999999996, 0.30275769556234605, 0.0, 0.0, -0.8, 0.009762900976290137
'2015-10-08', 7.1, 7.22, 7.07, 7.2, 165300.0, 6.158956, 0.02999999999999936, 0.5999999999999996, 0.2950489601555798, 0.0, 0.1, -0.5, 0.009859154929577505
'2015-10-07', 7.07, 7.1, 6.98, 7.06, 157500.0, 6.039198, 0.20999999999999996, 0.6900000000000004, 0.2843481824961941, 0.0, 0.5, -0.1, 0.008015087223008012
'2015-10-06', 6.86, 7.1, 6.81, 7.0, 162900.0, 5.987874, 0.5, 0.41000000000000014, 0.26672082783314843, 0.0, 0.8, 0.0, 0.013848396501457721
'2015-10-05', 6.36, 6.8, 6.28, 6.79, 97300.0, 5.808237, -0.13999999999999968, -0.2699999999999996, 0.2587113363491355, 1.0, 1.0, 0.0, 0.027672955974842765
'2015-10-02', 6.5, 6.5, 6.25, 6.26, 65600.0, 5.35487, 0.1200000000000001, -0.21999999999999975, 0.2628730153937871, 0.0, 0.8, 0.0, 0.01897435897435898
'2015-10-01', 6.38, 6.45, 6.28, 6.28, 61600.0, 5.371978, -0.07000000000000028, -0.71, 0.26716952587365866, 0.0, 0.5, 0.0, 0.019256605463502025
'2015-09-30', 6.45, 6.45, 6.25, 6.32, 62200.0, 5.406195, -0.17999999999999972, -0.5499999999999998, 0.26725684691364265, 0.0, 0.1, 0.0, 0.015310077519379845
'2015-09-29', 6.63, 6.64, 6.35, 6.35, 82600.0, 5.431857, -0.08999999999999986, -0.2999999999999998, 0.26706657513727833, 0.0, 0.0, 0.0, 0.010222892575833758
'2015-09-28', 6.72, 6.9, 6.36, 6.58, 128500.0, 5.628601, -0.3700000000000001, -0.23000000000000043, 0.26706657513727833, 0.0, 0.0, 0.0, 0.007738095238095244
'2015-09-25', 7.09, 7.09, 6.8, 6.81, 108800.0, 5.825346, 0.08999999999999986, 0.07000000000000028, 0.2683521732516599, 0.0, 0.0, 0.0, 0.0019233235030132116
'2015-09-24', 7.0, 7.08, 6.8, 7.0, 112600.0, 5.987874, 0.07000000000000028, 0.5800000000000001, 0.24813280494301612, 0.0, 0.0, -0.1, 0.0028571428571428597
'2015-09-23', 6.93, 6.99, 6.71, 6.99, 86600.0, 5.979319, -0.020000000000000462, 0.5800000000000001, 0.23631452675524528, 0.0, 0.0, -0.5, 0.003441003441003446
'2015-09-22', 6.95, 6.99, 6.89, 6.99, 80400.0, 5.979319, -0.0699999999999994, 0.6400000000000006, 0.22493851011628335, 0.0, 0.0, -0.8, 0.002980472764645427
'2015-09-21', 7.02, 7.13, 6.88, 6.98, 101800.0, 5.970765, 0.5999999999999996, 0.6099999999999994, 0.22705579343706103, -1.0, 0.1, -1.0, 0.0
'2015-09-18', 6.42, 7.09, 6.42, 7.09, 205300.0, 6.064861, 0.07000000000000028, -0.04999999999999982, 0.214947280358076, 0.0, 0.5, -0.8, 0.09345794392523359
'2015-09-17', 6.35, 6.5, 6.27, 6.45, 104300.0, 5.517398, 0.040000000000000036, -0.08000000000000007, 0.2338444402208918, 0.0, 0.8, -0.5, 0.05275590551181102
'2015-09-16', 6.31, 6.5, 6.21, 6.35, 161700.0, 5.431857, -0.10000000000000053, -0.20000000000000018, 0.2763009631221401, 1.0, 1.0, -0.1, 0.03750660327522451
'2015-09-15', 6.41, 6.41, 6.28, 6.35, 65700.0, 5.431857, -0.05999999999999961, -0.2400000000000002, 0.3154624471399972, 0.0, 0.8, 0.0, 0.0237909516380655
'2015-09-14', 6.47, 6.51, 6.34, 6.41, 41600.0, 5.483181, 0.040000000000000036, 0.0, 0.3630012243627959, 0.0, 0.5, -0.1, 0.01700154559505409
'2015-09-11', 6.43, 6.45, 6.31, 6.42, 67700.0, 5.491736, -0.08000000000000007, 0.1200000000000001, 0.39329505463455805, 0.0, 0.1, -0.5, 0.015292897874546393
'2015-09-10', 6.51, 6.59, 6.49, 6.52, 78300.0, 5.491736, -0.14000000000000057, 0.2400000000000002, 0.40779965124501455, 0.0, 0.0, -0.8, 0.011191573403554965
'2015-09-09', 6.65, 6.75, 6.53, 6.53, 79800.0, 5.500159, 0.1800000000000006, 0.39000000000000057, 0.41993121129801986, -1.0, 0.0, -1.0, 0.0
'2015-09-08', 6.47, 6.62, 6.42, 6.62, 95500.0, 5.575965, 0.16000000000000014, 0.17999999999999972, 0.43731262654230935, 0.0, 0.1, -0.8, 0.027820710973724978
'2015-09-04', 6.31, 6.35, 6.3, 6.34, 60300.0, 5.340124, 0.040000000000000036, 0.0699999999999994, 0.44474074845164946, 0.0, 0.5, -0.3, 0.0269413629160064
'2015-09-03', 6.27, 6.43, 6.27, 6.32, 74900.0, 5.323278, 0.009999999999999787, -0.010000000000000675, 0.4529429691841273, 0.0, 0.8, -0.3, 0.020202020202020245
'2015-09-02', 6.26, 6.3, 6.2, 6.27, 69500.0, 5.281163, -0.03000000000000025, 0.13999999999999968, 0.46269740531895015, 1.0, 1.0, -0.8, 0.015575079872204496
'2015-09-01', 6.29, 6.33, 6.21, 6.23, 68400.0, 5.247471, 0.04999999999999982, 0.08999999999999986, 0.4638486343146388, -1.0, 0.8, -1.0, 0.0
'2015-08-31', 6.24, 6.37, 6.21, 6.31, 98000.0, 5.314855, -0.040000000000000036, -0.17999999999999972, 0.4602776939582837, 0.0, 0.5, -0.8, 0.008012820512820484
'2015-08-28', 6.28, 6.38, 6.23, 6.33, 73700.0, 5.3317, 0.16000000000000014, -0.23999999999999932, 0.46315116322859423, 0.0, 0.8, -0.5, 0.0007961783439490276
'2015-08-27', 6.12, 6.28, 6.06, 6.25, 82900.0, 5.264317, -0.08000000000000007, -0.6799999999999997, 0.4632345218377211, 1.0, 1.0, -0.1, 0.009259259259259255
'2015-08-26', 6.2, 6.23, 5.91, 6.16, 140200.0, 5.188511, -0.21999999999999975, -0.5800000000000001, 0.45693678142848404, 0.0, 0.8, 0.0, 0.0036290322580645102
'2015-08-25', 6.42, 6.42, 6.11, 6.15, 96800.0, 5.180088, -0.09999999999999964, -0.2599999999999998, 0.4528675302999764, 0.0, 0.5, 0.0, -0.004049844236760121
'2015-08-24', 6.52, 6.52, 5.6, 6.32, 224500.0, 5.323278, -0.28000000000000025, -0.08000000000000007, 0.47453474290321696, 0.0, 0.1, 0.0, -0.0058793456032719725
'2015-08-21', 6.8, 6.8, 6.7, 6.76, 83400.0, 5.693886, 0.019999999999999574, 0.16999999999999993, 0.5075046797813789, 0.0, 0.0, 0.0, -0.01071428571428571
'2015-08-20', 6.78, 6.86, 6.76, 6.82, 43300.0, 5.744423, 0.10000000000000053, 0.010000000000000675, 0.5673384253590523, 0.0, 0.0, 0.0, -0.009033923303834812
'2015-08-19', 6.68, 6.78, 6.59, 6.76, 44700.0, 5.693886, 0.08000000000000007, 0.17999999999999972, 0.6225463838140899, 0.0, 0.0, -0.1, -0.006487025948103788
'2015-08-18', 6.6, 6.69, 6.54, 6.64, 37300.0, 5.592811, -0.03000000000000025, 0.35999999999999943, 0.659870357637687, 0.0, 0.0, -0.5, -0.004696969696969691
'2015-08-17', 6.63, 6.75, 6.55, 6.6, 70900.0, 5.559119, -0.13999999999999968, -0.04999999999999982, 0.6762136414543033, 0.0, 0.1, -0.8, -0.00466200466200466
'2015-08-14', 6.77, 6.85, 6.61, 6.71, 50900.0, 5.651771, 0.2699999999999996, -0.21000000000000085, 0.6856757413108783, -1.0, 0.5, -1.0, 0.0
'2015-08-13', 6.5, 6.86, 6.47, 6.82, 110400.0, 5.744423, 0.2599999999999998, -0.33999999999999986, 0.6876817739494209, 0.0, 0.8, -0.8, 0.041538461538461476
'2015-08-12', 6.24, 6.55, 6.11, 6.54, 140500.0, 5.508582, -0.4399999999999995, -0.7599999999999998, 0.6672700602704527, 1.0, 1.0, -0.5, 0.042467948717948664
'2015-08-11', 6.68, 6.77, 6.35, 6.5, 186400.0, 5.390661, -0.3000000000000007, -0.6600000000000001, 0.6213505898891186, 0.0, 0.8, -0.1, 0.004491017964071849
'2015-08-10', 6.98, 6.98, 6.61, 6.81, 157000.0, 5.647754, 0.14000000000000057, -0.4399999999999995, 0.6059652538627022, 0.0, 0.5, 0.0, -0.007521489971346735
'2015-08-07', 6.84, 6.99, 6.74, 6.98, 67300.0, 5.78874, -0.16000000000000014, -0.75, 0.6076204955946324, 0.0, 0.1, 0.0, -0.002046783625731002
'2015-08-06', 7.0, 7.06, 6.72, 6.84, 102200.0, 5.672634, -0.33999999999999986, -0.46999999999999975, 0.6022023469454988, 0.0, 0.0, -0.1, -0.005476190476190486
'2015-08-05', 7.34, 7.34, 7.0, 7.01, 117600.0, 5.81362, -0.08000000000000007, 0.04999999999999982, 0.600635219302587, 0.0, 0.0, -0.5, -0.011093810821331264
'2015-08-04', 7.42, 7.44, 7.29, 7.3, 51400.0, 6.054127, -0.16999999999999993, 0.16000000000000014, 0.6121257133047826, 0.0, 0.0, -0.8, -0.010950134770889493
'2015-08-03', 7.59, 7.61, 7.42, 7.45, 71900.0, 6.178526, 0.1200000000000001, 0.20999999999999996, 0.6435913990171784, -1.0, 0.0, -1.0, 0.0
'2015-07-31', 7.47, 7.67, 7.47, 7.58, 60900.0, 6.28634, 0.17999999999999972, 0.21999999999999975, 0.6563146264474753, 0.0, 0.0, -0.8, 0.016064257028112466
'2015-07-30', 7.29, 7.48, 7.28, 7.43, 80500.0, 6.16194, 0.03000000000000025, -0.1299999999999999, 0.656074944905941, 0.0, 0.1, -0.5, 0.020576131687242784
'2015-07-29', 7.26, 7.43, 7.26, 7.36, 52800.0, 6.103887, -0.1200000000000001, -0.29000000000000004, 0.6392631174511271, 0.0, 0.5, -0.1, 0.015151515151515154
'2015-07-28', 7.38, 7.38, 7.24, 7.27, 162000.0, 6.029247, 0.1299999999999999, -0.08000000000000007, 0.6191956251639884, 0.0, 0.8, 0.0, 0.007113821138211381
'2015-07-27', 7.25, 7.45, 7.16, 7.35, 138000.0, 6.095593, -0.16999999999999993, -0.13999999999999968, 0.6094614197980233, 1.0, 1.0, 0.0, 0.009379310344827581
'2015-07-24', 7.42, 7.56, 7.27, 7.32, 126000.0, 6.070713, -0.1299999999999999, -0.25, 0.5999537945171742, 0.0, 0.8, 0.0, 0.0038185085354896665
'2015-07-23', 7.55, 7.65, 7.37, 7.48, 126500.0, 6.203406, 0.08999999999999986, -0.1200000000000001, 0.5817885259171832, 0.0, 0.5, 0.0, 0.000756859035004731
'2015-07-22', 7.46, 7.55, 7.46, 7.52, 59900.0, 6.23658, 0.07000000000000028, -0.3700000000000001, 0.585300397706644, 0.0, 0.1, 0.0, 0.0021782841823056284
'2015-07-21', 7.39, 7.58, 7.3, 7.47, 100900.0, 6.195113, -0.28000000000000025, -0.5100000000000007, 0.5782022906292303, 0.0, 0.0, 0.0, 0.0030070666065253374
'2015-07-20', 7.67, 7.68, 7.31, 7.45, 158300.0, 6.178526, 0.0, -0.5299999999999994, 0.5625402701634394, 0.0, 0.0, 0.0, -0.001043024771838332
'2015-07-17', 7.67, 7.69, 7.47, 7.62, 147300.0, 6.319513, -0.16000000000000014, -0.7300000000000004, 0.5615305473040229, 0.0, 0.0, 0.0, -0.0009482043380348473
'2015-07-16', 7.83, 7.91, 7.45, 7.6, 217400.0, 6.302926, -0.07000000000000028, -0.9000000000000004, 0.5472030904721045, 0.0, 0.0, 0.0, -0.0025542784163473838
'2015-07-15', 7.9, 7.93, 7.73, 7.83, 137200.0, 6.493673, -0.29999999999999893, -0.9399999999999995, 0.5456088342393294, 0.0, 0.0, 0.0, -0.003018500486854922
'2015-07-14', 8.2, 8.24, 7.9, 7.93, 263700.0, 6.576606, -0.20000000000000107, -0.6000000000000014, 0.5341456314110933, 0.0, 0.0, -0.1, -0.005313588850174212
'2015-07-13', 8.4, 8.59, 8.16, 8.2, 168700.0, 6.800526, -0.33000000000000007, -0.2599999999999998, 0.5353935209004888, 0.0, 0.0, -0.5, -0.006428571428571433
'2015-07-10', 8.73, 8.76, 8.54, 8.6, 107600.0, 7.049326, -0.10999999999999943, 0.08999999999999986, 0.5423509523874329, 0.0, 0.0, -0.8, -0.008161512027491413
'2015-07-09', 8.84, 8.92, 8.61, 8.67, 75000.0, 7.106704, 0.03999999999999915, 0.35999999999999943, 0.5490821634529955, -1.0, 0.0, -1.0, 0.0
'2015-07-08', 8.8, 8.9, 8.79, 8.83, 62400.0, 7.237854, 0.14000000000000057, 0.41999999999999993, 0.5519521919715711, 0.0, 0.0, -0.8, 0.004545454545454448
'2015-07-07', 8.66, 8.9, 8.66, 8.85, 94900.0, 7.254248, 0.019999999999999574, 0.2699999999999996, 0.5656010568904158, 0.0, 0.0, -0.5, 0.010392609699769037
'2015-07-06', 8.64, 8.75, 8.61, 8.69, 79000.0, 7.123097, 0.16000000000000014, 0.02000000000000135, 0.5706983051977248, 0.0, 0.0, -0.1, 0.007716049382716021
'2015-07-02', 8.48, 8.71, 8.48, 8.64, 88800.0, 7.082114, 0.09999999999999964, -0.28999999999999915, 0.5734438846904628, 0.0, 0.0, 0.0, 0.010613207547169793
'2015-07-01', 8.38, 8.57, 8.34, 8.48, 90000.0, 6.950963, -0.009999999999999787, -0.5299999999999994, 0.5625328632375376, 0.0, 0.0, 0.0, 0.010978520286396157
'2015-06-30', 8.39, 8.49, 8.17, 8.35, 140300.0, 6.844404, -0.22999999999999865, -0.5599999999999987, 0.5416547691001058, 0.0, 0.0, 0.0, 0.008939213349225254
'2015-06-29', 8.62, 8.62, 8.27, 8.39, 230500.0, 6.877191, -0.15000000000000036, -0.39000000000000057, 0.5116141123933154, 0.0, 0.0, 0.0, 0.003646005966191592
'2015-06-26', 8.77, 8.77, 8.57, 8.62, 109700.0, 7.065719, -0.14000000000000057, -0.6300000000000008, 0.49731065631945687, 0.0, 0.0, 0.0, 0.0009977194982896279
'2015-06-25', 8.91, 8.91, 8.73, 8.76, 168600.0, 7.180476, -0.03999999999999915, -0.16999999999999993, 0.4848263148340398, 0.0, 0.0, 0.0, -0.0008729267988527283
'2015-06-24', 8.95, 8.96, 8.86, 8.9, 133800.0, 7.295232, -0.0600000000000005, -0.010000000000001563, 0.4773789549892901, 0.0, 0.0, 0.0, -0.0012290502793296026
'2015-06-23', 9.01, 9.04, 8.89, 8.94, 143000.0, 7.32802, -0.39000000000000057, 0.1899999999999995, 0.4800788129741476, 0.0, 0.0, 0.0, -0.0017152658662092618
'2015-06-22', 9.4, 9.4, 9.05, 9.07, 140800.0, 7.434579, 0.3200000000000003, 0.47000000000000064, 0.47644155523584997, 0.0, 0.1, 0.0, -0.004964539007092202
'2015-06-19', 9.08, 9.4, 9.05, 9.37, 183100.0, 7.680486, 0.11999999999999922, -0.09999999999999964, 0.4801815628835964, 0.0, 0.5, 0.0, -0.002033209081667233
'2015-06-18', 8.96, 9.17, 8.96, 9.05, 89100.0, 7.418186, 0.14000000000000057, -0.5299999999999994, 0.4785784505526061, 0.0, 0.8, 0.0, -0.0009566326530612324
'2015-06-17', 8.82, 9.05, 8.79, 8.99, 205400.0, 7.369004, -0.10999999999999943, -0.4399999999999995, 0.45954276792868315, 1.0, 1.0, 0.0, 0.0001511715797430051
'2015-06-16', 8.93, 9.0, 8.6, 8.86, 440600.0, 7.262445, -0.25, -0.7400000000000002, 0.4174021508755741, 0.0, 0.8, 0.0, -0.000629899216125419
'2015-06-15', 9.18, 9.29, 8.91, 9.01, 289300.0, 7.385398, -0.3100000000000005, -0.5600000000000005, 0.37955880820880555, 0.0, 0.5, 0.0, -0.002178649237472766
'2015-06-12', 9.49, 9.59, 9.2, 9.31, 231700.0, 7.631305, 0.23000000000000043, -0.3699999999999992, 0.3545019981137858, 0.0, 0.1, 0.0, -0.0038051750380517528
'2015-06-11', 9.26, 9.63, 9.04, 9.56, 248100.0, 7.836228, -0.41000000000000014, -0.6799999999999997, 0.3513183108742775, 0.0, 0.0, 0.0, -0.0023871774468568825
'2015-06-10', 9.67, 9.76, 9.61, 9.65, 123800.0, 7.807538, -0.07000000000000028, -0.22000000000000064, 0.3286776536365074, 0.0, 0.0, 0.0, -0.0042916235780765255
'2015-06-09', 9.74, 9.75, 9.67, 9.67, 109100.0, 7.82372, -0.11999999999999922, -0.33000000000000007, 0.32979269582909526, 0.0, 0.0, 0.0, -0.004400117336462308
'2015-06-08', 9.86, 9.93, 9.7, 9.74, 145500.0, 7.880354, -0.08000000000000007, -0.13000000000000078, 0.32994090379945307, 0.0, 0.0, -0.1, -0.00470219435736677
'2015-06-05', 9.94, 9.94, 9.85, 9.87, 103400.0, 7.985534, 0.049999999999998934, -0.08000000000000007, 0.33573882044761444, 0.0, 0.0, -0.5, -0.004811477561018283
'2015-06-04', 9.89, 9.98, 9.85, 9.96, 63600.0, 8.05835, -0.17999999999999972, -0.16000000000000014, 0.3382477724325106, 0.0, 0.0, -0.8, -0.004423660262891813
'2015-06-03', 10.07, 10.07, 9.94, 9.97, 85900.0, 8.066441, 0.08000000000000007, 0.20000000000000107, 0.3375065431464501, -1.0, 0.0, -1.0, 0.0
'2015-06-02', 9.99, 10.1, 9.99, 10.06, 69800.0, 8.139258, -0.02999999999999936, 0.25, 0.3408029733829601, 0.0, 0.0, -0.8, 0.008008008008008015
'2015-06-01', 10.02, 10.06, 9.96, 10.06, 58400.0, 8.139258, -0.030000000000001137, -0.08000000000000007, 0.33763573402246516, 0.0, 0.1, -0.5, 0.0024950099800399557
'2015-05-29', 10.05, 10.07, 9.94, 9.98, 98500.0, 8.074531, 0.1800000000000015, -0.049999999999998934, 0.33202342621501196, 0.0, 0.5, -0.1, 0.0006633499170812462
'2015-05-28', 9.87, 10.07, 9.87, 10.03, 70500.0, 8.114985, 0.129999999999999, -0.2900000000000009, 0.3290187431337815, 0.0, 0.8, 0.0, 0.005065856129685944
'2015-05-27', 9.74, 9.9, 9.74, 9.88, 97800.0, 7.993625, -0.35999999999999943, -0.40000000000000036, 0.3095209560308028, 1.0, 1.0, 0.0, 0.006776180698151952
'2015-05-26', 10.1, 10.1, 9.57, 9.71, 410100.0, 7.856082, 0.0, -0.09999999999999964, 0.27295522628364444, 0.0, 0.8, 0.0, -0.0004950495049504845
'2015-05-22', 10.1, 10.12, 10.04, 10.07, 60800.0, 8.147348, -0.0600000000000005, -0.05000000000000071, 0.2592512723637479, 0.0, 0.5, 0.0, -0.00042432814710041526
'2015-05-21', 10.16, 10.19, 10.11, 10.12, 42900.0, 8.187801, 0.019999999999999574, -0.16000000000000014, 0.24706814174771016, 0.0, 0.1, 0.0, -0.0011072834645669274
'2015-05-20', 10.14, 10.18, 10.11, 10.13, 100100.0, 8.195892, -0.05999999999999872, -0.14999999999999858, 0.2338793611149892, 0.0, 0.0, 0.0, -0.0007670392285776932
'2015-05-19', 10.2, 10.2, 10.11, 10.16, 83200.0, 8.220164, 0.049999999999998934, -0.14000000000000057, 0.21779705130133317, 0.0, 0.0, 0.0, -0.001274509803921559
'2015-05-18', 10.15, 10.24, 10.12, 10.2, 110200.0, 8.252527, -0.16999999999999993, -0.4499999999999993, 0.2001166326587239, 0.0, 0.0, 0.0, -0.0007165248544558896
'2015-05-15', 10.32, 10.35, 10.14, 10.16, 154900.0, 8.220164, 0.030000000000001137, -0.20999999999999908, 0.17480814880573756, 0.0, 0.0, 0.0, -0.002018733850129199
'2015-05-14', 10.29, 10.39, 10.29, 10.32, 113400.0, 8.349616, -0.05000000000000071, -0.11000000000000121, 0.16126031405429206, 0.0, 0.0, 0.0, -0.0016446138895118403
'2015-05-13', 10.34, 10.4, 10.21, 10.25, 132600.0, 8.292981, -0.2599999999999998, -0.33000000000000007, 0.14172116598761414, 0.0, 0.0, 0.0, -0.0018651561204752667
'2015-05-12', 10.6, 10.67, 10.41, 10.46, 192300.0, 8.361752, 0.07000000000000028, 0.0, 0.12309030108916878, 0.0, 0.0, 0.0, -0.003333333333333329
'2015-05-11', 10.53, 10.68, 10.53, 10.67, 105000.0, 8.529626, 0.129999999999999, 0.0, 0.12139970712027638, 0.0, 0.0, 0.0, -0.0027302943969610585
'2015-05-08', 10.4, 10.51, 10.36, 10.5, 110200.0, 8.393728, -0.2699999999999996, -0.2599999999999998, 0.11584280536811746, 0.0, 0.0, 0.0, -0.0018665158371040727
'2015-05-07', 10.67, 10.68, 10.29, 10.46, 146700.0, 8.361752, 0.07000000000000028, 0.0, 0.10091580649234293, 0.0, 0.0, 0.0, -0.0031240237425804417
'2015-05-06', 10.6, 10.6, 10.4, 10.49, 132200.0, 8.385734, 0.07000000000000028, -0.16999999999999993, 0.10126148768850327, 0.0, 0.0, 0.0, -0.002631578947368418
'2015-05-05', 10.53, 10.68, 10.53, 10.6, 93700.0, 8.473668, -0.13000000000000078, -0.33000000000000007, 0.09729451280633573, 0.0, 0.0, 0.0, -0.0021842355175688464
'2015-05-04', 10.66, 10.69, 10.59, 10.68, 73900.0, 8.537621, -0.009999999999999787, -0.1899999999999995, 0.08777243302996676, 0.0, 0.0, 0.0, -0.0026355758063075128
'2015-05-01', 10.67, 10.75, 10.57, 10.61, 82400.0, 8.481662, -0.09999999999999964, -0.16999999999999993, 0.0864458725960291, 0.0, 0.0, 0.0, -0.0025560194257476343
'2015-04-30', 10.77, 10.8, 10.52, 10.6, 153300.0, 8.473668, -0.08999999999999986, -0.13000000000000078, 0.0887574722988938, 0.0, 0.0, 0.0, -0.0028258851075854802
'2015-04-29', 10.86, 10.86, 10.75, 10.78, 80200.0, 8.61756, 0.009999999999999787, 0.02999999999999936, 0.12565428763078487, 0.0, 0.0, 0.0, -0.003031000613873539
'2015-04-28', 10.85, 10.86, 10.8, 10.82, 54500.0, 8.649536, 0.009999999999999787, -0.019999999999999574, 0.12929037087115194, 0.0, 0.0, 0.0, -0.002875576036866357
'2015-04-27', 10.84, 10.9, 10.81, 10.85, 55600.0, 8.673519, -0.0600000000000005, -0.009999999999999787, 0.13633129582829556, 0.0, 0.0, 0.0, -0.002732046551234742
'2015-04-24', 10.9, 10.91, 10.84, 10.88, 86800.0, 8.697501, 0.07000000000000028, 0.08000000000000007, 0.14039784740356806, 0.0, 0.0, 0.0, -0.002820251444104655
'2015-04-23', 10.83, 10.87, 10.8, 10.84, 46200.0, 8.665525, -0.03999999999999915, 0.0600000000000005, 0.14648511490553878, 0.0, 0.0, 0.0, -0.0025062656641604004
'2015-04-22', 10.87, 10.9, 10.81, 10.85, 62500.0, 8.673519, 0.019999999999999574, 0.0, 0.159410023384841, 0.0, 0.0, 0.0, -0.0025378295213019037
'2015-04-21', 10.85, 10.87, 10.75, 10.75, 46100.0, 8.593579, 0.02999999999999936, 0.08999999999999986, 0.16456980957096057, 0.0, 0.0, -0.1, -0.0023963133640552974
'2015-04-20', 10.82, 10.86, 10.78, 10.82, 41700.0, 8.649536, 0.05000000000000071, 0.09999999999999964, 0.1722340139332402, 0.0, 0.0, -0.5, -0.0022360026235764114
'2015-04-17', 10.77, 10.85, 10.73, 10.77, 72600.0, 8.609567, -0.09999999999999964, 0.07000000000000028, 0.18407848567632482, 0.0, 0.0, -0.8, -0.0020311049210770637
'2015-04-16', 10.87, 10.89, 10.72, 10.83, 98600.0, 8.657531, 0.10999999999999943, 0.0, 0.1944519363636053, -1.0, 0.1, -1.0, 0.0
'2015-04-15', 10.76, 10.89, 10.76, 10.87, 44700.0, 8.689507, 0.03999999999999915, -0.040000000000000924, 0.2025010288039711, 0.0, 0.5, -0.8, 0.010223048327137494
'2015-04-14', 10.72, 10.78, 10.7, 10.76, 51600.0, 8.601573, 0.02000000000000135, -0.1399999999999988, 0.2062924030485748, 0.0, 0.8, -0.5, 0.006996268656716351
'2015-04-13', 10.7, 10.83, 10.7, 10.73, 59100.0, 8.57759, -0.16999999999999993, 0.0, 0.21078714909173735, 1.0, 1.0, -0.8, 0.005295950155763239
'2015-04-10', 10.87, 10.88, 10.77, 10.85, 80500.0, 8.573594, 0.06999999999999851, 0.25, 0.2129120840994133, -1.0, 0.8, -1.0, 0.0
'2015-04-09', 10.8, 10.83, 10.75, 10.81, 86600.0, 8.541986, -0.05999999999999872, 0.19000000000000128, 0.21671922439465843, 0.0, 0.5, -0.8, 0.0064814814814813425
'2015-04-08', 10.86, 10.87, 10.75, 10.86, 72300.0, 8.581495, 0.16000000000000014, 0.16999999999999993, 0.21846332008422448, 0.0, 0.1, -0.5, 0.00046040515653774343
'2015-04-07', 10.7, 10.82, 10.68, 10.8, 85900.0, 8.534084, 0.08000000000000007, -0.05000000000000071, 0.2186432914335333, 0.0, 0.5, -0.1, 0.005295950155763239
'2015-04-06', 10.62, 10.76, 10.62, 10.68, 74100.0, 8.439261, 0.009999999999999787, -0.040000000000000924, 0.2163166403420897, 0.0, 0.8, -0.1, 0.00588512241054614
'2015-04-02', 10.61, 10.68, 10.6, 10.62, 109600.0, 8.391849, -0.08000000000000007, -0.07000000000000028, 0.21128311706228597, 1.0, 1.0, -0.5, 0.00490103675777568
'2015-04-01', 10.69, 10.74, 10.54, 10.61, 89100.0, 8.383947, -0.0600000000000005, 0.08999999999999986, 0.20500298100813633, 0.0, 0.8, -0.8, 0.0028063610851262817
'2015-03-31', 10.75, 10.75, 10.59, 10.65, 64100.0, 8.415555, 0.08999999999999986, -0.08999999999999986, 0.201605775931368, -1.0, 0.3, -1.0, 0.0
'2015-03-30', 10.66, 10.68, 10.6, 10.68, 74700.0, 8.439261, -0.019999999999999574, -0.10999999999999943, 0.19948823412812, 0.0, 0.3, -0.8, 0.008442776735459649
'2015-03-27', 10.68, 10.68, 10.58, 10.62, 86700.0, 8.391849, 0.08000000000000007, -0.10999999999999943, 0.19424526306250633, 0.0, 0.8, -0.5, 0.0032771535580524477
'2015-03-26', 10.6, 10.71, 10.6, 10.63, 55400.0, 8.399751, -0.2400000000000002, -0.09999999999999964, 0.18920770479966093, 1.0, 1.0, -0.8, 0.004716981132075484
'2015-03-25', 10.84, 10.84, 10.66, 10.68, 93000.0, 8.439261, 0.07000000000000028, 0.22000000000000064, 0.17926888556950812, -1.0, 0.8, -1.0, 0.0
'2015-03-24', 10.77, 10.77, 10.5, 10.72, 63100.0, 8.470869, -0.019999999999999574, 0.5, 0.17899596519350824, 0.0, 0.5, -0.8, 0.006499535747446637
'2015-03-23', 10.79, 10.79, 10.65, 10.75, 92800.0, 8.494574, 0.08999999999999986, -0.16000000000000014, 0.1760252507138932, 0.0, 0.1, -0.5, 0.0023169601482854827
'2015-03-20', 10.7, 10.75, 10.53, 10.75, 157600.0, 8.494574, 0.08000000000000007, -0.3100000000000005, 0.17346821674941573, 0.0, 0.5, -0.1, 0.004361370716510922
'2015-03-19', 10.62, 10.79, 10.57, 10.6, 159000.0, 8.376046, 0.34999999999999964, -0.34000000000000163, 0.16665333279995748, 0.0, 0.8, 0.0, 0.005178907721280618
'2015-03-18', 10.27, 10.64, 10.25, 10.62, 299200.0, 8.391849, -0.6799999999999997, -0.7599999999999998, 0.15364316523107122, 1.0, 1.0, 0.0, 0.011100292112950348
'2015-03-17', 10.95, 11.0, 10.01, 10.23, 593200.0, 8.083674, -0.0600000000000005, -0.16999999999999993, 0.0809149072929224, 0.0, 0.8, 0.0, -0.0016742770167427617
'2015-03-16', 11.01, 11.09, 10.97, 11.04, 76400.0, 8.72373, 0.049999999999998934, -0.009999999999999787, 0.08038034585643435, 0.0, 0.5, 0.0, -0.0022057869469313605
'2015-03-13', 10.96, 11.0, 10.94, 10.98, 71100.0, 8.676318, -0.06999999999999851, -0.10999999999999943, 0.08051845889125192, 0.0, 0.1, 0.0, -0.0013686131386861427
'2015-03-12', 11.03, 11.03, 10.94, 11.0, 71200.0, 8.692123, -0.08999999999999986, -0.120000000000001, 0.0805122488955701, 0.0, 0.0, 0.0, -0.001913971995567639
'2015-03-11', 11.12, 11.12, 11.02, 11.03, 75500.0, 8.617054, 0.09999999999999964, -0.030000000000001137, 0.080628778981205, 0.0, 0.0, 0.0, -0.002517985611510786
'2015-03-10', 11.02, 11.11, 11.01, 11.07, 110600.0, 8.648303, -0.05000000000000071, -0.11000000000000121, 0.07813165527208267, 0.0, 0.0, 0.0, -0.001484903481273715
'2015-03-09', 11.07, 11.11, 11.01, 11.05, 73200.0, 8.632679, -0.08000000000000007, 0.019999999999999574, 0.07808044284938172, 0.0, 0.0, 0.0, -0.0017314062029509215
'2015-03-06', 11.15, 11.15, 11.0, 11.02, 153700.0, 8.609242, 0.0, 0.05000000000000071, 0.07952986860293437, 0.0, 0.0, 0.0, -0.0021386685063815142
'2015-03-05', 11.15, 11.2, 11.06, 11.18, 120000.0, 8.73424, 0.019999999999999574, 0.08000000000000007, 0.07536946036396677, 0.0, 0.0, 0.0, -0.0019859064702114062
'2015-03-04', 11.13, 11.15, 11.07, 11.09, 89600.0, 8.663928, 0.08000000000000007, 0.05000000000000071, 0.07093345864650585, 0.0, 0.0, 0.0, -0.0017370470200658934
'2015-03-03', 11.05, 11.14, 11.04, 11.09, 119100.0, 8.663928, -0.049999999999998934, 0.02000000000000135, 0.06921865516045665, 0.0, 0.0, 0.0, -0.001187782805429869
'2015-03-02', 11.1, 11.11, 11.03, 11.08, 89700.0, 8.656116, 0.02999999999999936, 0.17999999999999972, 0.06851520512509118, 0.0, 0.0, 0.0, -0.001377848436671965
'2015-02-27', 11.07, 11.12, 11.03, 11.05, 144100.0, 8.632679, -0.009999999999999787, 0.1899999999999995, 0.06642957841872008, 0.0, 0.0, 0.0, -0.0011542708019672812
'2015-02-26', 11.08, 11.09, 11.03, 11.04, 76900.0, 8.624866, 0.05000000000000071, 0.13000000000000078, 0.06494527610911263, 0.0, 0.0, 0.0, -0.0011400342010260318
'2015-02-25', 11.03, 11.09, 11.0, 11.08, 74900.0, 8.656116, 0.10999999999999943, 0.08999999999999986, 0.06266755318521863, 0.0, 0.0, 0.0, -0.0008612873980054375
'2015-02-24', 10.92, 11.01, 10.9, 11.0, 77300.0, 8.593617, 0.03999999999999915, -0.05000000000000071, 0.06366230351541544, 0.0, 0.0, 0.0, -0.0003488574917146349
'2015-02-23', 10.88, 10.95, 10.88, 10.95, 80000.0, 8.554555, -0.06999999999999851, -0.009999999999999787, 0.06442997921947681, 0.0, 0.0, 0.0, -0.00016711229946524448
'2015-02-20', 10.95, 10.95, 10.85, 10.89, 102800.0, 8.507681, 0.009999999999999787, -0.040000000000000924, 0.062475773082229416, 0.0, 0.0, 0.0, -0.0004367679174111552
'2015-02-19', 10.94, 10.95, 10.9, 10.95, 69600.0, 8.554555, -0.030000000000001137, 0.07000000000000028, 0.06200716804441957, 0.0, 0.0, -0.1, -0.0003808653260207177
'2015-02-18', 10.97, 10.97, 10.81, 10.93, 80800.0, 8.53893, 0.08000000000000007, -0.02999999999999936, 0.06191840508999637, 0.0, 0.1, -0.5, -0.00047402005469462455
'2015-02-17', 10.89, 10.98, 10.89, 10.96, 85300.0, 8.562367, -0.09999999999999964, -0.14999999999999858, 0.06374340924536608, 0.0, 0.5, -0.8, -0.00017659108568199728
'2015-02-13', 10.99, 11.0, 10.87, 10.89, 97700.0, 8.507681, 0.120000000000001, 0.08000000000000007, 0.06374340924536608, -1.0, 0.8, -1.0, -0.0005055100596501882
'2015-02-12', 10.87, 10.98, 10.85, 10.98, 101400.0, 8.577992, -0.13000000000000078, -0.13000000000000078, 0.07284687135812118, 1.0, 1.0, -0.8, -9.85674858719916e-05
'2015-02-11', 11.0, 11.03, 10.96, 10.99, 159700.0, 8.488149, -0.03999999999999915, 0.07000000000000028, 0.07098043548909942, 0.0, 0.8, -0.5, -0.0005015673981191227
'2015-02-10', 11.04, 11.05, 10.95, 10.96, 82800.0, 8.464979, 0.129999999999999, 0.09999999999999964, 0.07243771270700232, 0.0, 0.5, -0.1, -0.0006038647342995148
'2015-02-09', 10.91, 11.03, 10.91, 11.0, 118400.0, 8.495873, -0.08999999999999986, 0.009999999999999787, 0.07999999999999997, 0.0, 0.1, 0.0, -0.0002069719996451917
'2015-02-06', 11.0, 11.0, 10.9, 10.92, 177200.0, 8.434085, 0.07000000000000028, 0.009999999999999787, 0.07922471555995358, 0.0, 0.0, 0.0, -0.0004545454545454549
'2015-02-05', 10.93, 11.04, 10.93, 10.97, 98800.0, 8.472703, -0.009999999999999787, -0.09999999999999964, 0.07961295260334347, 0.0, 0.0, 0.0, -0.0002495217499792061
'2015-02-04', 10.94, 10.99, 10.9, 10.94, 101600.0, 8.449532, 0.03999999999999915, -0.11000000000000121, 0.07899999999999996, 0.0, 0.0, 0.0, -0.00026884611248521254
'2015-02-03', 10.9, 11.04, 10.86, 10.96, 123200.0, 8.464979, -0.08999999999999986, -0.1399999999999988, 0.08292499958128156, 0.0, 0.0, 0.0, -0.00015727391874180996
'2015-02-02', 10.99, 11.02, 10.88, 10.88, 79300.0, 8.403191, -0.03999999999999915, -0.049999999999998934, 0.08616779496359926, 0.0, 0.0, 0.0, -0.0003791325447376412
'2015-01-30', 11.03, 11.04, 10.94, 10.94, 63400.0, 8.449532, -0.02000000000000135, 0.02999999999999936, 0.11000252522354002, 0.0, 0.0, 0.0, -0.0004655607556786149
'2015-01-29', 11.05, 11.05, 10.92, 10.94, 58900.0, 8.449532, 0.010000000000001563, -0.05999999999999872, 0.1422189235728572, 0.0, 0.0, 0.0, -0.0005001190759704712
'2015-01-28', 11.04, 11.06, 10.95, 11.01, 72100.0, 8.503597, 0.0, 0.08999999999999986, 0.1462129345243511, 0.0, 0.0, -0.1, -0.00046451133407654987
'2015-01-27', 11.04, 11.04, 10.94, 11.0, 60100.0, 8.495873, 0.03999999999999915, -0.02000000000000135, 0.14622091353686562, 0.0, 0.0, -0.5, -0.0004528985507246361
'2015-01-26', 11.0, 11.07, 10.92, 11.03, 79700.0, 8.519043, -0.10999999999999943, -0.09999999999999964, 0.14636939570825583, 0.0, 0.0, -0.8, -0.00035476718403547704
'2015-01-23', 11.11, 11.11, 10.95, 10.98, 84900.0, 8.480426, 0.16000000000000014, 0.09999999999999964, 0.14570175016107384, -1.0, 0.0, -1.0, 0.0
'2015-01-22', 10.95, 11.09, 10.95, 11.09, 83200.0, 8.565385, -0.11000000000000121, 0.019999999999999574, 0.14446106741956458, 0.0, 0.0, -0.8, 0.014611872146118735
'2015-01-21', 11.06, 11.06, 10.91, 10.93, 85700.0, 8.441809, -0.03999999999999915, 0.040000000000000924, 0.14620533505997646, 0.0, 0.1, -0.5, 0.0022603978300180347
'2015-01-20', 11.1, 11.12, 10.99, 11.0, 91700.0, 8.495873, 0.08999999999999986, 0.1399999999999988, 0.14815494891797862, 0.0, 0.5, -0.1, 0.00030030030030029394
'2015-01-16', 11.01, 11.08, 10.96, 11.08, 68200.0, 8.557661, 0.08000000000000007, -0.05000000000000071, 0.1505043373313724, 0.0, 0.8, 0.0, 0.002270663033605805
'2015-01-15', 10.93, 11.0, 10.89, 10.97, 81600.0, 8.472703, -0.08999999999999986, -0.14000000000000057, 0.1518145798883185, 1.0, 1.0, 0.0, 0.003293687099725521
'2015-01-14', 11.02, 11.05, 10.89, 10.95, 169700.0, 8.457255, 0.05999999999999872, -0.040000000000000924, 0.15495554918176438, 0.0, 0.8, -0.1, 0.0013611615245009052
'2015-01-13', 10.96, 11.05, 10.93, 11.05, 94400.0, 8.534491, -0.09999999999999964, -0.019999999999999574, 0.1625163239664113, 0.0, 0.5, -0.5, 0.001955161626694455
'2015-01-12', 11.06, 11.07, 11.0, 11.05, 219700.0, 8.437947, -0.009999999999999787, 0.009999999999999787, 0.16861395750846564, 0.0, 0.1, -0.8, 0.0005650994575045087
'2015-01-09', 11.07, 11.09, 11.01, 11.07, 58900.0, 8.453219, 0.009999999999999787, 0.16000000000000014, 0.17007220688741453, -1.0, 0.0, -1.0, 0.0
'2015-01-08', 11.06, 11.09, 11.0, 11.06, 75500.0, 8.445584, 0.08000000000000007, 0.16999999999999993, 0.17062792529034884, 0.0, 0.1, -0.8, 0.0009041591320072139
'2015-01-07', 10.98, 11.1, 10.95, 11.06, 130800.0, 8.445584, -0.07000000000000028, 0.17999999999999972, 0.17114029332684913, 0.0, 0.5, -0.5, 0.004098360655737698
'2015-01-06', 11.05, 11.07, 10.93, 11.0, 150700.0, 8.399766, 0.14000000000000057, 0.14000000000000057, 0.17517102753848554, 0.0, 0.8, -0.1, 0.0006033182503770609
'2015-01-05', 10.91, 11.07, 10.9, 11.01, 96400.0, 8.407403, 0.019999999999999574, 0.0, 0.17429731941586343, 1.0, 1.0, 0.0, 0.0036663611365719555
'2015-01-02', 10.89, 10.93, 10.75, 10.9, 93000.0, 8.323405, 0.08999999999999986, 0.10000000000000142, 0.1741952927033333, 0.0, 0.8, 0.0, 0.003305785123966937
'2014-12-31', 10.8, 10.93, 10.78, 10.8, 82200.0, 8.247044, -0.10999999999999943, -0.21999999999999886, 0.1739249518869816, 0.0, 0.5, 0.0, 0.00416666666666666
'2014-12-30', 10.91, 10.93, 10.78, 10.79, 92800.0, 8.239407, 0.0, -0.11999999999999922, 0.17226626676940163, 0.0, 0.1, 0.0, 0.002095063506612546
'2014-12-29', 10.91, 10.98, 10.85, 10.87, 98100.0, 8.300496, 0.120000000000001, -0.08999999999999986, 0.17324997995831204, 0.0, 0.0, -0.1, 0.0018331805682859777
'2014-12-26', 10.79, 10.88, 10.79, 10.88, 44000.0, 8.308133, -0.23000000000000043, -0.05000000000000071, 0.17428106290956819, 0.0, 0.0, -0.5, 0.002883328184533016
'2014-12-24', 11.02, 11.02, 10.77, 10.79, 82100.0, 8.239407, -0.009999999999999787, 0.1899999999999995, 0.173578032404257, 0.0, 0.0, -0.8, 0.00045372050816697563
'2014-12-23', 11.03, 11.08, 11.0, 11.02, 76300.0, 8.415039, 0.02999999999999936, 0.4299999999999997, 0.17656884083992716, -1.0, 0.0, -1.0, 0.0
'2014-12-22', 11.0, 11.1, 10.97, 11.03, 144700.0, 8.422675, 0.16000000000000014, 0.5399999999999991, 0.18000648136479228, 0.0, 0.0, -0.8, 0.002727272727272669
'2014-12-19', 10.84, 11.09, 10.82, 10.93, 233600.0, 8.346314, 0.009999999999999787, 0.10999999999999943, 0.18064975320584667, 0.0, 0.1, -0.5, 0.00876383763837636
'2014-12-18', 10.83, 10.86, 10.72, 10.84, 111800.0, 8.277588, 0.23000000000000043, 0.0, 0.18131280521058987, 0.0, 0.5, -0.1, 0.006155740227762366
'2014-12-17', 10.6, 10.81, 10.56, 10.79, 135600.0, 8.239407, 0.1399999999999988, -0.21000000000000085, 0.18141082902872382, 0.0, 0.8, 0.0, 0.010141509433962258
'2014-12-16', 10.46, 10.61, 10.43, 10.6, 115100.0, 8.094321, -0.2699999999999996, -0.4499999999999993, 0.16705155558156945, 1.0, 1.0, 0.0, 0.0108986615678776
'2014-12-15', 10.73, 10.77, 10.46, 10.48, 174500.0, 8.002686, -0.09999999999999964, -0.019999999999999574, 0.13332041604095496, 0.0, 0.8, 0.0, 0.004659832246039127
'2014-12-12', 10.83, 10.87, 10.68, 10.73, 113000.0, 8.19359, 0.019999999999999574, -0.20999999999999908, 0.12332612591553066, 0.0, 0.5, 0.0, 0.0026381743833267285
'2014-12-11', 10.81, 10.89, 10.73, 10.84, 110600.0, 8.277588, -0.09999999999999964, -0.29999999999999893, 0.1164955888530644, 0.0, 0.1, 0.0, 0.002543940795559654
'2014-12-10', 10.91, 11.0, 10.84, 10.87, 128300.0, 8.205044, 0.16000000000000014, -0.2400000000000002, 0.10719452722348594, 0.0, 0.0, 0.0, 0.0012221203788573096
'2014-12-09', 10.75, 10.98, 10.66, 10.95, 168700.0, 8.265431, -0.28999999999999915, -0.3100000000000005, 0.10408596874165553, 0.0, 0.0, 0.0, 0.002604651162790692
'2014-12-08', 11.04, 11.06, 10.75, 10.81, 164300.0, 8.159755, -0.07000000000000028, -0.05000000000000071, 0.08566147844211476, 0.0, 0.0, 0.0, -8.234519104084146e-05
'2014-12-05', 11.11, 11.11, 11.0, 11.01, 102600.0, 8.310721, -0.040000000000000924, -0.10000000000000142, 0.08603875095947564, 0.0, 0.0, 0.0, -0.0006000600060006006
'2014-12-04', 11.15, 11.16, 11.06, 11.11, 67700.0, 8.386204, 0.08999999999999986, -0.02999999999999936, 0.08667692247010672, 0.0, 0.0, 0.0, -0.0008278716798896239
'2014-12-03', 11.06, 11.18, 11.06, 11.13, 115400.0, 8.401301, -0.02999999999999936, -0.049999999999998934, 0.09077199763999665, 0.0, 0.0, 0.0, -0.00019374838543012875
'2014-12-02', 11.09, 11.13, 11.05, 11.06, 75800.0, 8.348463, -0.120000000000001, 0.0, 0.09134549797335388, 0.0, 0.0, 0.0, -0.0003606853020739435
'2014-12-01', 11.21, 11.23, 11.03, 11.04, 90400.0, 8.333366, 0.030000000000001137, 0.13000000000000078, 0.09143850392476902, 0.0, 0.0, 0.0, -0.0010035682426405078
'2014-11-28', 11.18, 11.22, 11.15, 11.19, 97700.0, 8.446591, 0.07000000000000028, 0.02999999999999936, 0.089196412483911, 0.0, 0.0, 0.0, -0.0007892244554351276
'2014-11-26', 11.11, 11.2, 11.08, 11.17, 120300.0, 8.431494, 0.019999999999999574, 0.11999999999999922, 0.10188010382579879, 0.0, 0.0, -0.1, -0.00040004000400040043
'2014-11-25', 11.09, 11.1, 11.07, 11.09, 87500.0, 8.371108, 0.009999999999999787, 0.14000000000000057, 0.11332401922511093, 0.0, 0.0, -0.5, -0.0002847515542689027
'2014-11-24', 11.08, 11.1, 11.03, 11.09, 137900.0, 8.371108, -0.07000000000000028, 0.11999999999999922, 0.12171003793168957, 0.0, 0.0, -0.8, -0.0002256317689530718
'2014-11-21', 11.15, 11.15, 11.04, 11.05, 84100.0, 8.340914, 0.16000000000000014, 0.2699999999999996, 0.12680518741579758, -1.0, 0.0, -1.0, 0.0
'2014-11-20', 10.99, 11.11, 10.99, 11.07, 80500.0, 8.356011, 0.040000000000000924, 0.15000000000000036, 0.130510110293758, 0.0, 0.0, -0.8, 0.0145586897179254
'2014-11-19', 10.95, 11.07, 10.95, 11.0, 70900.0, 8.303173, -0.010000000000001563, -0.11000000000000121, 0.1301469255196688, 0.0, 0.1, -0.5, 0.00913242009132425
'2014-11-18', 10.96, 11.01, 10.93, 10.99, 107600.0, 8.295624, 0.08000000000000007, -0.1399999999999988, 0.1316599154387292, 0.0, 0.5, -0.1, 0.005778588807785872
'2014-11-17', 10.88, 11.01, 10.88, 11.0, 76600.0, 8.303173, 0.040000000000000924, -0.2699999999999996, 0.13981734115941732, 0.0, 0.8, 0.0, 0.006204044117647049
'2014-11-14', 10.84, 10.96, 10.82, 10.96, 97400.0, 8.272979, -0.22000000000000064, -0.33000000000000007, 0.14521593117377546, 1.0, 1.0, 0.0, 0.005719557195571965
'2014-11-13', 11.06, 11.08, 10.8, 10.82, 316400.0, 8.167302, -0.03999999999999915, 0.0, 0.1533641273425947, 0.0, 0.8, 0.0, 0.0013562386980108478
'2014-11-12', 11.1, 11.2, 11.01, 11.2, 58300.0, 8.454139, -0.05000000000000071, -0.040000000000000924, 0.1641235984115496, 0.0, 0.5, 0.0, 0.0006435006435006526
'2014-11-11', 11.15, 11.23, 11.12, 11.23, 78700.0, 8.38243, -0.019999999999999574, 0.0, 0.18416809954193744, 0.0, 0.1, 0.0, 0.0
'2014-11-10', 11.17, 11.2, 11.13, 11.16, 102600.0, 8.33018, 0.10999999999999943, 0.0600000000000005, 0.18711285958539114, 0.0, 0.0, 0.0, -0.0001989455883815734
'2014-11-07', 11.06, 11.16, 11.05, 11.16, 81200.0, 8.33018, -0.08000000000000007, -0.07000000000000028, 0.19009383647732175, 0.0, 0.0, 0.0, 0.0008137432188065086
'2014-11-06', 11.14, 11.14, 11.02, 11.05, 77300.0, 8.248072, -0.009999999999999787, -0.03999999999999915, 0.19326550534318232, 0.0, 0.0, 0.0, 8.160600620205473e-05
'2014-11-05', 11.15, 11.15, 11.07, 11.13, 62700.0, 8.307787, 0.040000000000000924, 0.08999999999999986, 0.19341837210220422, 0.0, 0.0, -0.1, 0.0
'2014-11-04', 11.11, 11.15, 11.04, 11.07, 81800.0, 8.263001, -0.02000000000000135, 0.049999999999998934, 0.19208215834781645, 0.0, 0.1, -0.5, 0.00027695077200028334
'2014-11-03', 11.13, 11.14, 11.03, 11.1, 68600.0, 8.285394, -0.049999999999998934, -0.009999999999999787, 0.19063315556324423, 0.0, 0.5, -0.8, 0.00012835322808368355
'2014-10-31', 11.18, 11.18, 11.05, 11.13, 93600.0, 8.307787, 0.11999999999999922, 0.049999999999998934, 0.18787229705307823, -1.0, 0.8, -1.0, -0.00017889087656529137
'2014-10-30', 11.06, 11.19, 10.98, 11.18, 80200.0, 8.345109, 0.0, -0.08999999999999986, 0.18209765389909785, 1.0, 1.0, -0.8, 0.0005085895117540679
'2014-10-29', 11.06, 11.18, 10.98, 11.01, 100800.0, 8.218215, -0.08000000000000007, -0.08999999999999986, 0.17963821667142255, 0.0, 0.8, -0.5, 0.00047867248165088744
'2014-10-28', 11.14, 11.17, 11.11, 11.11, 62900.0, 8.292858, 0.009999999999999787, -0.10999999999999943, 0.1780202859851154, 0.0, 0.5, -0.1, 4.987033712347789e-05
'2014-10-27', 11.13, 11.18, 10.97, 11.16, 80400.0, 8.33018, -0.019999999999999574, -0.02999999999999936, 0.18433936096232964, 0.0, 0.1, -0.1, 9.457606279850367e-05
'2014-10-24', 11.15, 11.15, 11.03, 11.1, 46900.0, 8.285394, 0.0, 0.030000000000001137, 0.17856713645635436, 0.0, 0.0, -0.5, 0.0
'2014-10-23', 11.15, 11.2, 11.11, 11.12, 49700.0, 8.300322, -0.09999999999999964, 0.08999999999999986, 0.17856713645635433, 0.0, 0.0, -0.8, 0.0
'2014-10-22', 11.25, 11.25, 11.1, 11.11, 94800.0, 8.292858, 0.08999999999999986, 0.4499999999999993, 0.18027910460049326, -1.0, 0.0, -1.0, 0.0
'2014-10-21', 11.16, 11.27, 11.11, 11.27, 112200.0, 8.412288, 0.040000000000000924, 0.35999999999999943, 0.187380776910428, 0.0, 0.1, -0.8, 0.008064516129032246
'2014-10-20', 11.12, 11.17, 11.07, 11.15, 85600.0, 8.322715, 0.05999999999999872, 0.29999999999999893, 0.2034592506293747, 0.0, 0.5, -0.5, 0.00584532374100723
'2014-10-17', 11.06, 11.15, 11.04, 11.06, 69300.0, 8.255537, 0.2599999999999998, 0.20000000000000107, 0.220470456574622, 0.0, 0.8, -0.1, 0.005726341169379129
'2014-10-16', 10.8, 11.06, 10.8, 11.01, 106500.0, 8.218215, 0.0, -0.049999999999998934, 0.24131215376676657, 1.0, 1.0, 0.0, 0.010416666666666649
'2014-10-15', 10.8, 11.09, 10.8, 10.89, 221200.0, 8.128644, -0.019999999999999574, -0.25, 0.25725128225573973, 0.0, 0.8, 0.0, 0.00833333333333332
'2014-10-14', 10.82, 10.94, 10.82, 10.86, 120300.0, 8.10625, -0.03999999999999915, -0.08000000000000007, 0.27256416166147424, 0.0, 0.5, -0.1, 0.006623536660505232
'2014-10-13', 10.86, 11.03, 10.83, 10.86, 146500.0, 8.10625, 0.009999999999999787, 0.08999999999999986, 0.28641636359211975, 0.0, 0.1, -0.5, 0.005130228887134972
'2014-10-10', 10.85, 11.0, 10.82, 10.9, 151700.0, 8.136107, -0.20000000000000107, 0.08000000000000007, 0.29450448025265913, 0.0, 0.0, -0.8, 0.00460829493087558
'2014-10-09', 11.05, 11.16, 10.97, 10.99, 158900.0, 8.109982, 0.15000000000000036, 0.3500000000000014, 0.3021736072010408, -1.0, 0.0, -1.0, 0.0
'2014-10-08', 10.9, 11.03, 10.83, 11.03, 113400.0, 8.1395, 0.13000000000000078, 0.20000000000000107, 0.30861500647606593, 0.0, 0.0, -0.8, 0.013761467889908289
'2014-10-07', 10.77, 10.9, 10.75, 10.86, 71000.0, 8.01405, 0.0, 0.23000000000000043, 0.31409499624582793, 0.0, 0.0, -0.5, 0.012999071494893275
'2014-10-06', 10.77, 10.83, 10.71, 10.77, 78000.0, 7.947635, 0.07000000000000028, 0.019999999999999574, 0.316175056996384, 0.0, 0.1, -0.1, 0.008666047663262183
'2014-10-03', 10.7, 10.75, 10.62, 10.75, 145100.0, 7.932876, 0.0, -0.010000000000001563, 0.3159607922230577, 0.0, 0.5, 0.0, 0.008177570093457978
'2014-10-02', 10.7, 10.7, 10.51, 10.63, 123400.0, 7.844323, 0.16000000000000014, -0.05000000000000071, 0.3104698947652663, 0.0, 0.8, 0.0, 0.0065420560747663815
'2014-10-01', 10.54, 10.75, 10.51, 10.72, 121400.0, 7.910738, -0.21000000000000085, -0.22000000000000064, 0.30457784992784137, 1.0, 1.0, 0.0, 0.008064516129032284
'2014-09-30', 10.75, 10.85, 10.5, 10.5, 196000.0, 7.748391, 0.03999999999999915, -0.019999999999999574, 0.28938325222214667, 0.0, 0.8, 0.0, 0.003986710963455159
'2014-09-29', 10.71, 10.85, 10.7, 10.77, 81500.0, 7.947635, -0.03999999999999915, -0.08999999999999986, 0.28328548615604465, 0.0, 0.5, 0.0, 0.003968253968253966
'2014-09-26', 10.75, 10.8, 10.71, 10.79, 114200.0, 7.962394, -0.009999999999999787, -0.05000000000000071, 0.27302421545024563, 0.0, 0.1, 0.0, 0.003100775193798457
'2014-09-25', 10.76, 10.83, 10.72, 10.78, 63900.0, 7.955014, -0.009999999999999787, -0.040000000000000924, 0.263316666139207, 0.0, 0.0, 0.0, 0.002695167286245362
'2014-09-24', 10.77, 10.79, 10.68, 10.77, 97700.0, 7.947635, -0.030000000000001137, -0.120000000000001, 0.25269656815151936, 0.0, 0.0, 0.0, 0.00236346754452605
'2014-09-23', 10.8, 10.84, 10.76, 10.76, 61100.0, 7.940256, 0.0, 0.02000000000000135, 0.24204590932759457, 0.0, 0.0, -0.1, 0.001929012345679012
'2014-09-22', 10.8, 10.94, 10.73, 10.84, 121700.0, 7.999291, 0.0, 0.3000000000000007, 0.23100841735505834, 0.0, 0.0, -0.5, 0.0017806267806267807
'2014-09-19', 10.8, 10.82, 10.74, 10.77, 148300.0, 7.947635, -0.08999999999999986, -0.16000000000000014, 0.21840863841280012, 0.0, 0.1, -0.8, 0.0016534391534391533
'2014-09-18', 10.89, 10.9, 10.77, 10.78, 106800.0, 7.955014, 0.11000000000000121, -0.2599999999999998, 0.20408304409942746, -1.0, 0.5, -1.0, 0.0
'2014-09-17', 10.78, 10.86, 10.65, 10.76, 142100.0, 7.940256, 0.27999999999999936, -0.40000000000000036, 0.19402061746113472, 0.0, 0.8, -0.8, 0.010204081632653173
'2014-09-16', 10.5, 10.89, 10.5, 10.83, 221100.0, 7.991912, -0.46000000000000085, -0.8399999999999999, 0.17398722813918127, 1.0, 1.0, -0.5, 0.0185714285714286
'2014-09-15', 10.96, 10.96, 10.26, 10.55, 419700.0, 7.785288, -0.1899999999999995, -0.4299999999999997, 0.1058137777208408, 0.0, 0.8, -0.1, -0.0021289537712895464
'2014-09-12', 11.15, 11.15, 10.85, 10.93, 215900.0, 8.065706, -0.02999999999999936, -0.25, 0.09404549726358793, 0.0, 0.5, 0.0, -0.005829596412556049
'2014-09-11', 11.18, 11.21, 11.13, 11.15, 98900.0, 8.228053, -0.16000000000000014, -0.2699999999999996, 0.09681368131048869, 0.0, 0.1, 0.0, -0.005187835420393545
'2014-09-10', 11.34, 11.34, 11.27, 11.29, 96400.0, 8.239122, -0.05000000000000071, -0.0600000000000005, 0.09503449666071544, 0.0, 0.0, -0.1, -0.006613756613756604
'2014-09-09', 11.39, 11.39, 11.26, 11.34, 124200.0, 8.275611, -0.009999999999999787, -0.03999999999999915, 0.0945844713587923, 0.0, 0.0, -0.5, -0.0062711651824909065
'2014-09-08', 11.4, 11.44, 11.37, 11.38, 91800.0, 8.304802, -0.049999999999998934, -0.03999999999999915, 0.09354084075359204, 0.0, 0.0, -0.8, -0.005592105263157892
'2014-09-05', 11.45, 11.45, 11.38, 11.41, 122900.0, 8.326695, 0.049999999999998934, 0.09999999999999964, 0.09136009340333796, -1.0, 0.0, -1.0, 0.0
'2014-09-04', 11.4, 11.5, 11.35, 11.4, 119200.0, 8.319397, -0.02999999999999936, 0.030000000000001137, 0.08538865394314514, 0.0, 0.0, -0.8, 0.004385964912280608
'2014-09-03', 11.43, 11.44, 11.37, 11.42, 153700.0, 8.333993, -0.009999999999999787, 0.08999999999999986, 0.0816795908140799, 0.0, 0.0, -0.5, 0.0008748906386701476
'2014-09-02', 11.44, 11.44, 11.35, 11.37, 103400.0, 8.297504, 0.08999999999999986, 0.09999999999999964, 0.07533923280734926, 0.0, 0.0, -0.1, 0.00029137529137528514
'2014-08-29', 11.35, 11.4, 11.33, 11.38, 141400.0, 8.304802, -0.019999999999999574, 0.009999999999999787, 0.0667674238599099, 0.0, 0.0, 0.0, 0.00220264317180616
'2014-08-28', 11.37, 11.37, 11.32, 11.34, 70900.0, 8.275611, 0.02999999999999936, 0.06999999999999851, 0.06433937795437206, 0.0, 0.0, 0.0, 0.0014072119613016724
'2014-08-27', 11.34, 11.36, 11.32, 11.35, 82600.0, 8.282909, 0.0, 0.129999999999999, 0.05974017817925284, 0.0, 0.0, 0.0, 0.0016166960611404973
'2014-08-26', 11.34, 11.37, 11.31, 11.31, 61000.0, 8.253718, 0.0, 0.08999999999999986, 0.05696100030332635, 0.0, 0.0, 0.0, 0.0013857394809775692
'2014-08-25', 11.34, 11.34, 11.3, 11.33, 78600.0, 8.268313, 0.03999999999999915, 0.05000000000000071, 0.055337349251858944, 0.0, 0.0, 0.0, 0.0012125220458553728
'2014-08-22', 11.3, 11.34, 11.27, 11.31, 67500.0, 8.253718, 0.08999999999999986, 0.010000000000001563, 0.052768888140224714, 0.0, 0.0, 0.0, 0.0014749262536873015
'2014-08-21', 11.21, 11.33, 11.21, 11.3, 302200.0, 8.24642, -0.03999999999999915, -0.019999999999999574, 0.05123041631253396, 0.0, 0.0, 0.0, 0.0021409455842997184
'2014-08-20', 11.25, 11.27, 11.23, 11.27, 57600.0, 8.224527, -0.03999999999999915, 0.02999999999999936, 0.0574156385974722, 0.0, 0.0, 0.0, 0.0016161616161616105
'2014-08-19', 11.29, 11.29, 11.24, 11.27, 100600.0, 8.224527, 0.0, 0.09999999999999964, 0.061272614872659996, 0.0, 0.0, 0.0, 0.001180986123413051
'2014-08-18', 11.29, 11.29, 11.23, 11.26, 121100.0, 8.217229, 0.05999999999999872, 0.0, 0.0605750223552028, 0.0, 0.1, 0.0, 0.0010901410369966624
'2014-08-15', 11.23, 11.29, 11.22, 11.28, 113400.0, 8.231824, 0.009999999999999787, -0.009999999999999787, 0.059717855137489735, 0.0, 0.5, 0.0, 0.001399313064495604
'2014-08-14', 11.22, 11.27, 11.19, 11.23, 117600.0, 8.195336, 0.030000000000001137, 0.009999999999999787, 0.05994905244362814, 0.0, 0.8, 0.0, 0.001366607248960182
'2014-08-13', 11.19, 11.23, 11.15, 11.2, 120700.0, 8.173443, -0.09999999999999964, -0.05000000000000071, 0.05992680720864587, 1.0, 1.0, 0.0, 0.0014521894548704189
'2014-08-12', 11.29, 11.32, 11.28, 11.3, 150200.0, 8.155199, 0.049999999999998934, 0.08999999999999986, 0.06058602699192825, 0.0, 0.8, -0.1, 0.0008336372635856831
'2014-08-11', 11.24, 11.32, 11.22, 11.31, 119200.0, 8.162416, 0.02999999999999936, 0.019999999999999574, 0.0609088572285582, 0.0, 0.5, -0.5, 0.0010379596678529019
'2014-08-08', 11.21, 11.27, 11.15, 11.18, 139600.0, 8.068595, -0.02999999999999936, 0.08000000000000007, 0.0631893099257215, 0.0, 0.1, -0.8, 0.0011268134654209045
'2014-08-07', 11.24, 11.27, 11.19, 11.21, 102700.0, 8.090246, 0.040000000000000924, 0.14000000000000057, 0.06595958358469727, -1.0, 0.0, -1.0, 0.0
'2014-08-06', 11.2, 11.24, 11.09, 11.24, 74800.0, 8.111897, -0.02000000000000135, 0.09999999999999964, 0.06671331701142334, 0.0, 0.1, -0.8, 0.003571428571428654
'2014-08-05', 11.22, 11.22, 11.1, 11.2, 85500.0, 8.083029, 0.08999999999999986, -0.03999999999999915, 0.06660080079598639, 0.0, 0.5, -0.5, 0.0008912655971479311
'2014-08-04', 11.13, 11.25, 11.09, 11.19, 112500.0, 8.075812, 0.030000000000001137, -0.129999999999999, 0.06698673168786654, 0.0, 0.8, -0.1, 0.003294399520814598
'2014-08-01', 11.1, 11.21, 11.06, 11.17, 132500.0, 8.061378, 0.0, -0.09999999999999964, 0.06306610288683882, 1.0, 1.0, 0.0, 0.003153153153153166
'2014-07-31', 11.1, 11.22, 11.01, 11.06, 189500.0, 7.981991, -0.16000000000000014, -0.11000000000000121, 0.056254382545323146, 0.0, 0.8, 0.0, 0.0025225225225225328
'2014-07-30', 11.26, 11.26, 11.07, 11.14, 174400.0, 8.039727, 0.0, 0.03999999999999915, 0.14311184437355276, 0.0, 0.5, 0.0, -0.0002960331557134336
'2014-07-29', 11.26, 11.27, 11.22, 11.23, 65600.0, 8.104679, 0.0600000000000005, -0.02999999999999936, 0.20467426695985869, 0.0, 0.1, 0.0, -0.0002537427048972288
'2014-07-28', 11.2, 11.27, 11.2, 11.23, 91500.0, 8.104679, -0.010000000000001563, -0.030000000000001137, 0.2377197229231656, 0.0, 0.0, 0.0, 0.00044642857142858177
'2014-07-25', 11.21, 11.29, 11.19, 11.2, 99900.0, 8.083029, -0.009999999999999787, -0.03999999999999915, 0.2657628433187921, 0.0, 0.0, 0.0, 0.00029735355337495646
'2014-07-24', 11.22, 11.29, 11.2, 11.22, 75800.0, 8.097463, -0.06999999999999851, 0.02000000000000135, 0.2909226701376157, 0.0, 0.0, 0.0, 0.00017825311942958622
'2014-07-23', 11.29, 11.29, 11.22, 11.22, 69300.0, 8.097463, 0.05999999999999872, 0.03999999999999915, 0.31666684210521456, 0.0, 0.0, 0.0, -0.0004026089057089857
'2014-07-22', 11.23, 11.3, 11.23, 11.26, 54400.0, 8.126331, -0.019999999999999574, -0.03999999999999915, 0.34257262003843797, 0.0, 0.0, 0.0, 7.420599584446265e-05
'2014-07-21', 11.25, 11.3, 11.22, 11.23, 84900.0, 8.104679, 0.05000000000000071, -0.0600000000000005, 0.3581745384585565, 0.0, 0.0, 0.0, -6.837606837606692e-05
'2014-07-18', 11.2, 11.28, 11.2, 11.25, 48400.0, 8.119114, -0.05000000000000071, 0.02999999999999936, 0.36745370078721784, 0.0, 0.0, -0.1, 0.00025510204081633246
'2014-07-17', 11.25, 11.27, 11.18, 11.2, 83000.0, 8.083029, -0.019999999999999574, 0.05000000000000071, 0.3755589907798182, 0.0, 0.1, -0.5, -5.9259259259258e-05
'2014-07-16', 11.27, 11.31, 11.26, 11.27, 101400.0, 8.133548, -0.040000000000000924, -0.09999999999999964, 0.38075130407597496, 0.0, 0.5, -0.8, -0.00016637089618455725
'2014-07-15', 11.31, 11.31, 11.22, 11.3, 92500.0, 8.155199, 0.14000000000000057, -0.03999999999999915, 0.38668160890669034, -1.0, 0.8, -1.0, -0.00036407135798616674
'2014-07-14', 11.17, 11.29, 11.16, 11.26, 81500.0, 8.126331, -0.02999999999999936, -0.08999999999999986, 0.39110044177366454, 1.0, 1.0, -0.8, 0.00034815477966776225
'2014-07-11', 11.2, 11.26, 11.15, 11.2, 133700.0, 8.083029, -0.16999999999999993, -0.05000000000000071, 0.39123394535750605, 0.0, 0.8, -0.5, 0.00018796992481203442
'2014-07-10', 11.37, 11.39, 11.26, 11.26, 216700.0, 8.036118, 0.019999999999999574, 0.10999999999999943, 0.3866172382200371, 0.0, 0.5, -0.1, -0.0005716798592787995
'2014-07-09', 11.35, 11.38, 11.3, 11.37, 120300.0, 8.114624, 0.08999999999999986, 0.10999999999999943, 0.38860162406019644, 0.0, 0.1, 0.0, -0.0004615061883784327
'2014-07-08', 11.26, 11.34, 11.25, 11.3, 195200.0, 8.064666, 0.009999999999999787, -0.040000000000000924, 0.38710162317751473, 0.0, 0.0, 0.0, -8.07363151945728e-05
'2014-07-07', 11.25, 11.29, 11.11, 11.24, 248300.0, 8.021844, -0.009999999999999787, -0.05000000000000071, 0.3778460885951668, 0.0, 0.0, 0.0, -3.8647342995168256e-05
'2014-07-03', 11.26, 11.29, 11.14, 11.25, 135800.0, 8.028981, 0.019999999999999574, -0.07000000000000028, 0.3664581225127307, 0.0, 0.0, 0.0, -7.40082889283584e-05
'2014-07-02', 11.24, 11.28, 11.24, 11.26, 138900.0, 8.036118, -0.0600000000000005, -0.10999999999999943, 0.3545112441407496, 0.0, 0.0, 0.0, 0.0
'2014-07-01', 11.3, 11.34, 11.21, 11.23, 234300.0, 8.014707, 0.0, 0.0, 0.340175771558698, 0.0, 0.0, -0.1, -0.00020422055820286077
'2014-06-30', 11.3, 11.33, 11.28, 11.29, 163900.0, 8.057529, -0.02999999999999936, 0.010000000000001563, 0.32714607678460017, 0.0, 0.0, -0.5, -0.00019665683382497702
'2014-06-27', 11.33, 11.39, 11.23, 11.24, 401500.0, 8.021844, -0.019999999999999574, 0.02999999999999936, 0.31375946200871774, 0.0, 0.0, -0.8, -0.00028369688563863275
'2014-06-26', 11.35, 11.35, 11.27, 11.29, 312600.0, 8.057529, 0.049999999999998934, 0.08999999999999986, 0.2999816661064473, -1.0, 0.0, -1.0, 0.0
'2014-06-25', 11.3, 11.32, 11.25, 11.28, 221800.0, 8.050392, 0.010000000000001563, 0.010000000000001563, 0.2862097133222421, 0.0, 0.1, -0.8, 0.004424778761061852
'2014-06-24', 11.29, 11.36, 11.26, 11.3, 226100.0, 8.064666, -0.010000000000001563, -0.7300000000000004, 0.26848629180814604, 0.0, 0.5, -0.5, 0.0026572187776793847
'2014-06-23', 11.3, 11.39, 11.28, 11.31, 335800.0, 8.071803, 0.040000000000000924, -0.8099999999999987, 0.2455019800780072, 0.0, 0.8, -0.1, 0.001474926253687284
'2014-06-20', 11.26, 11.34, 11.25, 11.27, 319200.0, 8.043256, -0.02999999999999936, -0.7400000000000002, 0.22053092501707997, 1.0, 1.0, 0.0, 0.0019982238010657163
'2014-06-19', 11.29, 11.36, 11.26, 11.26, 2078200.0, 8.036118, -0.7300000000000004, -0.7400000000000002, 0.18446589567360874, 0.0, 0.8, 0.0, 0.0010628875110717537
'2014-06-18', 12.02, 12.12, 11.85, 11.89, 122100.0, 8.485742, -0.08999999999999986, -0.040000000000000924, 0.14490763341598756, 0.0, 0.5, 0.0, -0.009290072102052134
'2014-06-17', 12.11, 12.11, 12.0, 12.02, 89600.0, 8.578521, 0.10999999999999943, -0.02000000000000135, 0.14812157169028425, 0.0, 0.1, 0.0, -0.00896543588533679
'2014-06-16', 12.0, 12.06, 12.0, 12.06, 57500.0, 8.607068, -0.02999999999999936, -0.17999999999999972, 0.14701322691815494, 0.0, 0.0, 0.0, -0.006770833333333337
'2014-06-13', 12.03, 12.12, 12.02, 12.03, 44600.0, 8.585657, -0.030000000000001137, -0.07000000000000028, 0.14945976790501933, 0.0, 0.0, 0.0, -0.006280594809273111
'2014-06-12', 12.06, 12.2, 11.99, 12.05, 76700.0, 8.599931, -0.07000000000000028, 0.040000000000000924, 0.15624944444345684, 0.0, 0.0, 0.0, -0.005887230514096192
'2014-06-11', 12.13, 12.3, 12.1, 12.18, 131800.0, 8.6035, -0.049999999999998934, 0.0600000000000005, 0.16426976458117779, 0.0, 0.0, 0.0, -0.005845761822678566
'2014-06-10', 12.18, 12.23, 12.12, 12.21, 64000.0, 8.62469, 0.08000000000000007, 0.16000000000000014, 0.16624747282958086, 0.0, 0.0, 0.0, -0.005678708264915162
'2014-06-09', 12.1, 12.2, 12.1, 12.18, 81300.0, 8.6035, 0.08000000000000007, 0.02999999999999936, 0.1673947430476836, 0.0, 0.0, 0.0, -0.0047679593134138595
'2014-06-06', 12.02, 12.1, 12.01, 12.09, 60500.0, 8.539927, -0.05000000000000071, -0.030000000000001137, 0.17182031958479835, 0.0, 0.0, 0.0, -0.003981459472308058
'2014-06-05', 12.07, 12.07, 11.98, 12.0, 70600.0, 8.476354, 0.05000000000000071, -0.03999999999999915, 0.17357707221865457, 0.0, 0.0, 0.0, -0.003976801988400998
'2014-06-04', 12.02, 12.06, 11.93, 11.99, 65100.0, 8.46929, -0.05000000000000071, 0.019999999999999574, 0.1718167628609037, 0.0, 0.0, -0.1, -0.0034837770382695507
'2014-06-03', 12.07, 12.07, 11.95, 11.97, 110400.0, 8.455163, 0.019999999999999574, -0.009999999999999787, 0.16934153523443557, 0.0, 0.0, -0.5, -0.0035089429309420567
'2014-06-02', 12.05, 12.12, 12.01, 12.07, 50300.0, 8.525799, -0.05999999999999872, 0.02000000000000135, 0.16783722272884927, 0.0, 0.0, -0.8, -0.003227293683725224
'2014-05-30', 12.11, 12.12, 12.0, 12.03, 60100.0, 8.497545, 0.10999999999999943, 0.25, 0.1650602583570282, -1.0, 0.0, -1.0, 0.0
'2014-05-29', 12.0, 12.14, 11.92, 12.03, 63600.0, 8.497545, -0.08000000000000007, 0.1999999999999993, 0.1528852147491343, 0.0, 0.0, -0.8, 0.00916666666666662
'2014-05-28', 12.08, 12.14, 11.9, 12.02, 130900.0, 8.490482, 0.05000000000000071, 0.22000000000000064, 0.150689157613354, 0.0, 0.1, -0.5, 0.0012417218543046094
'2014-05-27', 12.03, 12.19, 11.94, 12.01, 92100.0, 8.483418, 0.16999999999999993, 0.129999999999999, 0.14419893665812292, 0.0, 0.5, -0.1, 0.0022166805209199248
'2014-05-23', 11.86, 12.12, 11.86, 11.98, 152000.0, 8.462227, 0.05999999999999872, 0.10999999999999943, 0.148856381194164, 0.0, 0.8, -0.1, 0.005269814502529511
'2014-05-22', 11.8, 11.87, 11.76, 11.86, 54200.0, 8.377463, -0.05999999999999872, 0.120000000000001, 0.1461673318114856, 1.0, 1.0, -0.5, 0.005254237288135572
'2014-05-21', 11.86, 11.86, 11.72, 11.76, 90700.0, 8.306827, -0.040000000000000924, 0.10999999999999943, 0.1441176217153507, 0.0, 0.8, -0.8, 0.0035132096683530073
'2014-05-20', 11.9, 11.9, 11.8, 11.86, 50400.0, 8.377463, 0.15000000000000036, 0.16000000000000014, 0.14190802968433083, -1.0, 0.5, -1.0, 0.0
'2014-05-19', 11.75, 11.93, 11.75, 11.87, 46700.0, 8.384527, 0.07000000000000028, 0.05000000000000071, 0.14064968301895797, 0.0, 0.8, -0.8, 0.012765957446808541
'2014-05-16', 11.68, 11.87, 11.68, 11.79, 84800.0, 8.328018, -0.07000000000000028, -0.22000000000000064, 0.14526642190586694, 1.0, 1.0, -0.5, 0.00941780821917811
'2014-05-15', 11.75, 11.76, 11.6, 11.7, 67500.0, 8.264445, 0.009999999999999787, -0.02999999999999936, 0.15311615053793495, 0.0, 0.8, -0.1, 0.004255319148936181
'2014-05-14', 11.74, 11.82, 11.63, 11.7, 69700.0, 8.264445, 0.040000000000000924, -0.16000000000000014, 0.16221556302922635, 0.0, 0.5, -0.5, 0.0034071550255536658
'2014-05-13', 11.7, 11.8, 11.61, 11.67, 87900.0, 8.243254, -0.20000000000000107, -0.0600000000000005, 0.17219627044612654, 0.0, 0.1, -0.8, 0.003418803418803437
'2014-05-12', 11.9, 11.93, 11.7, 11.73, 181100.0, 8.197341, 0.120000000000001, 0.14000000000000057, 0.18803693490612122, -1.0, 0.0, -1.0, 0.0
'2014-05-09', 11.78, 11.81, 11.68, 11.81, 75000.0, 8.253248, -0.120000000000001, -0.009999999999999787, 0.1954496240865035, 0.0, 0.0, -0.8, 0.01018675721561978
'2014-05-08', 11.9, 11.9, 11.66, 11.74, 130300.0, 8.204329, 0.14000000000000057, 0.14000000000000057, 0.2130740611983437, 0.0, 0.0, -0.5, 0.0
'2014-05-07', 11.76, 11.92, 11.66, 11.9, 130100.0, 8.316143, 0.0, 0.11999999999999922, 0.20989838811513836, 0.0, 0.0, -0.1, 0.0039682539682539845
'2014-05-06', 11.76, 11.83, 11.62, 11.69, 141600.0, 8.169387, -0.02999999999999936, 0.17999999999999972, 0.20870926082844407, 0.0, 0.0, 0.0, 0.002976190476190488
'2014-05-05', 11.79, 11.83, 11.7, 11.77, 58800.0, 8.225295, 0.02999999999999936, 0.1899999999999995, 0.2054482903311681, 0.0, 0.0, 0.0, 0.0018659881255301308
'2014-05-02', 11.76, 11.79, 11.74, 11.77, 69700.0, 8.225295, 0.11999999999999922, 0.23000000000000043, 0.20566531604094593, 0.0, 0.0, 0.0, 0.0019841269841269923
'2014-05-01', 11.64, 11.78, 11.61, 11.78, 131400.0, 8.232283, 0.0600000000000005, 0.13000000000000078, 0.2083575985868738, 0.0, 0.0, 0.0, 0.003190967108492879
'2014-04-30', 11.58, 11.63, 11.5, 11.61, 50400.0, 8.113481, -0.019999999999999574, -0.009999999999999787, 0.20444205916482916, 0.0, 0.1, 0.0, 0.0034542314335060478
'2014-04-29', 11.6, 11.6, 11.49, 11.54, 74100.0, 8.064562, 0.07000000000000028, 0.009999999999999787, 0.20269325483487477, 0.0, 0.5, 0.0, 0.0028735632183908115
'2014-04-28', 11.53, 11.64, 11.51, 11.61, 95100.0, 8.113481, 0.019999999999999574, -0.11000000000000121, 0.19791580701567676, 0.0, 0.8, 0.0, 0.0032090199479618475
'2014-04-25', 11.51, 11.6, 11.48, 11.54, 65300.0, 8.064562, -0.08000000000000007, -0.009999999999999787, 0.19539248251205107, 1.0, 1.0, -0.1, 0.0030803254087354913
'2014-04-24', 11.59, 11.6, 11.48, 11.52, 55000.0, 8.050586, 0.0, 0.0600000000000005, 0.1932370449876408, 0.0, 0.8, -0.5, 0.002228932988208229
'2014-04-23', 11.59, 11.64, 11.5, 11.53, 59900.0, 8.057574, -0.05000000000000071, -0.02999999999999936, 0.1878134417151468, 0.0, 0.5, -0.8, 0.002057476604499904
'2014-04-22', 11.64, 11.66, 11.54, 11.55, 90900.0, 8.071551, 0.120000000000001, 0.14000000000000057, 0.181629659839282, -1.0, 0.1, -1.0, 0.0
'2014-04-21', 11.52, 11.68, 11.52, 11.58, 94500.0, 8.092516, -0.009999999999999787, 0.08999999999999986, 0.17313097161782837, 0.0, 0.0, -0.8, 0.010416666666666753
'2014-04-17', 11.53, 11.56, 11.46, 11.53, 74800.0, 8.057574, -0.08999999999999986, 0.2400000000000002, 0.16878783526466978, 0.0, 0.0, -0.5, 0.004770164787510894
'2014-04-16', 11.62, 11.62, 11.48, 11.48, 69800.0, 8.022632, 0.11999999999999922, 0.05999999999999872, 0.16355223426579443, 0.0, 0.1, -0.1, 0.0005737234652897691
'2014-04-15', 11.5, 11.6, 11.39, 11.55, 75300.0, 8.071551, 0.07000000000000028, -0.13000000000000078, 0.15195174672682554, 0.0, 0.5, 0.0, 0.0030434782608695777
'2014-04-14', 11.43, 11.61, 11.36, 11.52, 91200.0, 8.050586, 0.14000000000000057, -0.07000000000000028, 0.14659884795666786, 0.0, 0.8, -0.1, 0.0036745406824147133
'2014-04-11', 11.29, 11.44, 11.22, 11.42, 140200.0, 7.980702, -0.27000000000000135, -0.11000000000000121, 0.1438734011398756, 1.0, 1.0, -0.5, 0.005166814289932114
'2014-04-10', 11.56, 11.56, 11.37, 11.38, 172100.0, 7.865394, -0.07000000000000028, 0.16999999999999993, 0.14398919712564862, 0.0, 0.8, -0.8, 0.0009886307464162143
'2014-04-09', 11.63, 11.63, 11.5, 11.51, 80100.0, 7.955245, 0.13000000000000078, 0.2900000000000009, 0.13373439680534283, -1.0, 0.5, -1.0, 0.0
'2014-04-08', 11.5, 11.69, 11.45, 11.63, 227200.0, 8.038184, 0.09999999999999964, 0.23000000000000043, 0.11494926417047359, 0.0, 0.1, -0.8, 0.011304347826087024
'2014-04-07', 11.4, 11.6, 11.39, 11.51, 518400.0, 7.955245, 0.009999999999999787, 0.16999999999999993, 0.10655671416355392, 0.0, 0.0, -0.5, 0.010087719298245633
'2014-04-04', 11.39, 11.42, 11.34, 11.39, 127700.0, 7.872306, 0.05000000000000071, 0.2599999999999998, 0.10353528652375264, 0.0, 0.0, -0.1, 0.007023705004389822
'2014-04-03', 11.34, 11.37, 11.29, 11.36, 120800.0, 7.851571, 0.07000000000000028, 0.2599999999999998, 0.09852016150119841, 0.0, 0.0, 0.0, 0.006393298059964747
'2014-04-02', 11.27, 11.35, 11.22, 11.32, 146000.0, 7.823925, 0.03999999999999915, 0.28999999999999915, 0.096079249696395, 0.0, 0.0, 0.0, 0.006388642413487156
'2014-04-01', 11.23, 11.24, 11.13, 11.22, 55300.0, 7.754809, 0.09999999999999964, 0.09999999999999964, 0.09560102277463119, 0.0, 0.1, 0.0, 0.005936479667557145
'2014-03-31', 11.13, 11.19, 11.1, 11.15, 56300.0, 7.706427, 0.05000000000000071, -0.06999999999999851, 0.13105935890105494, 0.0, 0.5, 0.0, 0.006417661404184314
'2014-03-28', 11.08, 11.11, 11.02, 11.04, 57100.0, 7.6304, 0.09999999999999964, -0.13000000000000078, 0.16557140118054456, 0.0, 0.8, 0.0, 0.006204873646209395
'2014-03-27', 10.98, 11.05, 10.95, 11.04, 58600.0, 7.6304, -0.15000000000000036, -0.08000000000000007, 0.18924557825452307, 1.0, 1.0, 0.0, 0.0065776158672333565
'2014-03-26', 11.13, 11.19, 10.95, 10.98, 71000.0, 7.58893, -0.06999999999999851, 0.13000000000000078, 0.2169229253803191, 0.0, 0.8, 0.0, 0.00449236298292902
'2014-03-25', 11.2, 11.22, 11.03, 11.06, 62100.0, 7.644224, -0.010000000000001563, -0.05000000000000071, 0.2453888071340391, 0.0, 0.5, 0.0, 0.0034902597402597527
'2014-03-24', 11.21, 11.26, 11.06, 11.17, 64800.0, 7.720251, 0.15000000000000036, -0.009999999999999787, 0.2681253852626084, 0.0, 0.1, 0.0, 0.003122212310437109
'2014-03-21', 11.06, 11.24, 11.0, 11.23, 139700.0, 7.76172, 0.0600000000000005, -0.28999999999999915, 0.2723047720641136, 0.0, 0.0, 0.0, 0.00396439004033941
'2014-03-20', 11.0, 11.29, 10.88, 10.99, 236200.0, 7.595842, -0.25, -0.3100000000000005, 0.2684689098490839, 0.0, 0.0, -0.1, 0.004090909090909096
'2014-03-19', 11.25, 11.25, 11.08, 11.09, 90900.0, 7.664958, 0.02999999999999936, -0.05000000000000071, 0.25925448672855955, 0.0, 0.0, -0.5, 0.0022518518518518564
'2014-03-18', 11.22, 11.3, 11.11, 11.21, 104700.0, 7.747897, -0.129999999999999, -0.06999999999999851, 0.25806459139783844, 0.0, 0.0, -0.8, 0.0022838680926916227
'2014-03-17', 11.35, 11.36, 11.22, 11.22, 67400.0, 7.754809, 0.03999999999999915, 0.049999999999998934, 0.2565430438217597, -1.0, 0.0, -1.0, 0.0
'2014-03-14', 11.31, 11.39, 11.23, 11.24, 89700.0, 7.768632, 0.009999999999999787, 0.120000000000001, 0.2592384145059438, 0.0, 0.0, -0.8, 0.00353669319186553
'2014-03-13', 11.3, 11.38, 11.21, 11.26, 144900.0, 7.782455, 0.010000000000001563, 0.05000000000000071, 0.2642969710172421, 0.0, 0.1, -0.5, 0.002212389380530926
'2014-03-12', 11.29, 11.43, 11.29, 11.36, 153000.0, 7.765176, -0.010000000000001563, -0.0600000000000005, 0.26680184073994356, 0.0, 0.5, -0.1, 0.0017714791851195896
'2014-03-11', 11.3, 11.59, 11.27, 11.3, 293200.0, 7.724163, 0.11000000000000121, -0.019999999999999574, 0.2688485736535635, 0.0, 0.8, -0.1, 0.001106194690265463
'2014-03-10', 11.19, 11.25, 11.11, 11.21, 46100.0, 7.662643, -0.0600000000000005, -0.120000000000001, 0.26841178977252267, 1.0, 1.0, -0.5, 0.0028596961572832915
'2014-03-07', 11.25, 11.28, 11.03, 11.14, 141100.0, 7.614794, -0.09999999999999964, 0.009999999999999787, 0.266529964961207, 0.0, 0.8, -0.8, 0.0014814814814814762
'2014-03-06', 11.35, 11.35, 11.26, 11.28, 77200.0, 7.710492, 0.02999999999999936, 0.11999999999999922, 0.26588970144278495, -1.0, 0.5, -1.0, 0.0
'2014-03-05', 11.32, 11.35, 11.27, 11.34, 69700.0, 7.751505, 0.009999999999999787, 0.120000000000001, 0.26570158699814594, 0.0, 0.1, -0.8, 0.002650176678445173
'2014-03-04', 11.31, 11.35, 11.25, 11.3, 102200.0, 7.724163, 0.07000000000000028, 0.14000000000000057, 0.27425778627658565, 0.0, 0.0, -0.5, 0.001768346595932765
'2014-03-03', 11.24, 11.33, 11.22, 11.31, 69800.0, 7.730999, 0.009999999999999787, 0.13000000000000078, 0.2928535849570946, 0.0, 0.0, -0.1, 0.0032621589561091175
'2014-02-28', 11.23, 11.39, 11.2, 11.3, 166100.0, 7.724163, 0.030000000000001137, 0.120000000000001, 0.2927000740234504, 0.0, 0.1, 0.0, 0.002671415850400695
'2014-02-27', 11.2, 11.31, 11.18, 11.22, 168700.0, 7.669479, 0.02999999999999936, 0.009999999999999787, 0.2939124964263268, 0.0, 0.5, 0.0, 0.002678571428571435
'2014-02-26', 11.17, 11.3, 11.14, 11.23, 149000.0, 7.676314, 0.0600000000000005, 0.019999999999999574, 0.29442014574791275, 0.0, 0.8, 0.0, 0.002685765443151294
'2014-02-25', 11.11, 11.23, 11.05, 11.19, 148400.0, 7.648972, 0.0, -0.05000000000000071, 0.2956078483396542, 1.0, 1.0, 0.0, 0.003086022888003089
'2014-02-24', 11.11, 11.18, 11.1, 11.11, 80200.0, 7.594287, -0.08000000000000007, -0.5899999999999999, 0.2901141537778228, 0.0, 0.8, 0.0, 0.002700270027002703
'2014-02-21', 11.19, 11.19, 11.1, 11.1, 152300.0, 7.587452, 0.03999999999999915, -0.5999999999999996, 0.2845104958032694, 0.0, 0.5, 0.0, 0.0015887200873796062
'2014-02-20', 11.15, 11.19, 11.08, 11.1, 238200.0, 7.587452, -0.009999999999999787, -0.629999999999999, 0.2812424813809843, 0.0, 0.1, 0.0, 0.0017937219730941641
'2014-02-19', 11.16, 11.25, 11.13, 11.15, 1449100.0, 7.621629, -0.5399999999999991, -0.7699999999999996, 0.27599436387159954, 0.0, 0.0, 0.0, 0.0015477354187031565
'2014-02-18', 11.7, 11.79, 11.65, 11.74, 75100.0, 8.024927, -0.08999999999999986, -0.26000000000000156, 0.27599436387159954, 0.0, 0.0, 0.0, -0.0024928774928774907
'2014-02-14', 11.79, 11.86, 11.77, 11.81, 23300.0, 8.072776, 0.009999999999999787, -0.15000000000000036, 0.29843685354787464, 0.0, 0.0, -0.1, -0.002870750962354013
'2014-02-13', 11.78, 11.9, 11.7, 11.87, 33300.0, 8.113789, -0.15000000000000036, 0.129999999999999, 0.3510042734782584, 0.0, 0.0, -0.5, -0.0026073247635217058
'2014-02-12', 11.93, 11.95, 11.62, 11.84, 64400.0, 8.093282, -0.030000000000001137, 0.379999999999999, 0.402774406116156, 0.0, 0.0, -0.8, -0.0032411288069293105
'2014-02-11', 11.96, 11.99, 11.85, 11.96, 58000.0, 8.089865, 0.02000000000000135, 0.5400000000000009, 0.4250831291249591, -1.0, 0.0, -1.0, 0.0
'2014-02-10', 11.94, 11.94, 11.73, 11.93, 55500.0, 8.069572, 0.28999999999999915, 0.5899999999999999, 0.4613078027617664, 0.0, 0.0, -0.8, 0.0016750418760470144
'2014-02-07', 11.65, 11.9, 11.64, 11.89, 74600.0, 8.042516, 0.09999999999999964, 0.16000000000000014, 0.49476548878118887, 0.0, 0.0, -0.5, 0.013304721030042939
'2014-02-06', 11.55, 11.67, 11.55, 11.58, 54300.0, 7.832829, 0.13000000000000078, 0.3600000000000012, 0.5365102256455342, 0.0, 0.0, -0.1, 0.011832611832611835
'2014-02-05', 11.42, 11.59, 11.41, 11.54, 46500.0, 7.805772, 0.07000000000000028, 0.3200000000000003, 0.6192884806148278, 0.0, 0.0, 0.0, 0.01182136602451841
'2014-02-04', 11.35, 11.42, 11.3, 11.42, 33800.0, 7.724603, -0.14000000000000057, 0.17999999999999972, 0.6758228729153485, 0.0, 0.1, 0.0, 0.010748898678414118
'2014-02-03', 11.49, 11.49, 11.3, 11.34, 46100.0, 7.67049, 0.3000000000000007, 0.3100000000000005, 0.7340333023023469, 0.0, 0.5, 0.0, 0.0068175224833188375
'2014-01-31', 11.19, 11.65, 11.18, 11.37, 120800.0, 7.690783, 0.08999999999999986, -0.19000000000000128, 0.7690788140510841, 0.0, 0.8, 0.0, 0.009830205540661323
'2014-01-30', 11.1, 11.24, 11.07, 11.18, 37300.0, 7.562265, -0.07000000000000028, -0.39000000000000057, 0.7967810238704232, 1.0, 1.0, 0.0, 0.009684684684684699
'2014-01-29', 11.17, 11.22, 11.1, 11.1, 25800.0, 7.508152, -0.009999999999999787, -0.33999999999999986, 0.8128441151632674, 0.0, 0.8, 0.0, 0.007858350741072325
'2014-01-28', 11.18, 11.25, 11.1, 11.15, 67100.0, 7.541972, -0.20000000000000107, -0.23000000000000043, 0.8132680301652639, 0.0, 0.5, -0.1, 0.006976744186046522
'2014-01-27', 11.38, 11.38, 11.04, 11.21, 74900.0, 7.582557, -0.10999999999999943, 0.3600000000000012, 0.8109767088037867, 0.0, 0.1, -0.5, 0.004633328007668957
'2014-01-24', 11.49, 11.57, 11.38, 11.38, 53400.0, 7.697547, -0.019999999999999574, 0.6699999999999999, 0.8003735933230736, 0.0, 0.0, -0.8, 0.0034087612416594188
'2014-01-23', 11.51, 11.55, 11.31, 11.44, 73200.0, 7.738131, 0.09999999999999964, 0.2599999999999998, 0.7846378499381451, -1.0, 0.1, -1.0, 0.0
'2014-01-22', 11.41, 11.57, 11.41, 11.51, 46900.0, 7.78548, 0.39000000000000057, -0.1899999999999995, 0.7681913100842059, 0.0, 0.5, -0.8, 0.008764241893076218
'2014-01-21', 11.02, 11.38, 11.02, 11.37, 73200.0, 7.690783, 0.1999999999999993, -0.5999999999999996, 0.7530247155453942, 0.0, 0.8, -0.5, 0.0222323049001815
'2014-01-17', 10.82, 10.98, 10.81, 10.9, 25700.0, 7.37287, -0.4299999999999997, -0.879999999999999, 0.7475028799647231, 1.0, 1.0, -0.1, 0.02125693160813307
'2014-01-16', 11.25, 11.31, 10.66, 10.86, 160900.0, 7.345813, -0.34999999999999964, -0.2599999999999998, 0.7456234527785005, 0.0, 0.8, -0.1, 0.005777777777777773
'2014-01-15', 11.6, 11.69, 11.25, 11.38, 76700.0, 7.697547, -0.019999999999999574, 0.02999999999999936, 0.7325320622486239, 0.0, 0.5, -0.5, -0.001551724137931032
'2014-01-14', 11.62, 11.68, 11.58, 11.6, 46300.0, 7.846357, -0.08000000000000007, 0.02999999999999936, 0.7026638994252908, 0.0, 0.1, -0.8, -0.0015777395295467503
'2014-01-13', 11.7, 11.71, 11.56, 11.61, 86000.0, 7.853121, 0.1899999999999995, 0.34999999999999964, 0.6683448876806709, -1.0, 0.0, -1.0, 0.0
'2014-01-10', 11.51, 11.72, 11.51, 11.7, 90500.0, 7.829446, -0.0600000000000005, 0.34999999999999964, 0.6248487817064221, 0.0, 0.0, -0.8, 0.016507384882710644
'2014-01-09', 11.57, 11.65, 11.51, 11.54, 82300.0, 7.722377, -0.019999999999999574, 0.7800000000000011, 0.5886636466513697, 0.0, 0.0, -0.5, 0.005617977528089844
'2014-01-08', 11.59, 11.68, 11.5, 11.57, 88500.0, 7.742452, 0.2400000000000002, 1.25, 0.5441012977582594, 0.0, 0.0, -0.1, 0.0031636468219729493
'2014-01-07', 11.35, 11.69, 11.2, 11.51, 113400.0, 7.702301, 0.1899999999999995, 1.1399999999999988, 0.4924745904330721, 0.0, 0.0, 0.0, 0.007709251101321578
'2014-01-06', 11.16, 11.37, 11.05, 11.35, 104000.0, 7.595232, 0.370000000000001, 0.8100000000000005, 0.4539559449990714, 0.0, 0.0, 0.0, 0.009677419354838694
'2014-01-03', 10.79, 11.05, 10.79, 11.05, 128200.0, 7.394477, 0.4499999999999993, 0.7399999999999984, 0.4305650034805687, 0.0, 0.0, 0.0, 0.014056224899598397
'2014-01-02', 10.34, 10.76, 10.34, 10.75, 106600.0, 7.193722, 0.129999999999999, 0.379999999999999, 0.43056500348056875, 0.0, 0.0, 0.0, 0.018789720917380487
'2013-12-31', 10.21, 10.43, 10.21, 10.42, 54700.0, 6.972891, -0.1399999999999988, 0.33000000000000007, 0.4403207164480605, 0.0, 0.0, 0.0, 0.018241919686581762
'2013-12-30', 10.35, 10.35, 10.16, 10.19, 65600.0, 6.818979, 0.29999999999999893, 1.049999999999999, 0.447245893093373, 0.0, 0.0, 0.0, 0.014492753623188403
'2013-12-27', 10.05, 10.43, 10.04, 10.31, 68900.0, 6.899281, 0.08999999999999986, 0.6000000000000014, 0.4579403163440988, 0.0, 0.1, 0.0, 0.01641791044776118
'2013-12-26', 9.96, 10.34, 9.96, 10.24, 92500.0, 6.852438, 0.08000000000000007, 0.6600000000000001, 0.46554734811115966, 0.0, 0.5, 0.0, 0.015881708652792977
'2013-12-24', 9.88, 9.94, 9.85, 9.94, 36500.0, 6.651683, 0.5800000000000001, 0.4300000000000015, 0.4680764420001882, 0.0, 0.8, 0.0, 0.015350877192982443
'2013-12-23', 9.3, 9.9, 9.3, 9.86, 119500.0, 6.598148, -0.14999999999999858, -0.28999999999999915, 0.4716703180070683, 1.0, 1.0, 0.0, 0.01985111662531016
'2013-12-20', 9.45, 9.65, 9.25, 9.25, 267900.0, 6.189947, 0.14999999999999858, -0.3500000000000014, 0.4403308099851999, 0.0, 0.8, 0.0, 0.017006802721088437
'2013-12-19', 9.3, 9.54, 9.3, 9.48, 118700.0, 6.343859, -0.14999999999999858, -0.9299999999999997, 0.4246169515640602, 0.0, 0.5, 0.0, 0.017204301075268807
'2013-12-18', 9.45, 9.5, 9.35, 9.48, 101000.0, 6.343859, -0.14000000000000057, -0.8600000000000012, 0.40884987736603534, 0.0, 0.1, 0.0, 0.014880952380952382
'2013-12-17', 9.59, 9.65, 9.25, 9.49, 187300.0, 6.350551, -0.21000000000000085, -0.9299999999999997, 0.4232619362364946, 0.0, 0.0, 0.0, 0.012942403238667726
'2013-12-16', 9.8, 9.91, 9.57, 9.63, 89600.0, 6.444237, -0.4299999999999997, -0.75, 0.4288238436571464, 0.0, 0.0, 0.0, 0.010770975056689334
'2013-12-13', 10.23, 10.23, 9.75, 9.84, 127000.0, 6.584765, -0.08000000000000007, -0.05999999999999872, 0.4439300495448452, 0.0, 0.0, 0.0, 0.007562895508566131
'2013-12-12', 10.31, 10.4, 10.13, 10.23, 57300.0, 6.845746, -0.20999999999999908, -0.009999999999999787, 0.4772049408331345, 0.0, 0.0, 0.0, 0.0067410281280310316
'2013-12-11', 10.52, 10.56, 10.44, 10.5, 63500.0, 6.942778, -0.030000000000001137, 0.02999999999999936, 0.5046446494536746, 0.0, 0.0, 0.0, 0.005341300018106101
'2013-12-10', 10.55, 10.6, 10.41, 10.49, 18100.0, 6.936166, 0.26000000000000156, 0.16999999999999993, 0.550531157660995, 0.0, 0.0, 0.0, 0.004954760878931488
'2013-12-09', 10.29, 10.54, 10.28, 10.54, 32400.0, 6.969227, -0.030000000000001137, -0.26000000000000156, 0.5912398460485858, 0.0, 0.0, 0.0, 0.0059576625681328444
'2013-12-06', 10.32, 10.49, 10.29, 10.32, 32300.0, 6.823759, -0.16999999999999993, -0.27999999999999936, 0.610799203230216, 0.0, 0.0, 0.0, 0.005571705426356585
'2013-12-05', 10.49, 10.49, 10.29, 10.38, 54500.0, 6.863432, 0.10999999999999943, -0.08000000000000007, 0.6307135289143206, 0.0, 0.0, 0.0, 0.004613918017159196
'2013-12-04', 10.38, 10.48, 10.34, 10.4, 27600.0, 6.876656, -0.16999999999999993, -0.1999999999999993, 0.6392086253068451, 0.0, 0.0, 0.0, 0.004891062694530897
'2013-12-03', 10.55, 10.6, 10.28, 10.42, 40500.0, 6.889881, -0.049999999999998934, 0.040000000000000924, 0.6530203331869197, 0.0, 0.0, 0.0, 0.00403721256801825
'2013-12-02', 10.6, 10.74, 10.53, 10.54, 41100.0, 6.969227, 0.02999999999999936, 0.049999999999998934, 0.6587315251467947, 0.0, 0.0, 0.0, 0.0037061994609164407
'2013-11-29', 10.57, 10.68, 10.52, 10.65, 27300.0, 7.041961, -0.009999999999999787, -0.02999999999999936, 0.6655190956438941, 0.0, 0.0, 0.0, 0.0036864254722213125
'2013-11-27', 10.58, 10.58, 10.4, 10.52, 28700.0, 6.956003, 0.07000000000000028, 0.0, 0.6604984649658334, 0.0, 0.0, 0.0, 0.003528670447385001
'2013-11-26', 10.51, 10.56, 10.46, 10.53, 36500.0, 6.962615, -0.040000000000000924, -0.21000000000000085, 0.6465842731015209, 0.0, 0.0, 0.0, 0.0036524354685245988
'2013-11-25', 10.55, 10.63, 10.52, 10.53, 23600.0, 6.962615, -0.049999999999998934, -0.23999999999999844, 0.6306752113586059, 0.0, 0.0, 0.0, 0.0034063981042653985
'2013-11-22', 10.6, 10.6, 10.37, 10.58, 51100.0, 6.995676, 0.019999999999999574, -0.15000000000000036, 0.6188641926052022, 0.0, 0.0, 0.0, 0.0031446540880503133
'2013-11-21', 10.58, 10.61, 10.51, 10.59, 22000.0, 7.002288, -0.14000000000000057, -0.09999999999999964, 0.6010332769489556, 0.0, 0.0, 0.0, 0.0031135327476926474
'2013-11-20', 10.72, 10.74, 10.58, 10.61, 40800.0, 7.015512, -0.06999999999999851, -0.08999999999999986, 0.5760217009800933, 0.0, 0.0, 0.0, 0.002611940298507459
'2013-11-19', 10.79, 10.8, 10.62, 10.69, 25900.0, 7.068409, 0.03999999999999915, -0.010000000000001563, 0.5602820718174016, 0.0, 0.0, 0.0, 0.002342704149933066
'2013-11-18', 10.75, 10.82, 10.68, 10.75, 23900.0, 7.108082, 0.07000000000000028, 0.0, 0.5456429438948351, 0.0, 0.0, 0.0, 0.00238843494657448
'2013-11-15', 10.68, 10.81, 10.68, 10.75, 29700.0, 7.108082, -0.13000000000000078, -0.22000000000000064, 0.5185788271805937, 0.0, 0.0, 0.0, 0.0025133057362507383
'2013-11-14', 10.81, 10.94, 10.58, 10.58, 75800.0, 6.995676, 0.009999999999999787, -0.1399999999999988, 0.481693886197448, 0.0, 0.0, 0.0, 0.002111055765079814
'2013-11-13', 10.8, 10.89, 10.68, 10.82, 63900.0, 7.154367, 0.05000000000000071, -0.3999999999999986, 0.45104865468027827, 0.0, 0.0, 0.0, 0.00208333333333333
'2013-11-12', 10.75, 10.98, 10.75, 10.86, 37500.0, 7.098164, -0.15000000000000036, -0.7899999999999991, 0.4105097102654483, 0.0, 0.0, 0.0, 0.0021554169030062378
'2013-11-11', 10.9, 10.95, 10.5, 10.66, 52800.0, 6.967443, -0.049999999999998934, -0.9699999999999989, 0.3626668198529089, 0.0, 0.0, 0.0, 0.0017474879860200937
'2013-11-08', 10.95, 11.08, 10.92, 10.92, 32600.0, 7.137381, -0.25, -0.8500000000000014, 0.3456949522339024, 0.0, 0.0, 0.0, 0.0015928639694170119
'2013-11-07', 11.2, 11.31, 10.95, 11.05, 53800.0, 7.22235, -0.33999999999999986, -0.6600000000000001, 0.32210488284960165, 0.0, 0.0, 0.0, 0.0010146103896103897
'2013-11-06', 11.54, 11.64, 11.15, 11.21, 72000.0, 7.326927, -0.33000000000000007, -0.370000000000001, 0.30904943869153934, 0.0, 0.0, 0.0, 0.00030810706720585434
'2013-11-05', 11.87, 11.87, 11.53, 11.55, 39900.0, 7.549153, 0.06999999999999851, -0.030000000000001137, 0.3168659022362613, 0.0, 0.0, 0.0, -0.0003113439068166
'2013-11-04', 11.8, 11.97, 11.75, 11.86, 43400.0, 7.75177, -0.05999999999999872, -0.3699999999999992, 0.3196089624664628, 0.0, 0.0, 0.0, -0.0001803101334295013
'2013-11-01', 11.86, 11.89, 11.8, 11.86, 12900.0, 7.75177, -0.05000000000000071, -0.3500000000000014, 0.3235772276014216, 0.0, 0.0, 0.0, -0.00028105677346824086
'2013-10-31', 11.91, 11.94, 11.84, 11.88, 25600.0, 7.764843, 0.009999999999999787, -0.22000000000000064, 0.33846204448291617, 0.0, 0.0, 0.0, -0.0003598416696653487
'2013-10-30', 11.9, 12.05, 11.89, 11.91, 24700.0, 7.784451, -0.2699999999999996, -0.33000000000000007, 0.36526702561277, 0.0, 0.0, 0.0, -0.0003361344537815144
'2013-10-29', 12.17, 12.17, 11.83, 11.86, 39000.0, 7.75177, -0.040000000000000924, 0.16999999999999993, 0.4351914010588394, 0.0, 0.0, 0.0, -0.0007572462016852767
'2013-10-28', 12.21, 12.23, 12.08, 12.21, 28200.0, 7.980533, 0.08000000000000007, -0.0799999999999983, 0.48371295436676315, 0.0, 0.0, 0.0, -0.0008032508032508056
'2013-10-25', 12.13, 12.23, 12.12, 12.18, 30600.0, 7.960925, -0.09999999999999964, 0.030000000000001137, 0.5302322342353606, 0.0, 0.0, -0.1, -0.0006688547029818499
'2013-10-24', 12.23, 12.23, 12.09, 12.18, 21800.0, 7.960925, 0.23000000000000043, 0.05000000000000071, 0.5774030943226174, 0.0, 0.0, -0.5, -0.0008025196087338377
'2013-10-23', 12.0, 12.35, 11.77, 12.18, 43500.0, 7.960925, -0.28999999999999915, 0.0, 0.6182510277656912, 0.0, 0.0, -0.8, -0.00045454545454545563
'2013-10-22', 12.29, 12.29, 11.88, 12.07, 74500.0, 7.889028, 0.1899999999999995, 0.5399999999999991, 0.6537710268553935, -1.0, 0.0, -1.0, 0.0
'2013-10-21', 12.1, 12.25, 12.06, 12.19, 27600.0, 7.96746, -0.08000000000000007, 0.15000000000000036, 0.6685523331963041, 0.0, 0.1, -0.8, 0.015702479338842935
'2013-10-18', 12.18, 12.33, 11.96, 12.06, 40000.0, 7.882492, 0.17999999999999972, 0.019999999999999574, 0.6913019118542442, 0.0, 0.5, -0.5, 0.004515599343185527
'2013-10-17', 12.0, 12.24, 11.96, 12.23, 39500.0, 7.993605, 0.25, -0.02999999999999936, 0.7086046539189222, 0.0, 0.8, -0.1, 0.008055555555555531
'2013-10-16', 11.75, 11.99, 11.52, 11.99, 41200.0, 7.836739, -0.1999999999999993, -0.21000000000000085, 0.7178787424690112, 1.0, 1.0, 0.0, 0.01148936170212764
'2013-10-15', 11.95, 11.95, 11.66, 11.67, 38800.0, 7.627586, -0.21000000000000085, -0.2400000000000002, 0.734554740415353, 0.0, 0.8, 0.0, 0.005690376569037654
'2013-10-14', 12.16, 12.16, 11.75, 12.01, 37500.0, 7.849812, 0.13000000000000078, -0.08999999999999986, 0.7348173620400892, 0.0, 0.5, 0.0, 0.0017817982456140213
'2013-10-11', 12.03, 12.15, 11.9, 12.15, 24600.0, 7.941316, 0.06999999999999851, -0.02000000000000135, 0.7297190479142565, 0.0, 0.1, -0.1, 0.003087519296995604
'2013-10-10', 11.96, 12.1, 11.5, 11.99, 95500.0, 7.836739, -0.22999999999999865, -0.129999999999999, 0.7251942268569619, 0.0, 0.0, -0.5, 0.0034489966555183767
'2013-10-09', 12.19, 12.28, 11.84, 11.92, 72800.0, 7.709286, -0.0600000000000005, -0.05000000000000071, 0.7131028443826786, 0.0, 0.0, -0.8, 0.0009114939385653053
'2013-10-08', 12.25, 12.48, 12.24, 12.28, 32400.0, 7.942117, 0.1999999999999993, 0.6699999999999999, 0.6869543086859725, -1.0, 0.0, -1.0, 0.0
'2013-10-07', 12.05, 12.28, 11.98, 12.28, 43200.0, 7.942117, -0.03999999999999915, 0.5899999999999999, 0.6495824299758526, 0.0, 0.1, -0.8, 0.016597510373443924
'2013-10-04', 12.09, 12.18, 11.76, 12.03, 53500.0, 7.780429, -0.15000000000000036, 0.9900000000000002, 0.6387640844283243, 0.0, 0.5, -0.5, 0.006617038875103397
'2013-10-03', 12.24, 13.75, 11.72, 11.9, 98700.0, 7.696351, 0.6600000000000001, 1.0, 0.6121089227689247, 0.0, 0.8, -0.1, 0.0002723311546840901
'2013-10-02', 11.58, 11.89, 11.58, 11.79, 60800.0, 7.625208, 0.11999999999999922, 0.17999999999999972, 0.5598770698406332, 1.0, 1.0, 0.0, 0.014464594127806561
'2013-10-01', 11.46, 11.55, 11.4, 11.54, 63100.0, 7.46352, 0.3600000000000012, 0.08000000000000007, 0.5421525000710901, 0.0, 0.8, 0.0, 0.01378708551483419
'2013-09-30', 11.1, 11.42, 11.04, 11.37, 40200.0, 7.353572, -0.14000000000000057, -0.5800000000000001, 0.5310304448271618, 0.0, 0.5, 0.0, 0.017267267267267274
'2013-09-27', 11.24, 11.3, 11.15, 11.15, 59500.0, 7.211287, -0.16000000000000014, -0.3699999999999992, 0.5706297690563762, 0.0, 0.1, -0.1, 0.012836807320793082
'2013-09-26', 11.4, 11.48, 11.15, 11.25, 78100.0, 7.275962, 0.019999999999999574, 0.05000000000000071, 0.569212809256979, 0.0, 0.0, -0.5, 0.009320175438596487
'2013-09-25', 11.38, 11.59, 11.38, 11.47, 48800.0, 7.418248, -0.29999999999999893, 0.26000000000000156, 0.5829332913998154, 0.0, 0.0, -0.8, 0.008494434680726413
'2013-09-24', 11.68, 11.84, 11.01, 11.39, 147100.0, 7.366508, 0.07000000000000028, 1.1400000000000006, 0.622991350038042, -1.0, 0.0, -1.0, 0.0
'2013-09-23', 11.61, 11.79, 11.49, 11.51, 94600.0, 7.444118, 0.2599999999999998, 1.0399999999999991, 0.6707852777818611, 0.0, 0.1, -0.8, 0.006029285099052565
'2013-09-20', 11.35, 11.98, 11.3, 11.56, 57400.0, 7.476455, 0.23000000000000043, 0.9000000000000004, 0.7080273064414018, 0.0, 0.5, -0.5, 0.014537444933920708
'2013-09-19', 11.12, 11.4, 11.02, 11.34, 88000.0, 7.33417, 0.5800000000000001, 0.7799999999999994, 0.7396591557377402, 0.0, 0.8, -0.1, 0.01678657074340529
'2013-09-18', 10.54, 11.15, 10.52, 11.01, 60700.0, 7.120742, -0.030000000000001137, 0.28999999999999915, 0.8253180531703452, 1.0, 1.0, 0.0, 0.02703984819734347
'2013-09-17', 10.57, 10.89, 10.46, 10.46, 170400.0, 6.765028, 0.120000000000001, 0.2699999999999996, 0.9364305752282025, 0.0, 0.8, 0.0, 0.021002838221381256
'2013-09-16', 10.45, 10.46, 10.21, 10.42, 94700.0, 6.739158, 0.10999999999999943, 0.06999999999999851, 1.0056166709481742, 0.0, 0.5, 0.0, 0.019617224880382783
'2013-09-13', 10.34, 10.35, 10.27, 10.3, 35700.0, 6.661548, 0.08999999999999986, 0.08999999999999986, 1.0545088377481189, 0.0, 0.1, -0.1, 0.018513401492124895
'2013-09-12', 10.25, 10.32, 10.17, 10.3, 68300.0, 6.661548, -0.05000000000000071, 0.07000000000000028, 1.0986570084526937, 0.0, 0.0, -0.5, 0.0174390243902439
'2013-09-11', 10.3, 10.44, 10.25, 10.27, 128500.0, 6.538665, -0.08000000000000007, -0.05999999999999872, 1.1380685392365433, 0.0, 0.1, -0.8, 0.014886731391585748
'2013-09-10', 10.38, 10.45, 10.2, 10.31, 132200.0, 6.564132, 0.13000000000000078, 0.120000000000001, 1.1573057312376689, -1.0, 0.5, -1.0, 0.0
'2013-09-09', 10.25, 10.38, 10.15, 10.29, 42300.0, 6.551398, 0.07000000000000028, -0.1899999999999995, 1.1782775092858595, 0.0, 0.8, -0.8, 0.012682926829268368
'2013-09-06', 10.18, 10.3, 10.15, 10.2, 91100.0, 6.494097, -0.17999999999999972, -0.0600000000000005, 1.1880142629147552, 1.0, 1.0, -0.5, 0.00982318271119848
'2013-09-05', 10.36, 10.45, 10.12, 10.12, 131600.0, 6.443163, 0.09999999999999964, 0.11999999999999922, 1.1788291743175607, 0.0, 0.8, -0.1, 0.000643500643500687
'2013-09-04', 10.26, 10.4, 10.25, 10.3, 56700.0, 6.557765, -0.17999999999999972, -0.16999999999999993, 1.1720504350164382, 0.0, 0.5, 0.0, 0.0029239766081871586
'2013-09-03', 10.44, 10.44, 10.22, 10.22, 64500.0, 6.506831, 0.1999999999999993, 0.09999999999999964, 1.1566448124736575, 0.0, 0.1, -0.1, -0.0011494252873562975
'2013-08-30', 10.24, 10.38, 10.1, 10.38, 7200.0, 6.608699, 0.0, -0.10999999999999943, 1.14819031523524, 0.0, 0.0, -0.5, 0.0022786458333333426
'2013-08-29', 10.24, 10.38, 10.22, 10.33, 24400.0, 6.576865, -0.1899999999999995, 0.4299999999999997, 1.1247101354966482, 0.0, 0.0, -0.8, 0.001953125000000008
'2013-08-28', 10.43, 10.46, 10.11, 10.2, 45800.0, 6.494097, 0.08999999999999986, 0.5399999999999991, 1.0943983126205314, -1.0, 0.1, -1.0, 0.0
'2013-08-27', 10.34, 10.44, 10.24, 10.34, 48200.0, 6.583232, -0.009999999999999787, 0.41000000000000014, 1.0639352528336592, 0.0, 0.5, -0.8, 0.008704061895551243
'2013-08-26', 10.35, 10.5, 10.21, 10.37, 64300.0, 6.602332, 0.5399999999999991, 0.29999999999999893, 1.0241937750684138, 0.0, 0.8, -0.5, 0.0038647342995169116
'2013-08-23', 9.81, 10.32, 9.81, 10.23, 52200.0, 6.513197, -0.08000000000000007, -1.4100000000000001, 0.9807165747554182, 1.0, 1.0, -0.1, 0.021066938498131134
'2013-08-22', 9.89, 9.9, 9.8, 9.84, 41100.0, 6.264894, -0.03999999999999915, -1.959999999999999, 0.8886191535185362, 0.0, 0.8, 0.0, 0.013650151668351849
'2013-08-21', 9.93, 10.26, 9.76, 9.79, 105100.0, 6.23306, -0.120000000000001, -1.2699999999999996, 0.7776689527041696, 0.0, 0.5, 0.0, 0.010070493454179255
'2013-08-20', 10.05, 10.38, 9.9, 9.9, 189900.0, 6.303094, -1.17, -1.6099999999999994, 0.64221491729794, 0.0, 0.1, 0.0, 0.006301824212271956
'2013-08-19', 11.22, 11.22, 9.87, 10.15, 146500.0, 6.462263, -0.629999999999999, -0.8300000000000001, 0.473162997520117, 0.0, 0.0, 0.0, -0.010058568882098304
'2013-08-16', 11.85, 11.86, 10.98, 11.07, 49900.0, 7.048005, 0.6500000000000004, -0.5099999999999998, 0.4119316286310954, 0.0, 0.0, 0.0, -0.014978902953586497
'2013-08-15', 11.2, 11.8, 10.68, 11.8, 182500.0, 7.512779, -0.46000000000000085, -1.0300000000000011, 0.41302528843751074, 0.0, 0.0, 0.0, -0.007638888888888885
'2013-08-14', 11.66, 11.73, 11.06, 11.17, 106700.0, 7.111673, -0.39000000000000057, -0.379999999999999, 0.33526854907670656, 0.0, 0.0, 0.0, -0.010548885077186968
'2013-08-13', 12.05, 12.07, 11.6, 11.6, 61200.0, 7.385444, -0.3099999999999987, -0.7299999999999986, 0.3026152672949598, 0.0, 0.0, 0.0, -0.012221803093172395
'2013-08-12', 12.36, 12.79, 12.11, 12.2, 223000.0, 7.665581, 0.129999999999999, -0.8900000000000006, 0.2887944290013611, 0.0, 0.0, 0.0, -0.013012405609492987
'2013-08-09', 12.23, 12.4, 12.21, 12.36, 34900.0, 7.766114, 0.19000000000000128, -0.6999999999999993, 0.281418825872676, 0.0, 0.0, 0.0, -0.011321466758915658
'2013-08-08', 12.04, 12.25, 12.01, 12.17, 45400.0, 7.646732, -0.7400000000000002, -0.75, 0.2687090537282946, 0.0, 0.0, 0.0, -0.009551495016611292
'2013-08-07', 12.78, 12.78, 11.8, 11.88, 129200.0, 7.464517, -0.47000000000000064, -0.11000000000000121, 0.23690621679380958, 0.0, 0.0, 0.0, -0.012258737610850286
'2013-08-06', 13.25, 13.55, 12.75, 12.8, 65600.0, 8.042577, 0.3200000000000003, 0.25, 0.2505859799217292, 0.0, 0.0, 0.0, -0.013301886792452831
'2013-08-05', 12.93, 13.25, 12.76, 13.19, 39700.0, 8.287624, 0.14000000000000057, 0.21999999999999886, 0.25667012984676546, 0.0, 0.0, 0.0, -0.01137345889631955
'2013-08-02', 12.79, 13.17, 12.71, 12.95, 44100.0, 8.136826, -0.10000000000000142, -0.05000000000000071, 0.2841329892067365, 0.0, 0.0, 0.0, -0.010251064199461384
'2013-08-01', 12.89, 12.99, 12.55, 12.74, 44000.0, 8.004878, -0.10999999999999943, 0.08000000000000007, 0.2864696997744941, 0.0, 0.0, 0.0, -0.010044506145114535
'2013-07-31', 13.0, 13.04, 12.82, 12.87, 34100.0, 8.08656, 0.28999999999999915, 0.5099999999999998, 0.3001275654710101, 0.0, 0.0, 0.0, -0.009884615384615386
'2013-07-30', 12.71, 13.05, 12.71, 12.95, 35000.0, 8.136826, -0.129999999999999, 0.19000000000000128, 0.30998369132728393, 0.0, 0.0, 0.0, -0.008542205237720583
'2013-07-29', 12.84, 12.94, 12.52, 12.56, 48100.0, 7.891779, 0.02999999999999936, 0.33000000000000007, 0.3413697897197895, 0.0, 0.0, 0.0, -0.008531577456811101
'2013-07-26', 12.81, 12.85, 12.63, 12.7, 22800.0, 7.979745, 0.3200000000000003, 0.11000000000000121, 0.3679800719241917, 0.0, 0.0, 0.0, -0.008077928248990262
'2013-07-25', 12.49, 12.93, 12.4, 12.72, 49600.0, 7.992311, -0.02999999999999936, -0.16000000000000014, 0.3832666608685567, 0.0, 0.0, -0.1, -0.006872164398185217
'2013-07-24', 12.52, 12.65, 12.32, 12.41, 28500.0, 7.79753, 0.009999999999999787, -0.11000000000000121, 0.3932830476330698, 0.0, 0.0, -0.5, -0.006677316293929712
'2013-07-23', 12.51, 12.56, 12.3, 12.32, 35300.0, 7.740981, -0.1899999999999995, 0.049999999999998934, 0.42144513284649504, 0.0, 0.0, -0.8, -0.00639488409272582
'2013-07-22', 12.7, 12.7, 12.35, 12.38, 36400.0, 7.77868, 0.049999999999998934, 0.17999999999999972, 0.4434856881067927, -1.0, 0.1, -1.0, 0.0
'2013-07-19', 12.65, 12.67, 12.53, 12.65, 20000.0, 7.948328, 0.019999999999999574, -0.02999999999999936, 0.4558991116464254, 0.0, 0.5, -0.8, 0.00395256916996039
'2013-07-18', 12.63, 12.65, 12.52, 12.65, 19300.0, 7.948328, 0.16999999999999993, -0.14999999999999858, 0.4537229942988953, 0.0, 0.8, -0.5, 0.002771179730799624
'2013-07-17', 12.46, 12.72, 12.46, 12.53, 17700.0, 7.872929, -0.05999999999999872, -0.03999999999999915, 0.46801958648472525, 1.0, 1.0, -0.1, 0.0064205457463884005
'2013-07-16', 12.52, 12.6, 12.34, 12.42, 33300.0, 7.803813, -0.16000000000000014, -0.08000000000000007, 0.4690307973778362, 0.0, 0.8, 0.0, 0.00359424920127795
'2013-07-15', 12.68, 12.68, 12.42, 12.51, 39400.0, 7.860363, -0.09999999999999964, 0.11999999999999922, 0.49677359028032064, 0.0, 0.5, 0.0, 0.00031545741324920466
'2013-07-12', 12.78, 12.92, 12.55, 12.55, 35600.0, 7.885496, 0.27999999999999936, 0.2599999999999998, 0.5070419662666548, 0.0, 0.1, 0.0, -0.0010432968179447063
'2013-07-11', 12.5, 12.79, 12.5, 12.79, 43900.0, 8.036294, -0.09999999999999964, -0.75, 0.52286826469219, 0.0, 0.0, 0.0, 0.0022857142857142776
'2013-07-10', 12.6, 12.66, 12.42, 12.6, 45400.0, 7.81638, 0.03999999999999915, -0.4399999999999995, 0.5116466879921469, 0.0, 0.0, -0.1, 0.0009920634920634885
'2013-07-09', 12.56, 12.91, 12.53, 12.61, 45700.0, 7.822583, 0.040000000000000924, -0.6899999999999995, 0.5723255677982204, 0.0, 0.0, -0.5, 0.0012384996461429474
'2013-07-08', 12.52, 12.66, 12.5, 12.56, 43500.0, 7.791566, -0.7300000000000004, -0.5899999999999999, 0.6070507941405452, 0.0, 0.0, -0.8, 0.00143769968051118
'2013-07-05', 13.25, 13.25, 12.5, 12.52, 40300.0, 7.766752, 0.21000000000000085, 0.5800000000000001, 0.6500943521264175, -1.0, 0.0, -1.0, 0.0
'2013-07-03', 13.04, 13.1, 12.87, 13.0, 17500.0, 8.064519, -0.21000000000000085, 0.08999999999999986, 0.7115867246279027, 0.0, 0.0, -0.8, 0.016104294478527674
'2013-07-02', 13.25, 13.35, 12.83, 13.13, 46400.0, 8.145164, 0.14000000000000057, 0.6699999999999999, 0.7650435717439017, 0.0, 0.0, -0.5, 0.0
'2013-07-01', 13.11, 13.35, 13.05, 13.29, 35600.0, 8.24442, 0.4399999999999995, 0.7999999999999989, 0.8141733367178159, 0.0, 0.0, -0.1, 0.0035596236969234825
'2013-06-28', 12.67, 13.27, 12.5, 13.14, 108300.0, 8.151368, -0.27999999999999936, 0.5399999999999991, 0.8552757190260667, 0.0, 0.0, 0.0, 0.011444356748224154
'2013-06-27', 12.95, 12.99, 12.35, 12.65, 60400.0, 7.847397, 0.3699999999999992, 0.9599999999999991, 0.8718203178790149, 0.0, 0.0, 0.0, 0.004633204633204644
'2013-06-26', 12.58, 12.91, 12.45, 12.64, 43600.0, 7.841194, 0.2699999999999996, -0.33000000000000007, 0.9010863197028103, 0.0, 0.1, 0.0, 0.008876523582405933
'2013-06-25', 12.31, 12.53, 12.2, 12.46, 57000.0, 7.729531, 0.17999999999999972, -0.9100000000000001, 0.9118696300580594, 0.0, 0.5, 0.0, 0.010908668910293599
'2013-06-24', 12.13, 12.17, 11.78, 12.16, 96200.0, 7.543427, 0.14000000000000057, -1.0899999999999999, 0.9135868869461732, 0.0, 0.8, 0.0, 0.011541632316570478
'2013-06-21', 11.99, 12.28, 11.11, 12.02, 315100.0, 7.456579, -0.9199999999999999, -1.5099999999999998, 0.8975140976918166, 1.0, 1.0, 0.0, 0.011676396997497913
'2013-06-20', 12.91, 12.91, 11.75, 11.98, 210300.0, 7.431764, -0.3100000000000005, -0.5899999999999999, 0.8459097009859989, 0.0, 0.8, 0.0, 0.0026336173508907813
'2013-06-19', 13.22, 13.31, 12.89, 13.0, 70400.0, 8.064519, 0.0, -0.129999999999999, 0.8497761796823653, 0.0, 0.5, 0.0, 0.00020629899601154833
'2013-06-18', 13.22, 13.35, 12.98, 13.17, 77300.0, 8.169978, -0.27999999999999936, -0.129999999999999, 0.8524185200553384, 0.0, 0.1, 0.0, 0.00018910741301058595
'2013-06-17', 13.5, 13.5, 13.15, 13.19, 33600.0, 8.182385, 0.0, -0.1999999999999993, 0.8499587571693634, 0.0, 0.0, 0.0, -0.0014245014245014246
'2013-06-14', 13.5, 13.65, 13.38, 13.48, 15900.0, 8.362286, 0.15000000000000036, -0.1899999999999995, 0.8449928336316759, 0.0, 0.0, -0.1, -0.0013227513227513227
'2013-06-13', 13.35, 13.58, 13.1, 13.45, 62200.0, 8.343675, 0.0, -0.15000000000000036, 0.8332983992677667, 0.0, 0.0, -0.5, -0.0004993757802746549
'2013-06-12', 13.35, 13.42, 13.26, 13.4, 7800.0, 8.312658, -0.34999999999999964, 0.34999999999999964, 0.8087963622294276, 0.0, 0.0, -0.8, -0.00046816479400748896
'2013-06-11', 13.7, 13.74, 13.42, 13.42, 70800.0, 8.225809, 0.009999999999999787, 0.06999999999999851, 0.7814914515776157, -1.0, 0.1, -1.0, 0.0
'2013-06-10', 13.69, 13.75, 13.55, 13.72, 32000.0, 8.409695, 0.1899999999999995, 0.1899999999999995, 0.7666202884522864, 0.0, 0.5, -0.8, 0.0007304601899196338
'2013-06-07', 13.5, 13.68, 13.4, 13.68, 52600.0, 8.385177, 0.5, -0.5299999999999994, 0.7472961632147962, 0.0, 0.8, -0.5, 0.007407407407407381
'2013-06-06', 13.0, 13.47, 13.0, 13.44, 59700.0, 8.238068, -0.6300000000000008, -0.7200000000000006, 0.7143395551136728, 1.0, 1.0, -0.1, 0.01794871794871793
'2013-06-05', 13.63, 13.63, 13.1, 13.27, 138600.0, 8.133867, 0.13000000000000078, -0.21999999999999886, 0.6354561790993581, 0.0, 0.8, 0.0, 0.001283932501834162
'2013-06-04', 13.5, 13.88, 13.4, 13.55, 62900.0, 8.305493, -0.5299999999999994, 0.1999999999999993, 0.5952198473393394, 0.0, 0.5, 0.0, 0.0029629629629629524
'2013-06-03', 14.03, 14.06, 13.51, 13.55, 81200.0, 8.305493, 0.3099999999999987, -0.6500000000000004, 0.5376807189732169, 0.0, 0.1, 0.0, -0.00392017106200998
'2013-05-31', 13.72, 13.98, 13.65, 13.92, 51400.0, 8.532285, -0.129999999999999, -0.8099999999999987, 0.5110165250643943, 0.0, 0.0, 0.0, -0.00020824656393170918
'2013-05-30', 13.85, 13.99, 13.7, 13.72, 64000.0, 8.409695, 0.5499999999999989, -0.9500000000000011, 0.456197934624386, 0.0, 0.0, 0.0, -0.0013537906137184147
'2013-05-29', 13.3, 13.9, 13.11, 13.76, 150900.0, 8.434213, -1.379999999999999, -1.6600000000000001, 0.4027681991198189, 0.0, 0.0, 0.0, 0.003341687552213856
'2013-05-28', 14.68, 14.68, 13.01, 13.38, 446700.0, 8.201291, 0.15000000000000036, -0.33999999999999986, 0.24034697141147143, 0.0, 0.0, 0.0, -0.006675749318801092
'2013-05-24', 14.53, 14.59, 14.26, 14.59, 37000.0, 8.942963, -0.27000000000000135, -0.5099999999999998, 0.22763542977508766, 0.0, 0.0, 0.0, -0.005193017581180005
'2013-05-23', 14.8, 14.8, 14.3, 14.63, 146200.0, 8.967481, -0.16000000000000014, -0.2599999999999998, 0.2017159719341363, 0.0, 0.0, 0.0, -0.006193693693693701
'2013-05-22', 14.96, 15.1, 14.75, 14.87, 136500.0, 9.114589, -0.05999999999999872, 0.0, 0.1939198001465782, 0.0, 0.0, 0.0, -0.006478815302344722
'2013-05-21', 15.02, 15.02, 14.88, 14.96, 71300.0, 9.169755, -0.019999999999999574, -0.14000000000000057, 0.1956212326580799, 0.0, 0.0, 0.0, -0.006277344493056878
'2013-05-20', 15.04, 15.22, 14.95, 15.04, 43800.0, 9.218791, -0.02000000000000135, -0.1700000000000017, 0.19767790861792203, 0.0, 0.0, 0.0, -0.0059397163120567375
'2013-05-17', 15.06, 15.13, 15.03, 15.13, 21700.0, 9.273957, 0.09999999999999964, -0.41999999999999993, 0.19783831782544037, 0.0, 0.0, 0.0, -0.005644090305444892
'2013-05-16', 14.96, 15.19, 14.95, 15.06, 62900.0, 9.23105, -0.1999999999999993, -0.6399999999999988, 0.20729903253244786, 0.0, 0.0, 0.0, -0.004954388172381257
'2013-05-15', 15.16, 15.49, 14.91, 15.04, 45900.0, 9.218791, -0.05000000000000071, -0.27999999999999936, 0.21597041978526182, 0.0, 0.0, 0.0, -0.005350337144532398
'2013-05-14', 15.21, 15.25, 14.89, 15.14, 53900.0, 9.280086, -0.2699999999999996, -0.3699999999999992, 0.22013026446477854, 0.0, 0.0, 0.0, -0.00522509429392021
'2013-05-13', 15.48, 15.54, 15.25, 15.25, 21600.0, 9.347511, -0.11999999999999922, 0.0600000000000005, 0.22808965099032635, 0.0, 0.0, -0.1, -0.005749354005167962
'2013-05-10', 15.6, 15.71, 15.53, 15.65, 114500.0, 9.494619, 0.16000000000000014, 0.15000000000000036, 0.23049921667738668, 0.0, 0.0, -0.5, -0.005799755799755802
'2013-05-09', 15.44, 15.68, 15.43, 15.59, 82500.0, 9.458218, -0.14000000000000057, 0.22999999999999865, 0.21974353738442953, 0.0, 0.0, -0.8, -0.00512246820536976
'2013-05-08', 15.58, 15.6, 15.12, 15.38, 151700.0, 9.330814, 0.16000000000000014, 0.4800000000000004, 0.21508034674408427, -1.0, 0.0, -1.0, 0.0
'2013-05-07', 15.42, 15.53, 15.39, 15.49, 70900.0, 9.397549, -0.02999999999999936, 0.4299999999999997, 0.21379637248767538, 0.0, 0.0, -0.8, 0.010376134889753577
